,Test Date,County,New Positives,Cumulative Number of Positives,Total Number of Tests Performed,Cumulative Number of Tests Performed,Positive Rate,7-day Average Positives,7-day Average Test Rate
0,2020-03-01,Albany,0,0,0,0,,,
1,2020-03-02,Albany,0,0,0,0,,,
2,2020-03-03,Albany,0,0,0,0,,,
3,2020-03-04,Albany,0,0,0,0,,,
4,2020-03-05,Albany,0,0,3,3,0.0,,
5,2020-03-06,Albany,0,0,0,3,,,
6,2020-03-07,Albany,0,0,5,8,0.0,0.0,
7,2020-03-08,Albany,0,0,2,10,0.0,0.0,
8,2020-03-09,Albany,0,0,3,13,0.0,0.0,
9,2020-03-10,Albany,0,0,2,15,0.0,0.0,
10,2020-03-11,Albany,0,0,13,28,0.0,0.0,
11,2020-03-12,Albany,1,1,11,39,0.09090909090909091,0.0,
12,2020-03-13,Albany,2,3,26,65,0.07692307692307693,0.0,0.023976023976023976
13,2020-03-14,Albany,3,6,108,173,0.027777777777777776,0.0,0.013972138972138972
14,2020-03-15,Albany,6,12,108,281,0.05555555555555555,0.0,0.01794039294039294
15,2020-03-16,Albany,11,23,140,421,0.07857142857142857,1.0,0.02355263783835212
16,2020-03-17,Albany,13,36,267,688,0.04868913857677903,2.0,0.027030433450979195
17,2020-03-18,Albany,7,43,331,1019,0.021148036253776436,3.0,0.028541007469106087
18,2020-03-19,Albany,18,61,450,1469,0.04,4.0,0.024904643832742452
19,2020-03-20,Albany,27,88,499,1968,0.05410821643286573,6.0,0.02327501094058451
20,2020-03-21,Albany,35,123,577,2545,0.060658578856152515,8.0,0.02562363958903985
21,2020-03-22,Albany,4,127,197,2742,0.02030456852791878,8.0,0.023105711944208646
22,2020-03-23,Albany,19,146,144,2886,0.13194444444444445,8.0,0.026918070220852637
23,2020-03-24,Albany,6,152,198,3084,0.030303030303030304,8.0,0.025604776772727728
24,2020-03-25,Albany,19,171,93,3177,0.20430107526881722,9.0,0.0386871367023735
25,2020-03-26,Albany,16,187,112,3289,0.14285714285714285,9.0,0.04603407547788369
26,2020-03-27,Albany,8,195,101,3390,0.07920792079207921,7.0,0.047826911503541805
27,2020-03-28,Albany,10,205,73,3463,0.136986301369863,5.0,0.05327889168309256
28,2020-03-29,Albany,12,217,61,3524,0.19672131147540983,6.0,0.06588008760791335
29,2020-03-30,Albany,9,226,72,3596,0.125,5.0,0.06538405586188159
30,2020-03-31,Albany,14,240,108,3704,0.12962962962962962,6.0,0.0724788129566387
31,2020-04-01,Albany,13,253,106,3810,0.12264150943396226,5.0,0.06664598682557762
32,2020-04-02,Albany,14,267,105,3915,0.13333333333333333,5.0,0.06596571471673408
33,2020-04-03,Albany,26,293,123,4038,0.21138211382113822,7.0,0.07540672850452403
34,2020-04-04,Albany,12,305,117,4155,0.10256410256410256,7.0,0.07294800001839828
35,2020-04-05,Albany,14,319,89,4244,0.15730337078651685,7.0,0.0701324328263345
36,2020-04-06,Albany,14,333,86,4330,0.16279069767441862,7.0,0.07283176837450724
37,2020-04-07,Albany,9,342,74,4404,0.12162162162162163,7.0,0.07225976780250667
38,2020-04-08,Albany,37,379,229,4633,0.1615720524017467,9.0,0.07504052087163414
39,2020-04-09,Albany,47,426,332,4965,0.14156626506024098,11.0,0.07562858742355609
40,2020-04-10,Albany,20,446,159,5124,0.12578616352201258,10.0,0.06951459097361855
41,2020-04-11,Albany,32,478,223,5347,0.14349775784753363,12.0,0.07243842349386363
42,2020-04-12,Albany,21,499,193,5540,0.10880829015544041,12.0,0.06897448916307246
43,2020-04-13,Albany,36,535,216,5756,0.16666666666666666,14.0,0.06925134409109018
44,2020-04-14,Albany,13,548,106,5862,0.12264150943396226,14.0,0.06932419322054308
45,2020-04-15,Albany,33,581,301,6163,0.10963455149501661,14.0,0.06561437172720522
46,2020-04-16,Albany,38,619,273,6436,0.1391941391941392,13.0,0.0654449341653408
47,2020-04-17,Albany,29,648,291,6727,0.09965635738831616,14.0,0.06357851944150535
48,2020-04-18,Albany,34,682,305,7032,0.11147540983606558,14.0,0.06129120886925764
49,2020-04-19,Albany,5,687,103,7135,0.04854368932038835,13.0,0.05698659452389677
50,2020-04-20,Albany,17,704,164,7299,0.10365853658536585,12.0,0.052486013803803855
51,2020-04-21,Albany,33,737,236,7535,0.13983050847457626,13.0,0.05371379944956199
52,2020-04-22,Albany,21,758,178,7713,0.11797752808988764,12.0,0.05430972634919563
53,2020-04-23,Albany,47,805,319,8032,0.14733542319749215,13.0,0.05489124663514943
54,2020-04-24,Albany,94,899,626,8658,0.1501597444089457,17.0,0.058498631422337244
55,2020-04-25,Albany,49,948,402,9060,0.12189054726368159,19.0,0.059242569810024105
56,2020-04-26,Albany,31,979,263,9323,0.11787072243346007,20.0,0.06419450074667209
57,2020-04-27,Albany,30,1009,197,9520,0.15228426395939088,21.0,0.06766776698767388
58,2020-04-28,Albany,58,1067,351,9871,0.16524216524216523,23.0,0.06948288532821593
59,2020-04-29,Albany,98,1165,439,10310,0.22323462414578588,29.0,0.07700124933220867
60,2020-04-30,Albany,39,1204,378,10688,0.10317460317460317,28.0,0.07384690504485947
61,2020-05-01,Albany,34,1238,434,11122,0.07834101382488479,24.0,0.06871699571742654
62,2020-05-02,Albany,20,1258,441,11563,0.045351473922902494,22.0,0.06324991905022803
63,2020-05-03,Albany,29,1287,391,11954,0.0741687979539642,22.0,0.06012835301597833
64,2020-05-04,Albany,7,1294,130,12084,0.05384615384615385,20.0,0.053097059436461404
65,2020-05-05,Albany,27,1321,367,12451,0.07356948228882834,18.0,0.046549010654080195
66,2020-05-06,Albany,27,1348,407,12858,0.06633906633906633,13.0,0.03534218509645737
67,2020-05-07,Albany,36,1384,385,13243,0.09350649350649351,12.0,0.03465160583444953
68,2020-05-08,Albany,32,1416,488,13731,0.06557377049180328,12.0,0.033739659882086576
69,2020-05-09,Albany,16,1432,455,14186,0.035164835164835165,12.0,0.03301204282793891
70,2020-05-10,Albany,24,1456,384,14570,0.0625,12.0,0.03217855725979861
71,2020-05-11,Albany,23,1479,341,14911,0.06744868035190615,13.0,0.03315016629592377
72,2020-05-12,Albany,15,1494,335,15246,0.04477611940298507,12.0,0.03109349751836354
73,2020-05-13,Albany,15,1509,546,15792,0.027472527472527472,11.0,0.02831731617075362
74,2020-05-14,Albany,29,1538,541,16333,0.053604436229205174,11.0,0.02546716922237588
75,2020-05-15,Albany,34,1572,482,16815,0.07053941908713693,11.0,0.025821858407756852
76,2020-05-16,Albany,7,1579,411,17226,0.0170316301703163,10.0,0.02452662947957694
77,2020-05-17,Albany,31,1610,342,17568,0.09064327485380116,11.0,0.02653686339770559
78,2020-05-18,Albany,45,1655,398,17966,0.11306532663316583,12.0,0.02979519527493843
79,2020-05-19,Albany,27,1682,697,18663,0.03873744619799139,13.0,0.029363861474581737
80,2020-05-20,Albany,18,1700,650,19313,0.027692307692307693,13.0,0.029379560061708887
81,2020-05-21,Albany,56,1756,920,20233,0.06086956521739131,15.0,0.029898497846579324
82,2020-05-22,Albany,14,1770,655,20888,0.021374045801526718,14.0,0.026386685469035744
83,2020-05-23,Albany,12,1782,438,21326,0.0273972602739726,14.0,0.02712708761929691
84,2020-05-24,Albany,9,1791,378,21704,0.023809523809523808,12.0,0.02235324825899138
85,2020-05-25,Albany,2,1793,328,22032,0.006097560975609756,9.0,0.014712693569165948
86,2020-05-26,Albany,3,1796,369,22401,0.008130081300813009,8.0,0.012526453219367491
87,2020-05-27,Albany,18,1814,666,23067,0.02702702702702703,8.0,0.012478933171847445
88,2020-05-28,Albany,20,1834,416,23483,0.04807692307692308,5.0,0.011565173018956858
89,2020-05-29,Albany,9,1843,521,24004,0.01727447216890595,5.0,0.011272346330912517
90,2020-05-30,Albany,17,1860,760,24764,0.02236842105263158,5.0,0.010913143529388158
91,2020-05-31,Albany,22,1882,537,25301,0.040968342644320296,6.0,0.012138773446159335
92,2020-06-01,Albany,18,1900,618,25919,0.02912621359223301,7.0,0.013783677204489567
93,2020-06-02,Albany,20,1920,1170,27089,0.017094017094017096,8.0,0.014423958332575574
94,2020-06-03,Albany,10,1930,817,27906,0.012239902080783354,8.0,0.013367735122129598
95,2020-06-04,Albany,11,1941,1179,29085,0.009329940627650551,7.0,0.010600093518610132
96,2020-06-05,Albany,12,1953,1164,30249,0.010309278350515464,7.0,0.010102579674439381
97,2020-06-06,Albany,8,1961,751,31000,0.010652463382157125,7.0,0.009265725555119777
98,2020-06-07,Albany,17,1978,1194,32194,0.01423785594639866,6.0,0.007356405076696805
99,2020-06-08,Albany,5,1983,616,32810,0.008116883116883116,5.0,0.005855738614171812
100,2020-06-09,Albany,3,1986,569,33379,0.005272407732864675,4.0,0.005011337945518067
101,2020-06-10,Albany,10,1996,774,34153,0.012919896640826873,4.0,0.005059908985521176
102,2020-06-11,Albany,11,2007,1103,35256,0.009972801450589302,4.0,0.005105827615731087
103,2020-06-12,Albany,9,2016,739,35995,0.012178619756427604,4.0,0.005239352001867668
104,2020-06-13,Albany,4,2020,874,36869,0.004576659038901602,4.0,0.0048053659773494165
105,2020-06-14,Albany,2,2022,496,37365,0.004032258064516129,3.0,0.004076394700072094
106,2020-06-15,Albany,4,2026,577,37942,0.006932409012131715,3.0,0.0039917894068755636
107,2020-06-16,Albany,3,2029,592,38534,0.005067567567567568,3.0,0.003977157966497199
108,2020-06-17,Albany,5,2034,843,39377,0.005931198102016607,2.0,0.003477965213725037
109,2020-06-18,Albany,15,2049,1070,40447,0.014018691588785047,3.0,0.0037669573664533044
110,2020-06-19,Albany,4,2053,610,41057,0.006557377049180328,2.0,0.0033654400302213566
111,2020-06-20,Albany,1,2054,784,41841,0.0012755102040816326,2.0,0.003129643684877073
112,2020-06-21,Albany,6,2060,931,42772,0.00644468313641246,2.0,0.003301959761441097
113,2020-06-22,Albany,2,2062,427,43199,0.00468384074941452,2.0,0.0031413477426755834
114,2020-06-23,Albany,3,2065,586,43785,0.005119453924914676,2.0,0.0031450539110575194
115,2020-06-24,Albany,11,2076,1325,45110,0.00830188679245283,3.0,0.00331438881751725
116,2020-06-25,Albany,8,2084,630,45740,0.012698412698412698,2.0,0.003220083182490653
117,2020-06-26,Albany,7,2091,799,46539,0.008760951188986232,2.0,0.003377481335333932
118,2020-06-27,Albany,6,2097,762,47301,0.007874015748031496,3.0,0.0038488031599017794
119,2020-06-28,Albany,2,2099,514,47815,0.0038910505836575876,2.0,0.003666400834705003
120,2020-06-29,Albany,3,2102,543,48358,0.0055248618784530384,2.0,0.0037264737724934686
121,2020-06-30,Albany,10,2112,731,49089,0.013679890560875513,3.0,0.004337933532204957
122,2020-07-01,Albany,13,2125,928,50017,0.014008620689655173,3.0,0.004745557382005125
123,2020-07-02,Albany,5,2130,805,50822,0.006211180124223602,3.0,0.004282183626705903
124,2020-07-03,Albany,15,2145,970,51792,0.015463917525773196,3.0,0.0047609669364764
125,2020-07-04,Albany,7,2152,1098,52890,0.006375227686703097,3.0,0.004653910646381515
126,2020-07-05,Albany,8,2160,626,53516,0.012779552715654952,4.0,0.0052888036558098985
127,2020-07-06,Albany,4,2164,421,53937,0.009501187648456057,4.0,0.005572826925095828
128,2020-07-07,Albany,11,2175,1020,54957,0.010784313725490196,4.0,0.005366000008282591
129,2020-07-08,Albany,8,2183,1260,56217,0.006349206349206349,4.0,0.004818898983964817
130,2020-07-09,Albany,7,2190,625,56842,0.0112,4.0,0.005175243260805989
131,2020-07-10,Albany,18,2208,1252,58094,0.01437699680511182,4.0,0.005097606066473034
132,2020-07-11,Albany,11,2219,815,58909,0.013496932515337423,4.0,0.0056062992685183425
133,2020-07-12,Albany,6,2225,594,59503,0.010101010101010102,4.0,0.005414974796043711
134,2020-07-13,Albany,22,2247,1139,60642,0.019315188762071993,5.0,0.006115974875587707
135,2020-07-14,Albany,33,2280,860,61502,0.03837209302325582,7.0,0.008086530539713822
136,2020-07-15,Albany,10,2290,1065,62567,0.009389671361502348,7.0,0.00830370661202068
137,2020-07-16,Albany,20,2310,1098,63665,0.018214936247723135,8.0,0.008804773486858045
138,2020-07-17,Albany,5,2315,816,64481,0.006127450980392157,7.0,0.008215520213663783
139,2020-07-18,Albany,3,2318,335,64816,0.008955223880597015,7.0,0.00789111245403947
140,2020-07-19,Albany,4,2322,877,65693,0.004561003420752566,6.0,0.007495397691163931
141,2020-07-20,Albany,29,2351,1354,67047,0.02141802067946824,7.0,0.007645599970977948
142,2020-07-21,Albany,18,2369,981,68028,0.01834862385321101,6.0,0.006215352173117605
143,2020-07-22,Albany,32,2401,975,69003,0.03282051282051282,7.0,0.007888983705904068
144,2020-07-23,Albany,25,2426,896,69899,0.027901785714285716,8.0,0.008580901524944251
145,2020-07-24,Albany,12,2438,632,70531,0.0189873417721519,8.0,0.00949946515292709
146,2020-07-25,Albany,13,2451,817,71348,0.01591187270501836,9.0,0.009996368640385759
147,2020-07-26,Albany,2,2453,820,72168,0.0024390243902439024,9.0,0.00984479870963514
148,2020-07-27,Albany,15,2468,929,73097,0.016146393972012917,8.0,0.009468253944816901
149,2020-07-28,Albany,12,2480,843,73940,0.014234875444839857,7.0,0.009174414772790391
150,2020-07-29,Albany,13,2493,763,74703,0.01703800786369594,6.0,0.008047092990160614
151,2020-07-30,Albany,10,2503,745,75448,0.013422818791946308,5.0,0.00701288106713637
152,2020-07-31,Albany,12,2515,1055,76503,0.011374407582938388,5.0,0.00646910005362112
153,2020-08-01,Albany,6,2521,463,76966,0.012958963282937365,5.0,0.006258177952043906
154,2020-08-02,Albany,10,2531,529,77495,0.01890359168241966,5.0,0.007434218472913602
155,2020-08-03,Albany,12,2543,770,78265,0.015584415584415584,5.0,0.007394077159513793
156,2020-08-04,Albany,13,2556,1218,79483,0.010673234811165846,5.0,0.007139674257108507
157,2020-08-05,Albany,9,2565,800,80283,0.01125,5.0,0.006726245123987369
158,2020-08-06,Albany,8,2573,757,81040,0.010568031704095112,5.0,0.006522331760569425
159,2020-08-07,Albany,8,2581,946,81986,0.008456659619450317,4.0,0.006313921191748849
160,2020-08-08,Albany,14,2595,903,82889,0.015503875968992248,5.0,0.006495700669324199
161,2020-08-09,Albany,5,2600,739,83628,0.006765899864682003,4.0,0.0056287226823429366
162,2020-08-10,Albany,14,2614,1127,84755,0.012422360248447204,5.0,0.005402861586916623
163,2020-08-11,Albany,10,2624,1451,86206,0.006891798759476223,4.0,0.0051327590117959355
164,2020-08-12,Albany,12,2636,1052,87258,0.011406844106463879,5.0,0.0051439621622576415
165,2020-08-13,Albany,3,2639,1173,88431,0.0025575447570332483,4.0,0.0045717845231817945
166,2020-08-14,Albany,4,2643,1109,89540,0.0036068530207394047,4.0,0.004225369766131015
167,2020-08-15,Albany,11,2654,1142,90682,0.009632224168126095,4.0,0.0038059660660691476
168,2020-08-16,Albany,3,2657,700,91382,0.004285714285714286,4.0,0.003628809953285738
169,2020-08-17,Albany,4,2661,991,92373,0.004036326942482341,3.0,0.0030298075742882483
170,2020-08-18,Albany,14,2675,1197,93570,0.011695906432748537,3.0,0.003372958122379128
171,2020-08-19,Albany,9,2684,1750,95320,0.005142857142857143,3.0,0.002925530482121504
172,2020-08-20,Albany,7,2691,1443,96763,0.004851004851004851,3.0,0.0030893490602623324
173,2020-08-21,Albany,2,2693,1336,98099,0.0014970059880239522,3.0,0.0029386457007826577
174,2020-08-22,Albany,6,2699,1263,99362,0.004750593824228029,3.0,0.0025899578190756527
175,2020-08-23,Albany,2,2701,490,99852,0.004081632653061225,3.0,0.002575380559600434
176,2020-08-24,Albany,10,2711,972,100824,0.0102880658436214,3.0,0.003021933338253224
177,2020-08-25,Albany,7,2718,1042,101866,0.0067178502879078695,3.0,0.002666357899336034
178,2020-08-26,Albany,18,2736,1266,103132,0.014218009478672985,3.0,0.0033145830661800223
179,2020-08-27,Albany,10,2746,1264,104396,0.007911392405063292,3.0,0.0035331821771841967
180,2020-08-28,Albany,8,2754,1183,105579,0.006762468300929839,4.0,0.003909286628106046
181,2020-08-29,Albany,10,2764,1519,107098,0.0065832784726793945,4.0,0.004040192674424
182,2020-08-30,Albany,6,2770,594,107692,0.010101010101010102,4.0,0.004470148206420348
183,2020-08-31,Albany,16,2786,841,108533,0.019024970273483946,5.0,0.005094212808553387
184,2020-09-01,Albany,5,2791,1116,109649,0.004480286738351254,5.0,0.004934386840727915
185,2020-09-02,Albany,11,2802,1655,111304,0.006646525679758308,4.0,0.004393566569376867
186,2020-09-03,Albany,17,2819,899,112203,0.018909899888765295,5.0,0.005179174246784153
187,2020-09-04,Albany,4,2823,996,113199,0.004016064257028112,4.0,0.004983002529362601
188,2020-09-05,Albany,8,2831,824,114023,0.009708737864077669,4.0,0.005206249628748191
189,2020-09-06,Albany,2,2833,727,114750,0.002751031636863824,4.0,0.0046812511670234576
190,2020-09-07,Albany,7,2840,665,115415,0.010526315789473684,3.0,0.004074204418165582
191,2020-09-08,Albany,6,2846,499,115914,0.012024048096192385,3.0,0.0046130445151542345
192,2020-09-09,Albany,13,2859,724,116638,0.017955801104972375,4.0,0.005420849902669525
193,2020-09-10,Albany,23,2882,1326,117964,0.017345399698340876,4.0,0.005309099889067781
194,2020-09-11,Albany,14,2896,1386,119350,0.010101010101010102,5.0,0.0057437388779236365
195,2020-09-12,Albany,19,2915,844,120194,0.022511848341232227,6.0,0.006658246769148962
196,2020-09-13,Albany,6,2921,555,120749,0.010810810810810811,6.0,0.007233945281573747
197,2020-09-14,Albany,15,2936,797,121546,0.018820577164366373,6.0,0.00782639252263751
198,2020-09-15,Albany,12,2948,997,122543,0.012036108324974924,7.0,0.00782725396755055
199,2020-09-16,Albany,21,2969,1084,123627,0.01937269372693727,7.0,0.007928460583405184
200,2020-09-17,Albany,10,2979,1229,124856,0.008136696501220505,6.0,0.007270696069325158
201,2020-09-18,Albany,27,3006,1322,126178,0.02042360060514372,7.0,0.008008023962477559
202,2020-09-19,Albany,10,3016,1147,127325,0.008718395815170008,7.0,0.0070227773534731145
203,2020-09-20,Albany,8,3024,669,127994,0.01195814648729447,7.0,0.007104729901793376
204,2020-09-21,Albany,13,3037,776,128770,0.01675257731958763,7.0,0.006957015627166323
205,2020-09-22,Albany,6,3043,869,129639,0.006904487917146145,6.0,0.006590471312321411
206,2020-09-23,Albany,10,3053,1519,131158,0.0065832784726793945,6.0,0.00567694165130299
207,2020-09-24,Albany,10,3063,1348,132506,0.00741839762611276,6.0,0.005625634588795295
208,2020-09-25,Albany,19,3082,1202,133708,0.015806988352745424,5.0,0.005295876570766844
209,2020-09-26,Albany,13,3095,1091,134799,0.011915673693858845,5.0,0.005524253562101762
210,2020-09-27,Albany,9,3104,789,135588,0.011406844106463879,5.0,0.005484874820613862
211,2020-09-28,Albany,12,3116,939,136527,0.012779552715654952,5.0,0.005201087348904386
212,2020-09-29,Albany,4,3120,925,137452,0.004324324324324324,5.0,0.005016789949417113
213,2020-09-30,Albany,13,3133,1496,138948,0.008689839572192513,5.0,0.005167258599382336
214,2020-10-01,Albany,20,3153,1343,140291,0.014892032762472078,6.0,0.005701089680550858
215,2020-10-02,Albany,22,3175,1783,142074,0.012338754907459339,6.0,0.0054533587201732805
216,2020-10-03,Albany,15,3190,1052,143126,0.014258555133079848,6.0,0.005620707394403353
217,2020-10-04,Albany,11,3201,833,143959,0.013205282112845138,6.0,0.005749167252002013
218,2020-10-05,Albany,17,3218,1061,145020,0.016022620169651274,7.0,0.005980814927287465
219,2020-10-06,Albany,15,3233,1328,146348,0.011295180722891566,8.0,0.006478733241470839
220,2020-10-07,Albany,18,3251,2089,148437,0.00861656294877932,8.0,0.006473499196941326
221,2020-10-08,Albany,17,3268,2240,150677,0.007589285714285714,8.0,0.0059518744077851566
222,2020-10-09,Albany,12,3280,2225,152902,0.005393258426966292,7.0,0.005455767516321368
223,2020-10-10,Albany,13,3293,1823,154725,0.007131102578167855,7.0,0.0049466637623990835
224,2020-10-11,Albany,11,3304,819,155544,0.013431013431013432,7.0,0.004962787427982533
225,2020-10-12,Albany,20,3324,1393,156937,0.014357501794687724,7.0,0.004843850401199422
226,2020-10-13,Albany,19,3343,1278,158215,0.01486697965571205,7.0,0.005098978896400884
227,2020-10-14,Albany,26,3369,1823,160038,0.01426220515633571,8.0,0.005502239054083484
228,2020-10-15,Albany,14,3383,3007,163045,0.004655803126039242,8.0,0.00529270458349445
229,2020-10-16,Albany,15,3398,1318,164363,0.011380880121396054,8.0,0.005720391847382292
230,2020-10-17,Albany,18,3416,1354,165717,0.013293943870014771,8.0,0.006160594796799927
231,2020-10-18,Albany,11,3427,769,166486,0.014304291287386216,8.0,0.00622297178654084
232,2020-10-19,Albany,9,3436,997,167483,0.009027081243731194,8.0,0.005842227461472517
233,2020-10-20,Albany,24,3460,1466,168949,0.01637107776261937,8.0,0.005949663040537326
234,2020-10-21,Albany,28,3488,1454,170403,0.01925722145804677,8.0,0.006306449919230973
235,2020-10-22,Albany,28,3516,1856,172259,0.015086206896551725,9.0,0.007051478759981865
236,2020-10-23,Albany,33,3549,2694,174953,0.012249443207126948,10.0,0.007113518980391213
237,2020-10-24,Albany,28,3577,1148,176101,0.024390243902439025,11.0,0.00790611183985009
238,2020-10-25,Albany,13,3590,809,176910,0.016069221260815822,11.0,0.008032178266523632
239,2020-10-26,Albany,23,3613,1212,178122,0.018976897689768978,12.0,0.008742879441240617
240,2020-10-27,Albany,14,3627,1082,179204,0.012939001848428836,11.0,0.008497731161655581
241,2020-10-28,Albany,33,3660,2240,181444,0.014732142857142857,12.0,0.008174511261591013
242,2020-10-29,Albany,45,3705,2037,183481,0.022091310751104567,13.0,0.008674875822630504
243,2020-10-30,Albany,19,3724,1581,185062,0.012017710309930424,12.0,0.008658323472830751
244,2020-10-31,Albany,26,3750,1578,186640,0.016476552598225603,12.0,0.008093059808244077
245,2020-11-01,Albany,21,3771,905,187545,0.023204419889502764,12.0,0.008602716853150286
246,2020-11-02,Albany,31,3802,1432,188977,0.02164804469273743,13.0,0.008793513067648034
247,2020-11-03,Albany,43,3845,1169,190146,0.036783575705731396,15.0,0.010496696914598218
248,2020-11-04,Albany,32,3877,2982,193128,0.010731052984574111,15.0,0.010210904780843308
249,2020-11-05,Albany,65,3942,3059,196187,0.02124877410918601,16.0,0.01015072359213484
250,2020-11-06,Albany,82,4024,2976,199163,0.027553763440860215,21.0,0.011260441672915537
251,2020-11-07,Albany,25,4049,2845,202008,0.008787346221441126,21.0,0.01071121264600236
252,2020-11-08,Albany,46,4095,976,202984,0.0471311475409836,23.0,0.012420264621108134
253,2020-11-09,Albany,97,4192,1767,204751,0.054895302773061684,27.0,0.014795068769702725
254,2020-11-10,Albany,60,4252,4990,209741,0.012024048096192385,29.0,0.013026531083307081
255,2020-11-11,Albany,84,4336,2714,212455,0.030950626381724394,32.0,0.014470786325960673
256,2020-11-12,Albany,89,4425,3923,216378,0.022686719347438183,34.0,0.01457349670012154
257,2020-11-13,Albany,89,4514,3012,219390,0.02954847277556441,35.0,0.014715975938314698
258,2020-11-14,Albany,15,4529,1000,220390,0.015,34.0,0.015159736922497476
259,2020-11-15,Albany,43,4572,1955,222345,0.021994884910485932,34.0,0.013364289591747642
260,2020-11-16,Albany,81,4653,1773,224118,0.04568527918781726,32.0,0.012706430764230184
261,2020-11-17,Albany,77,4730,1628,225746,0.0472972972972973,34.0,0.015225948564309104
262,2020-11-18,Albany,92,4822,2566,228312,0.03585346843335931,34.0,0.015576151567997314
263,2020-11-19,Albany,84,4906,4662,232974,0.018018018018018018,34.0,0.015242672901610159
264,2020-11-20,Albany,107,5013,2351,235325,0.045512547851977884,35.0,0.016382963978496836
265,2020-11-21,Albany,95,5108,3915,239240,0.024265644955300127,41.0,0.017044795761018274
266,2020-11-22,Albany,40,5148,1827,241067,0.021893814997263273,41.0,0.01703757648150237
267,2020-11-23,Albany,85,5233,2269,243336,0.0374614367562803,41.0,0.016450159164964017
268,2020-11-24,Albany,91,5324,2282,245618,0.03987730061349693,42.0,0.01592015940183542
269,2020-11-25,Albany,102,5426,2909,248527,0.035063595737366796,43.0,0.01586373992355024
270,2020-11-26,Albany,129,5555,2300,250827,0.05608695652173913,46.0,0.01858294981667317
271,2020-11-27,Albany,63,5618,1911,252738,0.03296703296703297,43.0,0.017686841610605682
272,2020-11-28,Albany,94,5712,2465,255203,0.03813387423935091,43.0,0.018677429416609305
273,2020-11-29,Albany,104,5816,2187,257390,0.04755372656607224,47.0,0.0205102802429528
274,2020-11-30,Albany,152,5968,2826,260216,0.0537862703467799,52.0,0.021676339785131345
275,2020-12-01,Albany,170,6138,2656,262872,0.06400602409638555,58.0,0.023399820033909106
276,2020-12-02,Albany,120,6258,2848,265720,0.042134831460674156,59.0,0.023904908299859633
277,2020-12-03,Albany,148,6406,3002,268722,0.04930046635576282,60.0,0.023420159002289893
278,2020-12-04,Albany,165,6571,4048,272770,0.04076086956521739,68.0,0.023976861616445928
279,2020-12-05,Albany,140,6711,2700,275470,0.05185185185185185,71.0,0.024956717160195995
280,2020-12-06,Albany,107,6818,1453,276923,0.07364074328974536,71.0,0.02682007549760122
281,2020-12-07,Albany,173,6991,2223,279146,0.07782276203328835,73.0,0.028536967760923248
282,2020-12-08,Albany,185,7176,1922,281068,0.09625390218522373,74.0,0.030840387624411693
283,2020-12-09,Albany,216,7392,3015,284083,0.07164179104477612,81.0,0.032948027594704686
284,2020-12-10,Albany,163,7555,3138,287221,0.05194391332058636,82.0,0.03313684523504923
285,2020-12-11,Albany,163,7718,2794,290015,0.05833929849677881,81.0,0.03439244730158933
286,2020-12-12,Albany,170,7888,2708,292723,0.06277695716395865,84.0,0.03517281196673981
287,2020-12-13,Albany,162,8050,1766,294489,0.09173272933182333,88.0,0.03646509668403109
288,2020-12-14,Albany,164,8214,1646,296135,0.09963547995139732,87.0,0.03802314796389602
289,2020-12-15,Albany,191,8405,2463,298598,0.0775477060495331,87.0,0.03668699109706097
290,2020-12-16,Albany,208,8613,3191,301789,0.06518332811031025,87.0,0.0362256723160277
291,2020-12-17,Albany,208,8821,3258,305047,0.06384284837323512,90.0,0.03707559624835976
292,2020-12-18,Albany,176,8997,2498,307545,0.07045636509207366,91.0,0.03794110100516653
293,2020-12-19,Albany,177,9174,2716,310261,0.06516936671575847,91.0,0.03811198740172366
294,2020-12-20,Albany,203,9377,2095,312356,0.09689737470167065,94.0,0.03848089064242704
295,2020-12-21,Albany,209,9586,2519,314875,0.08296943231441048,98.0,0.03729045866835655
296,2020-12-22,Albany,200,9786,2485,317360,0.08048289738430583,98.0,0.03750011519226889
297,2020-12-23,Albany,259,10045,2544,319904,0.10180817610062894,102.0,0.04011617576300593
298,2020-12-24,Albany,229,10274,4015,323919,0.057036114570361146,103.0,0.039629980491372084
299,2020-12-25,Albany,215,10489,2413,326332,0.08910070451719851,106.0,0.04096171902173814
300,2020-12-26,Albany,140,10629,1858,328190,0.07534983853606028,103.0,0.04168889558033113
301,2020-12-27,Albany,251,10880,1657,329847,0.15147857573928786,107.0,0.04558755279730379
302,2020-12-28,Albany,232,11112,1869,331716,0.12413055109684323,109.0,0.04852763271033471
303,2020-12-29,Albany,221,11333,2096,333812,0.10543893129770993,110.0,0.05031020656129214
304,2020-12-30,Albany,252,11585,2845,336657,0.08857644991212654,110.0,0.0493650832621134
305,2020-12-31,Albany,332,11917,3711,340368,0.08946375639989221,117.0,0.05168134339279418
306,2021-01-01,Albany,282,12199,2716,343084,0.10382916053019146,122.0,0.05273337596515082
307,2021-01-02,Albany,206,12405,1950,345034,0.10564102564102563,126.0,0.05489703218693406
308,2021-01-03,Albany,188,12593,1365,346399,0.13772893772893774,122.0,0.053914915186194776
309,2021-01-04,Albany,259,12852,2046,348445,0.12658846529814272,124.0,0.05409048048628758
310,2021-01-05,Albany,260,13112,2403,350848,0.10819808572617562,127.0,0.05428756294546371
311,2021-01-06,Albany,298,13410,3628,354476,0.08213891951488424,130.0,0.05382773934566069
312,2021-01-07,Albany,287,13697,3320,357796,0.08644578313253012,127.0,0.053612169826563395
313,2021-01-08,Albany,233,13930,3553,361349,0.06557838446383338,123.0,0.05087997153610924
314,2021-01-09,Albany,266,14196,2977,364326,0.0893516963385959,127.0,0.04971644801450713
315,2021-01-10,Albany,215,14411,2523,366849,0.08521601268331351,129.0,0.04596552479696253
316,2021-01-11,Albany,352,14763,2895,369744,0.12158894645941278,136.0,0.04560841630848183
317,2021-01-12,Albany,211,14974,2409,372153,0.0875882108758821,133.0,0.04413628239060372
318,2021-01-13,Albany,256,15230,2998,375151,0.08539026017344896,130.0,0.044368521009072626
319,2021-01-14,Albany,290,15520,3947,379098,0.07347352419559158,130.0,0.04344193108500558
320,2021-01-15,Albany,251,15771,3592,382690,0.06987750556792872,131.0,0.04374901116386953
321,2021-01-16,Albany,210,15981,2948,385638,0.07123473541383989,127.0,0.042454942526386964
322,2021-01-17,Albany,187,16168,1963,387601,0.09526235354049924,125.0,0.04317253830190023
323,2021-01-18,Albany,175,16343,2056,389657,0.08511673151750973,112.0,0.040567380091764305
324,2021-01-19,Albany,178,16521,2099,391756,0.08480228680323963,110.0,0.04036838551514698
325,2021-01-20,Albany,267,16788,3998,395754,0.06678339169584792,111.0,0.039039323481032624
326,2021-01-21,Albany,257,17045,3840,399594,0.06692708333333333,108.0,0.03857172056229989
327,2021-01-22,Albany,242,17287,3275,402869,0.07389312977099237,108.0,0.03885855086251872
328,2021-01-23,Albany,198,17485,2808,405677,0.07051282051282051,107.0,0.038806985512445914
329,2021-01-24,Albany,135,17620,2110,407787,0.06398104265402843,103.0,0.036572606163412284
330,2021-01-25,Albany,178,17798,2459,410246,0.07238714924766165,103.0,0.03566335028699456
331,2021-01-26,Albany,179,17977,2405,412651,0.07442827442827443,104.0,0.03492234940306847
332,2021-01-27,Albany,212,18189,3486,416137,0.060814687320711415,100.0,0.034496013376273005
333,2021-01-28,Albany,170,18359,3924,420061,0.04332313965341488,93.0,0.03281001739913598
334,2021-01-29,Albany,160,18519,3700,423761,0.043243243243243246,88.0,0.03062073979001104
335,2021-01-30,Albany,182,18701,3852,427613,0.047248182762201454,86.0,0.028958979950681106
336,2021-01-31,Albany,70,18771,1424,429037,0.04915730337078652,82.0,0.027900141430449544
337,2021-02-01,Albany,87,18858,1272,430309,0.06839622641509434,75.0,0.027615075513837593
338,2021-02-02,Albany,80,18938,1276,431585,0.06269592476489028,68.0,0.026777050537881587
339,2021-02-03,Albany,162,19100,2997,434582,0.05405405405405406,65.0,0.02629414816169177
340,2021-02-04,Albany,115,19215,5240,439822,0.02194656488549618,61.0,0.02476724996398329
341,2021-02-05,Albany,129,19344,3933,443755,0.03279938977879481,58.0,0.024021260430808402
342,2021-02-06,Albany,94,19438,2658,446413,0.035364936042136946,52.0,0.023172457093660937
343,2021-02-07,Albany,69,19507,1714,448127,0.040256709451575265,52.0,0.02253670038514585
344,2021-02-08,Albany,80,19587,1394,449521,0.05738880918220947,52.0,0.02175045629708264
345,2021-02-09,Albany,68,19655,1766,451287,0.03850509626274066,51.0,0.020022539975500526
346,2021-02-10,Albany,93,19748,5082,456369,0.01829988193624557,46.0,0.017468670538514208
347,2021-02-11,Albany,84,19832,2686,459055,0.03127326880119136,44.0,0.018134863675349576
348,2021-02-12,Albany,76,19908,5570,464625,0.013644524236983842,40.0,0.016766658993791653
349,2021-02-13,Albany,74,19982,2018,466643,0.036669970267591674,38.0,0.016859875724181274
350,2021-02-14,Albany,51,20033,3431,470074,0.01486447099970854,37.0,0.015046144406190795
351,2021-02-15,Albany,57,20090,1353,471427,0.04212860310421286,35.0,0.013956129686333892
352,2021-02-16,Albany,42,20132,4248,475675,0.009887005649717515,34.0,0.011911980356832238
353,2021-02-17,Albany,52,20184,2399,478074,0.021675698207586493,31.0,0.01215311009049945
354,2021-02-18,Albany,88,20272,3283,481357,0.026804751751446847,31.0,0.011833930301231985
355,2021-02-19,Albany,64,20336,7797,489154,0.008208285237912017,30.0,0.011445627515583996
356,2021-02-20,Albany,56,20392,3727,492881,0.015025489669975852,29.0,0.009899593187182866
357,2021-02-21,Albany,49,20441,1542,494423,0.031776913099870296,29.0,0.01110762476576585
358,2021-02-22,Albany,45,20486,1305,495728,0.034482758620689655,28.0,0.010561493016942761
359,2021-02-23,Albany,40,20526,1843,497571,0.02170374389582203,28.0,0.01140554574880737
360,2021-02-24,Albany,94,20620,4931,502502,0.019063070371121475,31.0,0.011218929474774155
361,2021-02-25,Albany,63,20683,5862,508364,0.010747185261003071,29.0,0.010071960439742456
362,2021-02-26,Albany,75,20758,4453,512817,0.01684257803727824,30.0,0.010688695639697186
363,2021-02-27,Albany,90,20848,4113,516930,0.02188183807439825,32.0,0.011178434811441642
364,2021-02-28,Albany,42,20890,1612,518542,0.026054590570719603,32.0,0.010769697487930881
365,2021-03-01,Albany,41,20931,1242,519784,0.033011272141706925,31.0,0.010664591310860685
366,2021-03-02,Albany,54,20985,1994,521778,0.02708124373119358,32.0,0.011048698441958655
367,2021-03-03,Albany,45,21030,2493,524271,0.018050541516245487,29.0,0.010976374952324652
368,2021-03-04,Albany,84,21114,5983,530254,0.014039779374895537,30.0,0.011211560246174116
369,2021-03-05,Albany,66,21180,4295,534549,0.015366705471478464,30.0,0.011106140777188417
370,2021-03-06,Albany,59,21239,2283,536832,0.025843188786684186,27.0,0.011389094399494556
371,2021-03-07,Albany,63,21302,1515,538347,0.041584158415841586,29.0,0.012498349245574697
372,2021-03-08,Albany,52,21354,1118,539465,0.046511627906976744,30.0,0.0134626603716654
373,2021-03-09,Albany,49,21403,1749,541214,0.02801600914808462,29.0,0.01352942933001476
374,2021-03-10,Albany,65,21468,4543,545757,0.014307726172132952,31.0,0.013262085376863865
375,2021-03-11,Albany,43,21511,3924,549681,0.010958205912334353,28.0,0.013041972986680922
376,2021-03-12,Albany,40,21551,3374,553055,0.011855364552459988,26.0,0.012791162921036743
377,2021-03-13,Albany,44,21595,3750,556805,0.011733333333333333,25.0,0.011783316102940256
378,2021-03-14,Albany,50,21645,1466,558271,0.034106412005457026,24.0,0.011249191359341357
379,2021-03-15,Albany,43,21688,1457,559728,0.029512697323266987,23.0,0.01003498203193352
380,2021-03-16,Albany,48,21736,1907,561635,0.025170424750917672,23.0,0.00983172600356445
381,2021-03-17,Albany,70,21806,4089,565724,0.017119100024455856,24.0,0.010032538421587514
382,2021-03-18,Albany,61,21867,2860,568584,0.02132867132867133,25.0,0.010773285951325873
383,2021-03-19,Albany,47,21914,4698,573282,0.010004257130693913,25.0,0.010641063992628295
384,2021-03-20,Albany,68,21982,4197,577479,0.016202049082678104,27.0,0.01096025797472435
385,2021-03-21,Albany,42,22024,1385,578864,0.03032490974729242,27.0,0.010690150670569734
386,2021-03-22,Albany,54,22078,1247,580111,0.04330392943063352,27.0,0.011675238678238772
387,2021-03-23,Albany,63,22141,1659,581770,0.0379746835443038,28.0,0.012589828592052068
388,2021-03-24,Albany,73,22214,4447,586217,0.016415561052394872,29.0,0.012539575808333427
389,2021-03-25,Albany,62,22276,4003,590220,0.015488383712215838,29.0,0.012122412407158034
390,2021-03-26,Albany,75,22351,3732,593952,0.02009646302250804,31.0,0.012843284256573327
391,2021-03-27,Albany,67,22418,2573,596525,0.026039642440730666,31.0,0.013545969496434227
392,2021-03-28,Albany,58,22476,2781,599306,0.020855807263574253,32.0,0.012869605033311499
393,2021-03-29,Albany,60,22536,1426,600732,0.04207573632538569,32.0,0.012781876954365225
394,2021-03-30,Albany,77,22613,1923,602655,0.04004160166406656,33.0,0.012929513962919708
395,2021-03-31,Albany,83,22696,3171,605826,0.026174708293913593,34.0,0.013626595908742475
396,2021-04-01,Albany,42,22738,4022,609848,0.0104425658876181,33.0,0.013266180349842635
397,2021-04-02,Albany,61,22799,4096,613944,0.014892578125,32.0,0.01289447428573492
398,2021-04-03,Albany,56,22855,2515,616459,0.022266401590457258,31.0,0.012624957082143961
399,2021-04-04,Albany,70,22925,1373,617832,0.05098324836125273,32.0,0.014776917160549565
400,2021-04-05,Albany,40,22965,1139,618971,0.03511852502194908,30.0,0.014279973496018379
401,2021-04-06,Albany,46,23011,1966,620937,0.023397761953204477,28.0,0.013091127802385376
402,2021-04-07,Albany,68,23079,2097,623034,0.03242727706247019,27.0,0.013537739857282275
403,2021-04-08,Albany,70,23149,4494,627528,0.01557632398753894,29.0,0.013904436864419478
404,2021-04-09,Albany,68,23217,3101,630629,0.021928410190261205,29.0,0.014406996297652422
405,2021-04-10,Albany,63,23280,2326,632955,0.02708512467755804,30.0,0.014751190803873906
406,2021-04-11,Albany,43,23323,1013,633968,0.04244817374136229,28.0,0.014141542616738874
407,2021-04-12,Albany,45,23368,1386,635354,0.032467532467532464,28.0,0.013952186005709116
408,2021-04-13,Albany,41,23409,1790,637144,0.022905027932960894,28.0,0.01391699071854886
409,2021-04-14,Albany,64,23473,2498,639642,0.025620496397117692,28.0,0.01343079209959511
410,2021-04-15,Albany,62,23535,1719,641361,0.03606748109365911,27.0,0.014894446178603693
411,2021-04-16,Albany,74,23609,2618,643979,0.02826585179526356,28.0,0.015347120578961001
412,2021-04-17,Albany,70,23679,2656,646635,0.02635542168674699,28.0,0.015294998936760213
413,2021-04-18,Albany,39,23718,1334,647969,0.02923538230884558,28.0,0.014351228120151879
414,2021-04-19,Albany,54,23772,1031,649000,0.052376333656644035,28.0,0.015773285347945563
415,2021-04-20,Albany,28,23800,1669,650669,0.016776512881965248,27.0,0.015335534272874443
416,2021-04-21,Albany,70,23870,2541,653210,0.027548209366391185,28.0,0.015473228056393978
417,2021-04-22,Albany,44,23914,2179,655389,0.020192748967416244,27.0,0.014339318618805202
418,2021-04-23,Albany,38,23952,3326,658715,0.011425135297654841,24.0,0.013136410297547437
419,2021-04-24,Albany,24,23976,2009,660724,0.011946241911398706,21.0,0.012107183170736847
420,2021-04-25,Albany,33,24009,1125,661849,0.029333333333333333,20.0,0.01211417967248597
421,2021-04-26,Albany,29,24038,1268,663117,0.022870662460567823,19.0,0.010006631729909097
422,2021-04-27,Albany,18,24056,1401,664518,0.01284796573875803,18.0,0.009726021219680012
423,2021-04-28,Albany,46,24102,2234,666752,0.020590868397493287,16.0,0.00922906829333016
424,2021-04-29,Albany,26,24128,2400,669152,0.010833333333333334,15.0,0.008560538605181382
425,2021-04-30,Albany,31,24159,2044,671196,0.015166340508806261,14.0,0.008827767548835056
426,2021-05-01,Albany,21,24180,2176,673372,0.009650735294117647,14.0,0.008663802790457838
427,2021-05-02,Albany,12,24192,1217,674589,0.009860312243221035,13.0,0.007272872712592672
428,2021-05-03,Albany,20,24212,854,675443,0.0234192037470726,12.0,0.0073120542330573
429,2021-05-04,Albany,14,24226,1661,677104,0.008428657435279952,12.0,0.0069963893542374376
430,2021-05-05,Albany,20,24246,2021,679125,0.009896091044037604,10.0,0.006232476686133461
431,2021-05-06,Albany,24,24270,1717,680842,0.013977868375072802,10.0,0.006457086331971993
432,2021-05-07,Albany,32,24302,5310,686152,0.006026365348399247,10.0,0.005804230963371492
433,2021-05-08,Albany,19,24321,1600,687752,0.011875,10.0,0.005963107013791659
434,2021-05-09,Albany,13,24334,902,688654,0.014412416851441241,10.0,0.006288257342950246
435,2021-05-10,Albany,15,24349,1077,689731,0.013927576601671309,9.0,0.0056102839754215835
436,2021-05-11,Albany,19,24368,1212,690943,0.015676567656765675,10.0,0.006127991848384848
437,2021-05-12,Albany,17,24385,1939,692882,0.008767405879319236,9.0,0.006047371479476393
438,2021-05-13,Albany,21,24406,2972,695854,0.0070659488559892325,9.0,0.005553662942398996
439,2021-05-14,Albany,22,24428,2307,698161,0.00953619419159081,9.0,0.005804365002626964
440,2021-05-15,Albany,17,24445,1612,699773,0.01054590570719603,8.0,0.00570942969599811
441,2021-05-16,Albany,10,24455,900,700673,0.011111111111111112,8.0,0.005473622143117385
442,2021-05-17,Albany,11,24466,766,701439,0.014360313315926894,8.0,0.005504531908421356
443,2021-05-18,Albany,14,24480,1306,702745,0.010719754977029096,8.0,0.005150473859868743
444,2021-05-19,Albany,13,24493,2476,705221,0.005250403877221325,7.0,0.004899259431147464
445,2021-05-20,Albany,23,24516,1969,707190,0.011681056373793804,7.0,0.005228909968133505
446,2021-05-21,Albany,15,24531,1771,708961,0.00846979107848673,7.0,0.0051527383171975
447,2021-05-22,Albany,18,24549,1218,710179,0.014778325123152709,7.0,0.005455053989765833
448,2021-05-23,Albany,17,24566,806,710985,0.02109181141439206,7.0,0.006167961154285901
449,2021-05-24,Albany,17,24583,544,711529,0.03125,8.0,0.007374367346005409
450,2021-05-25,Albany,10,24593,1336,712865,0.0074850299401197605,8.0,0.007143315557654742
451,2021-05-26,Albany,10,24603,1699,714564,0.005885815185403178,7.0,0.0071887020796677316
452,2021-05-27,Albany,11,24614,1454,716018,0.007565337001375516,7.0,0.006894722124494997
453,2021-05-28,Albany,7,24621,1420,717438,0.004929577464788733,6.0,0.006641849723516569
454,2021-05-29,Albany,7,24628,1119,718557,0.006255585344057194,5.0,0.0060330825964383175
455,2021-05-30,Albany,5,24633,577,719134,0.008665511265164644,4.0,0.005145489728636358
456,2021-05-31,Albany,1,24634,305,719439,0.003278688524590164,3.0,0.0031475389089642277
457,2021-06-01,Albany,8,24642,670,720109,0.011940298507462687,3.0,0.0034657723780601515
458,2021-06-02,Albany,6,24648,1075,721184,0.005581395348837209,3.0,0.003444028104019725
459,2021-06-03,Albany,4,24652,2250,723434,0.0017777777777777779,2.0,0.0030306310166198862
460,2021-06-04,Albany,9,24661,1711,725145,0.005260081823495032,2.0,0.003054238470813194
461,2021-06-05,Albany,7,24668,1074,726219,0.006517690875232775,2.0,0.003072960294468592
462,2021-06-06,Albany,7,24675,571,726790,0.012259194395796848,3.0,0.0033296519466566067
463,2021-06-07,Albany,3,24678,996,727786,0.0030120481927710845,3.0,0.0033106062086695294
464,2021-06-08,Albany,4,24682,985,728771,0.0040609137055837565,2.0,0.0027477930085353206
465,2021-06-09,Albany,3,24685,1498,730269,0.0020026702269692926,2.0,0.0024921697855447545
466,2021-06-10,Albany,2,24687,1509,731778,0.0013253810470510272,2.0,0.0024598557333499866
467,2021-06-11,Albany,2,24689,1864,733642,0.001072961373390558,2.0,0.002160775701199667
468,2021-06-12,Albany,5,24694,758,734400,0.006596306068601583,1.0,0.002166391072154582
469,2021-06-13,Albany,2,24696,539,734939,0.0037105751391465678,1.0,0.0015557754109652763
470,2021-06-14,Albany,3,24699,319,735258,0.009404388714733543,1.0,0.0020123711625340238
471,2021-06-15,Albany,1,24700,856,736114,0.0011682242990654205,1.0,0.0018057504906398567
472,2021-06-16,Albany,3,24703,1212,737326,0.0024752475247524753,1.0,0.0018395060119100837
473,2021-06-17,Albany,5,24708,754,738080,0.006631299734748011,1.0,0.00221850020388844
474,2021-06-18,Albany,4,24712,1069,739149,0.0037418147801683817,1.0,0.0024091325900868557
475,2021-06-19,Albany,4,24716,738,739887,0.005420054200542005,1.0,0.0023251145995111717
476,2021-06-20,Albany,2,24718,492,740379,0.0040650406504065045,1.0,0.0023504335646011673
477,2021-06-21,Albany,1,24719,373,740752,0.002680965147453083,1.0,0.0018701890240811344
478,2021-06-22,Albany,3,24722,667,741419,0.004497751124437781,1.0,0.002108012368750588
479,2021-06-23,Albany,1,24723,945,742364,0.0010582010582010583,1.0,0.002006794763996916
480,2021-06-24,Albany,3,24726,757,743121,0.003963011889035667,1.0,0.001816202775017463
481,2021-06-25,Albany,2,24728,928,744049,0.0021551724137931034,1.0,0.0017028711774192287
482,2021-06-26,Albany,1,24729,1068,745117,0.0009363295880149813,0.0,0.0013826051336672984
483,2021-06-27,Albany,4,24733,469,745586,0.008528784648187633,1.0,0.0017014439906516648
484,2021-06-28,Albany,0,24733,434,746020,0.0,1.0,0.0015099464801193016
485,2021-06-29,Albany,1,24734,457,746477,0.002188183807439825,0.0,0.001344977386048019
486,2021-06-30,Albany,1,24735,970,747447,0.0010309278350515464,0.0,0.001343029298680197
487,2021-07-01,Albany,1,24736,617,748064,0.0016207455429497568,0.0,0.0011757245596740603
488,2021-07-02,Albany,1,24737,555,748619,0.0018018018018018018,0.0,0.0011504838016746818
489,2021-07-03,Albany,2,24739,544,749163,0.003676470588235294,0.0,0.0013462081588332755
490,2021-07-04,Albany,0,24739,313,749476,0.0,0.0,0.0007370092553913018
491,2021-07-05,Albany,1,24740,315,749791,0.0031746031746031746,0.0,0.0009637666250058142
492,2021-07-06,Albany,0,24740,299,750090,0.0,0.0,0.0008074677816172553
493,2021-07-07,Albany,6,24746,605,750695,0.009917355371900827,0.0,0.0014422126056779182
494,2021-07-08,Albany,2,24748,665,751360,0.0030075187969924814,0.0,0.0015412678381095412
495,2021-07-09,Albany,5,24753,578,751938,0.00865051903114187,1.0,0.0020304619259195462
496,2021-07-10,Albany,5,24758,408,752346,0.012254901960784314,1.0,0.0026432070239587615
497,2021-07-11,Albany,9,24767,424,752770,0.02122641509433962,2.0,0.004159379530697306
498,2021-07-12,Albany,3,24770,339,753109,0.008849557522123894,2.0,0.004564733412663072
499,2021-07-13,Albany,8,24778,438,753547,0.0182648401826484,2.0,0.005869364854280815
500,2021-07-14,Albany,8,24786,585,754132,0.013675213675213675,2.0,0.006137783304517447
501,2021-07-15,Albany,9,24795,496,754628,0.018145161290322582,3.0,0.007219043482612454
502,2021-07-16,Albany,5,24800,463,755091,0.01079913606911447,3.0,0.007372516128181925
503,2021-07-17,Albany,10,24810,622,755713,0.01607717041800643,3.0,0.007645535303697791
504,2021-07-18,Albany,13,24823,466,756179,0.027896995708154508,4.0,0.008122005347541712
505,2021-07-19,Albany,8,24831,507,756686,0.015779092702169626,4.0,0.008616972146116408
506,2021-07-20,Albany,11,24842,605,757291,0.01818181818181818,4.0,0.008611042003199962
507,2021-07-21,Albany,17,24859,733,758024,0.023192360163710776,5.0,0.009290838180949754
508,2021-07-22,Albany,22,24881,773,758797,0.028460543337645538,6.0,0.010027651184329968
509,2021-07-23,Albany,12,24893,618,759415,0.019417475728155338,6.0,0.010643246874261459
510,2021-07-24,Albany,24,24917,759,760174,0.03162055335968379,7.0,0.011753488512952697
511,2021-07-25,Albany,7,24924,335,760509,0.020895522388059702,7.0,0.011253383275803068
512,2021-07-26,Albany,19,24943,553,761062,0.034358047016274866,8.0,0.0125804514410963
513,2021-07-27,Albany,22,24965,770,761832,0.02857142857142857,8.0,0.013322566468925613
514,2021-07-28,Albany,36,25001,1072,762904,0.033582089552238806,10.0,0.014064689996677612
515,2021-07-29,Albany,26,25027,639,763543,0.0406885758998435,10.0,0.014938120893977466
516,2021-07-30,Albany,32,25059,836,764379,0.03827751196172249,11.0,0.016285266339232267
517,2021-07-31,Albany,26,25085,698,765077,0.03724928366762178,12.0,0.016687318504084978
518,2021-08-01,Albany,22,25107,536,765613,0.041044776119402986,13.0,0.018126550913466644
519,2021-08-02,Albany,49,25156,733,766346,0.06684856753069578,15.0,0.020447302378782423
520,2021-08-03,Albany,44,25200,907,767253,0.04851157662624035,16.0,0.021871598668411835
521,2021-08-04,Albany,37,25237,1086,768339,0.03406998158379374,16.0,0.02190644809923719
522,2021-08-05,Albany,60,25297,1196,769535,0.05016722408026756,19.0,0.022583494397838903
523,2020-03-01,Allegany,0,0,0,0,,,
524,2020-03-02,Allegany,0,0,0,0,,,
525,2020-03-03,Allegany,0,0,0,0,,,
526,2020-03-04,Allegany,0,0,0,0,,,
527,2020-03-05,Allegany,0,0,0,0,,,
528,2020-03-06,Allegany,0,0,0,0,,,
529,2020-03-07,Allegany,0,0,0,0,,0.0,
530,2020-03-08,Allegany,0,0,0,0,,0.0,
531,2020-03-09,Allegany,0,0,0,0,,0.0,
532,2020-03-10,Allegany,0,0,0,0,,0.0,
533,2020-03-11,Allegany,0,0,4,4,0.0,0.0,
534,2020-03-12,Allegany,0,0,1,5,0.0,0.0,
535,2020-03-13,Allegany,0,0,0,5,,0.0,
536,2020-03-14,Allegany,0,0,1,6,0.0,0.0,
537,2020-03-15,Allegany,2,2,5,11,0.4,0.0,
538,2020-03-16,Allegany,0,2,1,12,0.0,0.0,
539,2020-03-17,Allegany,0,2,0,12,,0.0,
540,2020-03-18,Allegany,0,2,3,15,0.0,0.0,
541,2020-03-19,Allegany,0,2,2,17,0.0,0.0,
542,2020-03-20,Allegany,0,2,10,27,0.0,0.0,
543,2020-03-21,Allegany,0,2,10,37,0.0,0.0,
544,2020-03-22,Allegany,0,2,39,76,0.0,0.0,
545,2020-03-23,Allegany,0,2,2,78,0.0,0.0,
546,2020-03-24,Allegany,0,2,5,83,0.0,0.0,0.0
547,2020-03-25,Allegany,0,2,6,89,0.0,0.0,0.0
548,2020-03-26,Allegany,0,2,9,98,0.0,0.0,0.0
549,2020-03-27,Allegany,0,2,4,102,0.0,0.0,0.0
550,2020-03-28,Allegany,4,6,12,114,0.3333333333333333,0.0,0.023809523809523808
551,2020-03-29,Allegany,1,7,7,121,0.14285714285714285,0.0,0.03401360544217687
552,2020-03-30,Allegany,0,7,4,125,0.0,0.0,0.03401360544217687
553,2020-03-31,Allegany,2,9,10,135,0.2,0.0,0.04829931972789116
554,2020-04-01,Allegany,3,12,14,149,0.21428571428571427,0.0,0.06360544217687074
555,2020-04-02,Allegany,2,14,18,167,0.1111111111111111,0.0,0.07154195011337867
556,2020-04-03,Allegany,2,16,13,180,0.15384615384615385,1.0,0.08253096110238967
557,2020-04-04,Allegany,0,16,8,188,0.0,0.0,0.058721437292865865
558,2020-04-05,Allegany,1,17,8,196,0.125,0.0,0.05744592708878423
559,2020-04-06,Allegany,0,17,3,199,0.0,0.0,0.05744592708878423
560,2020-04-07,Allegany,4,21,16,215,0.25,0.0,0.0610173556602128
561,2020-04-08,Allegany,1,22,12,227,0.08333333333333333,0.0,0.05166361416361417
562,2020-04-09,Allegany,4,26,21,248,0.19047619047619047,0.0,0.05733254840397697
563,2020-04-10,Allegany,0,26,16,264,0.0,0.0,0.04634353741496598
564,2020-04-11,Allegany,0,26,11,275,0.0,0.0,0.04634353741496598
565,2020-04-12,Allegany,0,26,5,280,0.0,0.0,0.03741496598639455
566,2020-04-13,Allegany,2,28,14,294,0.14285714285714285,0.0,0.047619047619047616
567,2020-04-14,Allegany,0,28,10,304,0.0,0.0,0.02976190476190476
568,2020-04-15,Allegany,0,28,8,312,0.0,0.0,0.023809523809523808
569,2020-04-16,Allegany,1,29,21,333,0.047619047619047616,0.0,0.013605442176870748
570,2020-04-17,Allegany,1,30,15,348,0.06666666666666667,0.0,0.01836734693877551
571,2020-04-18,Allegany,0,30,7,355,0.0,0.0,0.01836734693877551
572,2020-04-19,Allegany,0,30,5,360,0.0,0.0,0.01836734693877551
573,2020-04-20,Allegany,0,30,9,369,0.0,0.0,0.008163265306122448
574,2020-04-21,Allegany,0,30,10,379,0.0,0.0,0.008163265306122448
575,2020-04-22,Allegany,0,30,14,393,0.0,0.0,0.008163265306122448
576,2020-04-23,Allegany,1,31,10,403,0.1,0.0,0.011904761904761906
577,2020-04-24,Allegany,4,35,61,464,0.06557377049180328,0.0,0.011826697892271662
578,2020-04-25,Allegany,0,35,12,476,0.0,0.0,0.011826697892271662
579,2020-04-26,Allegany,0,35,9,485,0.0,0.0,0.011826697892271662
580,2020-04-27,Allegany,0,35,14,499,0.0,0.0,0.011826697892271662
581,2020-04-28,Allegany,0,35,26,525,0.0,0.0,0.011826697892271662
582,2020-04-29,Allegany,0,35,18,543,0.0,0.0,0.011826697892271662
583,2020-04-30,Allegany,0,35,20,563,0.0,0.0,0.00468384074941452
584,2020-05-01,Allegany,0,35,11,574,0.0,0.0,0.0
585,2020-05-02,Allegany,0,35,18,592,0.0,0.0,0.0
586,2020-05-03,Allegany,0,35,14,606,0.0,0.0,0.0
587,2020-05-04,Allegany,0,35,31,637,0.0,0.0,0.0
588,2020-05-05,Allegany,0,35,22,659,0.0,0.0,0.0
589,2020-05-06,Allegany,0,35,40,699,0.0,0.0,0.0
590,2020-05-07,Allegany,0,35,33,732,0.0,0.0,0.0
591,2020-05-08,Allegany,0,35,18,750,0.0,0.0,0.0
592,2020-05-09,Allegany,1,36,20,770,0.05,0.0,0.0035714285714285718
593,2020-05-10,Allegany,2,38,35,805,0.05714285714285714,0.0,0.007653061224489797
594,2020-05-11,Allegany,4,42,41,846,0.0975609756097561,0.0,0.014621702339472372
595,2020-05-12,Allegany,2,44,39,885,0.05128205128205128,0.0,0.018284706002476038
596,2020-05-13,Allegany,0,44,53,938,0.0,0.0,0.018284706002476038
597,2020-05-14,Allegany,0,44,44,982,0.0,0.0,0.018284706002476038
598,2020-05-15,Allegany,0,44,27,1009,0.0,0.0,0.018284706002476038
599,2020-05-16,Allegany,0,44,36,1045,0.0,0.0,0.014713277431047467
600,2020-05-17,Allegany,0,44,89,1134,0.0,0.0,0.010631644777986242
601,2020-05-18,Allegany,0,44,28,1162,0.0,0.0,0.003663003663003663
602,2020-05-19,Allegany,0,44,49,1211,0.0,0.0,0.0
603,2020-05-20,Allegany,0,44,68,1279,0.0,0.0,0.0
604,2020-05-21,Allegany,0,44,47,1326,0.0,0.0,0.0
605,2020-05-22,Allegany,0,44,26,1352,0.0,0.0,0.0
606,2020-05-23,Allegany,0,44,33,1385,0.0,0.0,0.0
607,2020-05-24,Allegany,0,44,53,1438,0.0,0.0,0.0
608,2020-05-25,Allegany,0,44,28,1466,0.0,0.0,0.0
609,2020-05-26,Allegany,1,45,96,1562,0.010416666666666666,0.0,0.000744047619047619
610,2020-05-27,Allegany,0,45,98,1660,0.0,0.0,0.000744047619047619
611,2020-05-28,Allegany,0,45,60,1720,0.0,0.0,0.000744047619047619
612,2020-05-29,Allegany,0,45,64,1784,0.0,0.0,0.000744047619047619
613,2020-05-30,Allegany,0,45,51,1835,0.0,0.0,0.000744047619047619
614,2020-05-31,Allegany,3,48,100,1935,0.03,0.0,0.0028869047619047615
615,2020-06-01,Allegany,0,48,160,2095,0.0,0.0,0.0028869047619047615
616,2020-06-02,Allegany,1,49,181,2276,0.0055248618784530384,0.0,0.002537490134175217
617,2020-06-03,Allegany,0,49,131,2407,0.0,0.0,0.002537490134175217
618,2020-06-04,Allegany,2,51,154,2561,0.012987012987012988,0.0,0.0034651339189618593
619,2020-06-05,Allegany,0,51,309,2870,0.0,0.0,0.0034651339189618593
620,2020-06-06,Allegany,0,51,98,2968,0.0,0.0,0.0034651339189618593
621,2020-06-07,Allegany,0,51,149,3117,0.0,0.0,0.0013222767761047161
622,2020-06-08,Allegany,0,51,220,3337,0.0,0.0,0.0013222767761047161
623,2020-06-09,Allegany,1,52,128,3465,0.0078125,0.0,0.0014856794990723563
624,2020-06-10,Allegany,1,53,137,3602,0.0072992700729927005,0.0,0.0020070559328575492
625,2020-06-11,Allegany,0,53,163,3765,0.0,0.0,0.0010794121480709072
626,2020-06-12,Allegany,1,54,144,3909,0.006944444444444444,0.0,0.0015754438941026534
627,2020-06-13,Allegany,0,54,103,4012,0.0,0.0,0.0015754438941026534
628,2020-06-14,Allegany,1,55,65,4077,0.015384615384615385,0.0,0.002674344993003752
629,2020-06-15,Allegany,0,55,120,4197,0.0,0.0,0.002674344993003752
630,2020-06-16,Allegany,0,55,134,4331,0.0,0.0,0.002116309278718038
631,2020-06-17,Allegany,2,57,77,4408,0.025974025974025976,0.0,0.0034502204145061286
632,2020-06-18,Allegany,1,58,220,4628,0.004545454545454545,0.0,0.0037748957391814534
633,2020-06-19,Allegany,0,58,166,4794,0.0,0.0,0.003278863993149708
634,2020-06-20,Allegany,0,58,66,4860,0.0,0.0,0.003278863993149708
635,2020-06-21,Allegany,0,58,114,4974,0.0,0.0,0.002179962894248609
636,2020-06-22,Allegany,0,58,142,5116,0.0,0.0,0.002179962894248609
637,2020-06-23,Allegany,0,58,104,5220,0.0,0.0,0.002179962894248609
638,2020-06-24,Allegany,0,58,131,5351,0.0,0.0,0.0003246753246753247
639,2020-06-25,Allegany,0,58,109,5460,0.0,0.0,0.0
640,2020-06-26,Allegany,0,58,55,5515,0.0,0.0,0.0
641,2020-06-27,Allegany,1,59,74,5589,0.013513513513513514,0.0,0.0009652509652509653
642,2020-06-28,Allegany,0,59,157,5746,0.0,0.0,0.0009652509652509653
643,2020-06-29,Allegany,0,59,194,5940,0.0,0.0,0.0009652509652509653
644,2020-06-30,Allegany,2,61,78,6018,0.02564102564102564,0.0,0.0027967527967527966
645,2020-07-01,Allegany,1,62,48,6066,0.020833333333333332,0.0,0.004284848034848035
646,2020-07-02,Allegany,1,63,105,6171,0.009523809523809525,0.0,0.004965120143691572
647,2020-07-03,Allegany,0,63,75,6246,0.0,0.0,0.004965120143691572
648,2020-07-04,Allegany,0,63,97,6343,0.0,0.0,0.0039998691784406066
649,2020-07-05,Allegany,0,63,93,6436,0.0,0.0,0.0039998691784406066
650,2020-07-06,Allegany,0,63,87,6523,0.0,0.0,0.0039998691784406066
651,2020-07-07,Allegany,1,64,205,6728,0.004878048780487805,0.0,0.0025167994026879044
652,2020-07-08,Allegany,0,64,91,6819,0.0,0.0,0.0010287041645926664
653,2020-07-09,Allegany,0,64,78,6897,0.0,0.0,0.0003484320557491289
654,2020-07-10,Allegany,2,66,106,7003,0.018867924528301886,0.0,0.0016961409506278352
655,2020-07-11,Allegany,0,66,107,7110,0.0,0.0,0.0016961409506278352
656,2020-07-12,Allegany,0,66,88,7198,0.0,0.0,0.0016961409506278352
657,2020-07-13,Allegany,2,68,243,7441,0.00823045267489712,0.0,0.0022840304274062005
658,2020-07-14,Allegany,1,69,97,7538,0.010309278350515464,0.0,0.002671975396693891
659,2020-07-15,Allegany,1,70,80,7618,0.0125,0.0,0.0035648325395510336
660,2020-07-16,Allegany,1,71,72,7690,0.013888888888888888,0.0,0.004556896031614526
661,2020-07-17,Allegany,0,71,111,7801,0.0,0.0,0.0032091871367358193
662,2020-07-18,Allegany,0,71,78,7879,0.0,0.0,0.0032091871367358193
663,2020-07-19,Allegany,0,71,72,7951,0.0,0.0,0.0032091871367358193
664,2020-07-20,Allegany,1,72,97,8048,0.010309278350515464,0.0,0.003357674684994272
665,2020-07-21,Allegany,0,72,171,8219,0.0,0.0,0.0026212976599574536
666,2020-07-22,Allegany,0,72,130,8349,0.0,0.0,0.0017284405171003106
667,2020-07-23,Allegany,2,74,112,8461,0.017857142857142856,0.0,0.002011887229118451
668,2020-07-24,Allegany,0,74,138,8599,0.0,0.0,0.002011887229118451
669,2020-07-25,Allegany,0,74,75,8674,0.0,0.0,0.002011887229118451
670,2020-07-26,Allegany,0,74,58,8732,0.0,0.0,0.002011887229118451
671,2020-07-27,Allegany,0,74,53,8785,0.0,0.0,0.0012755102040816326
672,2020-07-28,Allegany,0,74,212,8997,0.0,0.0,0.0012755102040816326
673,2020-07-29,Allegany,0,74,100,9097,0.0,0.0,0.0012755102040816326
674,2020-07-30,Allegany,0,74,65,9162,0.0,0.0,0.0
675,2020-07-31,Allegany,0,74,102,9264,0.0,0.0,0.0
676,2020-08-01,Allegany,0,74,118,9382,0.0,0.0,0.0
677,2020-08-02,Allegany,1,75,63,9445,0.015873015873015872,0.0,0.0011337868480725624
678,2020-08-03,Allegany,0,75,153,9598,0.0,0.0,0.0011337868480725624
679,2020-08-04,Allegany,1,76,178,9776,0.0056179775280898875,0.0,0.00153507095722184
680,2020-08-05,Allegany,2,78,118,9894,0.01694915254237288,0.0,0.002745724710248474
681,2020-08-06,Allegany,1,79,128,10022,0.0078125,0.0,0.0033037604245341884
682,2020-08-07,Allegany,0,79,110,10132,0.0,0.0,0.0033037604245341884
683,2020-08-08,Allegany,0,79,65,10197,0.0,0.0,0.0033037604245341884
684,2020-08-09,Allegany,1,80,71,10268,0.014084507042253521,0.0,0.0031760097937654497
685,2020-08-10,Allegany,0,80,325,10593,0.0,0.0,0.0031760097937654497
686,2020-08-11,Allegany,0,80,95,10688,0.0,0.0,0.002774725684616172
687,2020-08-12,Allegany,0,80,74,10762,0.0,0.0,0.0015640719315895373
688,2020-08-13,Allegany,0,80,90,10852,0.0,0.0,0.001006036217303823
689,2020-08-14,Allegany,0,80,141,10993,0.0,0.0,0.001006036217303823
690,2020-08-15,Allegany,0,80,118,11111,0.0,0.0,0.001006036217303823
691,2020-08-16,Allegany,0,80,66,11177,0.0,0.0,0.0
692,2020-08-17,Allegany,0,80,169,11346,0.0,0.0,0.0
693,2020-08-18,Allegany,0,80,242,11588,0.0,0.0,0.0
694,2020-08-19,Allegany,1,81,94,11682,0.010638297872340425,0.0,0.0007598784194528875
695,2020-08-20,Allegany,3,84,149,11831,0.020134228187919462,0.0,0.0021980375757328493
696,2020-08-21,Allegany,0,84,145,11976,0.0,0.0,0.0021980375757328493
697,2020-08-22,Allegany,1,85,93,12069,0.010752688172043012,0.0,0.0029660867308787782
698,2020-08-23,Allegany,0,85,47,12116,0.0,0.0,0.0029660867308787782
699,2020-08-24,Allegany,1,86,199,12315,0.005025125628140704,0.0,0.0033250242757459714
700,2020-08-25,Allegany,0,86,258,12573,0.0,0.0,0.0033250242757459714
701,2020-08-26,Allegany,1,87,180,12753,0.005555555555555556,0.0,0.002961971253118481
702,2020-08-27,Allegany,0,87,236,12989,0.0,0.0,0.0015238120968385192
703,2020-08-28,Allegany,1,88,180,13169,0.005555555555555556,0.0,0.0019206374936639162
704,2020-08-29,Allegany,1,89,149,13318,0.006711409395973154,0.0,0.0016319747239446406
705,2020-08-30,Allegany,0,89,94,13412,0.0,0.0,0.0016319747239446406
706,2020-08-31,Allegany,0,89,355,13767,0.0,0.0,0.0012730371790774474
707,2020-09-01,Allegany,0,89,122,13889,0.0,0.0,0.0012730371790774474
708,2020-09-02,Allegany,1,90,253,14142,0.003952569169960474,0.0,0.0011585381515349417
709,2020-09-03,Allegany,0,90,220,14362,0.0,0.0,0.0011585381515349417
710,2020-09-04,Allegany,2,92,126,14488,0.015873015873015872,0.0,0.0018954996027821071
711,2020-09-05,Allegany,0,92,51,14539,0.0,0.0,0.0014161132173554532
712,2020-09-06,Allegany,0,92,102,14641,0.0,0.0,0.0014161132173554532
713,2020-09-07,Allegany,0,92,194,14835,0.0,0.0,0.0014161132173554532
714,2020-09-08,Allegany,0,92,156,14991,0.0,0.0,0.0014161132173554532
715,2020-09-09,Allegany,1,93,86,15077,0.011627906976744186,0.0,0.0019643516321257186
716,2020-09-10,Allegany,0,93,230,15307,0.0,0.0,0.0019643516321257186
717,2020-09-11,Allegany,1,94,135,15442,0.007407407407407408,0.0,0.0013596653131536852
718,2020-09-12,Allegany,0,94,51,15493,0.0,0.0,0.0013596653131536852
719,2020-09-13,Allegany,0,94,106,15599,0.0,0.0,0.0013596653131536852
720,2020-09-14,Allegany,0,94,121,15720,0.0,0.0,0.0013596653131536852
721,2020-09-15,Allegany,0,94,232,15952,0.0,0.0,0.0013596653131536852
722,2020-09-16,Allegany,0,94,86,16038,0.0,0.0,0.0005291005291005291
723,2020-09-17,Allegany,1,95,169,16207,0.005917159763313609,0.0,0.000951754797908644
724,2020-09-18,Allegany,1,96,115,16322,0.008695652173913044,0.0,0.0010437722812304752
725,2020-09-19,Allegany,2,98,165,16487,0.012121212121212121,0.0,0.001909573147031341
726,2020-09-20,Allegany,1,99,145,16632,0.006896551724137931,0.0,0.002402183984469765
727,2020-09-21,Allegany,0,99,230,16862,0.0,0.0,0.002402183984469765
728,2020-09-22,Allegany,0,99,135,16997,0.0,0.0,0.002402183984469765
729,2020-09-23,Allegany,2,101,161,17158,0.012422360248447204,0.0,0.003289495430787422
730,2020-09-24,Allegany,2,103,129,17287,0.015503875968992248,0.0,0.0039742608740501815
731,2020-09-25,Allegany,3,106,301,17588,0.009966777408637873,0.0,0.004065055533673384
732,2020-09-26,Allegany,0,106,137,17725,0.0,0.0,0.0031992546678725185
733,2020-09-27,Allegany,0,106,129,17854,0.0,0.0,0.0027066438304340946
734,2020-09-28,Allegany,2,108,170,18024,0.011764705882352941,0.0,0.0035469799648878758
735,2020-09-29,Allegany,6,114,139,18163,0.04316546762589928,1.0,0.00663022765245211
736,2020-09-30,Allegany,5,119,140,18303,0.03571428571428571,1.0,0.008293936614297717
737,2020-10-01,Allegany,3,122,207,18510,0.014492753623188406,1.0,0.008221713589597444
738,2020-10-02,Allegany,2,124,435,18945,0.004597701149425287,1.0,0.00783820814251083
739,2020-10-03,Allegany,0,124,153,19098,0.0,1.0,0.00783820814251083
740,2020-10-04,Allegany,1,125,67,19165,0.014925373134328358,1.0,0.008904306223534286
741,2020-10-05,Allegany,3,128,330,19495,0.00909090909090909,1.0,0.008713320738431151
742,2020-10-06,Allegany,2,130,314,19809,0.006369426751592357,1.0,0.006085032104552087
743,2020-10-07,Allegany,1,131,309,20118,0.003236245954692557,0.0,0.003765172121724004
744,2020-10-08,Allegany,10,141,203,20321,0.04926108374384237,1.0,0.0062486242731992865
745,2020-10-09,Allegany,3,144,137,20458,0.021897810218978103,1.0,0.007484346349595917
746,2020-10-10,Allegany,6,150,266,20724,0.022556390977443608,1.0,0.009095517133699032
747,2020-10-11,Allegany,1,151,110,20834,0.00909090909090909,1.0,0.008678769702026226
748,2020-10-12,Allegany,5,156,434,21268,0.01152073732718894,2.0,0.008852328861760501
749,2020-10-13,Allegany,5,161,379,21647,0.013192612137203167,2.0,0.009339699246446986
750,2020-10-14,Allegany,15,176,355,22002,0.04225352112676056,3.0,0.012126647473023274
751,2020-10-15,Allegany,12,188,191,22193,0.06282722513089005,3.0,0.01309565757209811
752,2020-10-16,Allegany,12,200,342,22535,0.03508771929824561,4.0,0.014037793934902931
753,2020-10-17,Allegany,5,205,182,22717,0.027472527472527472,3.0,0.014388946541694635
754,2020-10-18,Allegany,7,212,120,22837,0.058333333333333334,4.0,0.01790626255901065
755,2020-10-19,Allegany,8,220,195,23032,0.041025641025641026,4.0,0.02001375568032866
756,2020-10-20,Allegany,4,224,627,23659,0.006379585326953748,4.0,0.01952711090816799
757,2020-10-21,Allegany,19,243,206,23865,0.09223300970873786,4.0,0.023097074378309223
758,2020-10-22,Allegany,21,264,485,24350,0.04329896907216495,5.0,0.021702198945543143
759,2020-10-23,Allegany,5,269,312,24662,0.016025641025641024,4.0,0.020340621926071386
760,2020-10-24,Allegany,2,271,128,24790,0.015625,4.0,0.019494369963747992
761,2020-10-25,Allegany,16,287,148,24938,0.10810810810810811,5.0,0.023049711019089057
762,2020-10-26,Allegany,2,289,136,25074,0.014705882352941176,4.0,0.02116972825675335
763,2020-10-27,Allegany,19,308,464,25538,0.040948275862068964,6.0,0.023638920437833007
764,2020-10-28,Allegany,6,314,591,26129,0.01015228426395939,5.0,0.01777601147749169
765,2020-10-29,Allegany,22,336,628,26757,0.03503184713375796,5.0,0.017185502767605474
766,2020-10-30,Allegany,5,341,256,27013,0.01953125,5.0,0.017435903408631114
767,2020-10-31,Allegany,7,348,85,27098,0.08235294117647059,5.0,0.022202184921236157
768,2020-11-01,Allegany,16,364,358,27456,0.0446927374301676,5.0,0.017672515587097547
769,2020-11-02,Allegany,10,374,227,27683,0.04405286343612335,6.0,0.019768728521610563
770,2020-11-03,Allegany,5,379,477,28160,0.010482180293501049,5.0,0.017592578838141425
771,2020-11-04,Allegany,10,389,704,28864,0.014204545454545454,5.0,0.017882026066040425
772,2020-11-05,Allegany,25,414,245,29109,0.10204081632653061,5.0,0.022668381008381335
773,2020-11-06,Allegany,41,455,296,29405,0.13851351351351351,8.0,0.031167114116489442
774,2020-11-07,Allegany,14,469,187,29592,0.0748663101604278,8.0,0.030632354758200673
775,2020-11-08,Allegany,2,471,59,29651,0.03389830508474576,7.0,0.029861323876384824
776,2020-11-09,Allegany,13,484,263,29914,0.049429657794676805,7.0,0.030245380616281504
777,2020-11-10,Allegany,19,503,799,30713,0.023779724655819776,8.0,0.03119520521358998
778,2020-11-11,Allegany,40,543,715,31428,0.055944055944055944,11.0,0.03417659881998359
779,2020-11-12,Allegany,46,589,432,31860,0.10648148148148148,12.0,0.03449378918819436
780,2020-11-13,Allegany,39,628,272,32132,0.14338235294117646,12.0,0.03484156343302743
781,2020-11-14,Allegany,16,644,97,32229,0.16494845360824742,12.0,0.04127600225072884
782,2020-11-15,Allegany,6,650,125,32354,0.048,12.0,0.04228326617324699
783,2020-11-16,Allegany,17,667,196,32550,0.08673469387755102,13.0,0.04494791160773801
784,2020-11-17,Allegany,25,692,302,32852,0.08278145695364239,13.0,0.04916232105758248
785,2020-11-18,Allegany,17,709,1511,34363,0.011250827266710787,11.0,0.045969947580629264
786,2020-11-19,Allegany,49,758,2048,36411,0.02392578125,12.0,0.040073111849809155
787,2020-11-20,Allegany,49,807,1098,37509,0.044626593806921674,12.0,0.03301912905450523
788,2020-11-21,Allegany,39,846,505,38014,0.07722772277227723,14.0,0.02675336256622165
789,2020-11-22,Allegany,10,856,274,38288,0.0364963503649635,14.0,0.025931673306576187
790,2020-11-23,Allegany,13,869,290,38578,0.04482758620689655,14.0,0.022938308472958007
791,2020-11-24,Allegany,38,907,422,39000,0.09004739336492891,15.0,0.023457303930907048
792,2020-11-25,Allegany,23,930,389,39389,0.05912596401028278,15.0,0.026876956555447907
793,2020-11-26,Allegany,53,983,456,39845,0.1162280701754386,16.0,0.033469977192979235
794,2020-11-27,Allegany,14,997,150,39995,0.09333333333333334,13.0,0.03694903001629435
795,2020-11-28,Allegany,22,1019,397,40392,0.055415617128463476,12.0,0.035391022470307655
796,2020-11-29,Allegany,23,1042,328,40720,0.0701219512195122,13.0,0.03779285110277542
797,2020-11-30,Allegany,16,1058,197,40917,0.08121827411167512,13.0,0.04039218595311674
798,2020-12-01,Allegany,11,1069,338,41255,0.03254437869822485,11.0,0.03628482776263788
799,2020-12-02,Allegany,26,1095,298,41553,0.087248322147651,11.0,0.038293567629592754
800,2020-12-03,Allegany,32,1127,344,41897,0.09302325581395349,10.0,0.03663608088948668
801,2020-12-04,Allegany,55,1182,376,42273,0.14627659574468085,13.0,0.04041774249029722
802,2020-12-05,Allegany,42,1224,401,42674,0.10473815461346633,14.0,0.043940780882083134
803,2020-12-06,Allegany,15,1239,132,42806,0.11363636363636363,14.0,0.04704895319757252
804,2020-12-07,Allegany,3,1242,94,42900,0.031914893617021274,13.0,0.04352728316224012
805,2020-12-08,Allegany,44,1286,737,43637,0.05970149253731343,15.0,0.04546707700788929
806,2020-12-09,Allegany,20,1306,343,43980,0.05830903790087463,15.0,0.043399985275976695
807,2020-12-10,Allegany,44,1350,342,44322,0.1286549707602339,15.0,0.04594510777213958
808,2020-12-11,Allegany,27,1377,338,44660,0.07988165680473373,13.0,0.041202612133571924
809,2020-12-12,Allegany,18,1395,154,44814,0.11688311688311688,12.0,0.04207010943854696
810,2020-12-13,Allegany,8,1403,113,44927,0.07079646017699115,11.0,0.039010116334306066
811,2020-12-14,Allegany,24,1427,166,45093,0.14457831325301204,13.0,0.04705750345116255
812,2020-12-15,Allegany,24,1451,535,45628,0.044859813084112146,11.0,0.045997383490219604
813,2020-12-16,Allegany,17,1468,240,45868,0.07083333333333333,11.0,0.04689197602110951
814,2020-12-17,Allegany,34,1502,398,46266,0.08542713567839195,10.0,0.04380427351526366
815,2020-12-18,Allegany,35,1537,411,46677,0.0851581508515815,11.0,0.04418116594718136
816,2020-12-19,Allegany,22,1559,221,46898,0.09954751131221719,11.0,0.04294290840640281
817,2020-12-20,Allegany,17,1576,128,47026,0.1328125,12.0,0.04737262553661773
818,2020-12-21,Allegany,31,1607,264,47290,0.11742424242424243,12.0,0.04543304904884847
819,2020-12-22,Allegany,20,1627,246,47536,0.08130081300813008,12.0,0.04803597761484975
820,2020-12-23,Allegany,35,1662,372,47908,0.09408602150537634,13.0,0.049696883912852825
821,2020-12-24,Allegany,31,1693,288,48196,0.1076388888888889,13.0,0.0512834377136026
822,2020-12-25,Allegany,26,1719,201,48397,0.12935323383084577,13.0,0.054440229354978616
823,2020-12-26,Allegany,12,1731,231,48628,0.05194805194805195,12.0,0.05104026797182396
824,2020-12-27,Allegany,17,1748,114,48742,0.14912280701754385,12.0,0.05220528990164852
825,2020-12-28,Allegany,14,1762,149,48891,0.09395973154362416,11.0,0.050529253410175785
826,2020-12-29,Allegany,20,1782,158,49049,0.12658227848101267,11.0,0.053763643801095974
827,2020-12-30,Allegany,49,1831,432,49481,0.11342592592592593,12.0,0.055145065545420945
828,2020-12-31,Allegany,45,1876,279,49760,0.16129032258064516,13.0,0.05897731080911782
829,2021-01-01,Allegany,18,1894,255,50015,0.07058823529411765,12.0,0.05477981091363725
830,2021-01-02,Allegany,33,1927,253,50268,0.13043478260869565,14.0,0.06038600596082607
831,2021-01-03,Allegany,20,1947,169,50437,0.11834319526627218,14.0,0.05818746226430667
832,2021-01-04,Allegany,14,1961,152,50589,0.09210526315789473,14.0,0.05805500023675457
833,2021-01-05,Allegany,21,1982,257,50846,0.08171206225680934,14.0,0.05484998479216861
834,2021-01-06,Allegany,33,2015,270,51116,0.12222222222222222,13.0,0.05547829167047549
835,2021-01-07,Allegany,51,2066,372,51488,0.13709677419354838,13.0,0.05375018107139715
836,2021-01-08,Allegany,29,2095,209,51697,0.13875598086124402,14.0,0.05861930575476332
837,2021-01-09,Allegany,28,2123,226,51923,0.12389380530973451,14.0,0.05815209309055182
838,2021-01-10,Allegany,72,2195,472,52395,0.15254237288135594,17.0,0.06059489149162923
839,2021-01-11,Allegany,31,2226,426,52821,0.07276995305164319,18.0,0.05921379791261126
840,2021-01-12,Allegany,12,2238,280,53101,0.04285714285714286,18.0,0.0564384465269208
841,2021-01-13,Allegany,19,2257,225,53326,0.08444444444444445,17.0,0.053740033828508095
842,2021-01-14,Allegany,29,2286,460,53786,0.06304347826086956,15.0,0.0484505126904596
843,2021-01-15,Allegany,27,2313,311,54097,0.08681672025723473,15.0,0.04474056550445894
844,2021-01-16,Allegany,15,2328,449,54546,0.0334075723830735,14.0,0.038277263152554586
845,2021-01-17,Allegany,19,2347,159,54705,0.11949685534591195,10.0,0.035916869042880016
846,2021-01-18,Allegany,19,2366,335,55040,0.056716417910447764,10.0,0.034770187961366064
847,2021-01-19,Allegany,9,2375,422,55462,0.02132701421800948,9.0,0.03323232162999939
848,2021-01-20,Allegany,19,2394,330,55792,0.05757575757575758,9.0,0.03131312971080747
849,2021-01-21,Allegany,19,2413,303,56095,0.0627062706270627,9.0,0.03128904345124984
850,2021-01-22,Allegany,29,2442,536,56631,0.054104477611940295,9.0,0.028952454690871664
851,2021-01-23,Allegany,17,2459,357,56988,0.047619047619047616,9.0,0.02996756006486981
852,2021-01-24,Allegany,21,2480,306,57294,0.06862745098039216,9.0,0.026334031181618398
853,2021-01-25,Allegany,16,2496,306,57600,0.05228758169934641,9.0,0.026017685737968303
854,2021-01-26,Allegany,17,2513,455,58055,0.03736263736263736,9.0,0.027163087391156006
855,2021-01-27,Allegany,19,2532,406,58461,0.046798029556650245,9.0,0.02639324967550549
856,2021-01-28,Allegany,9,2541,432,58893,0.020833333333333332,9.0,0.023402325583096243
857,2021-01-29,Allegany,12,2553,681,59574,0.01762114537444934,7.0,0.020796373280418317
858,2021-01-30,Allegany,25,2578,590,60164,0.0423728813559322,8.0,0.020421647118767223
859,2021-01-31,Allegany,8,2586,255,60419,0.03137254901960784,7.0,0.01776058269299691
860,2021-02-01,Allegany,8,2594,250,60669,0.032,7.0,0.016311469714472168
861,2021-02-02,Allegany,17,2611,498,61167,0.03413654618473896,7.0,0.016081034630336565
862,2021-02-03,Allegany,18,2629,374,61541,0.0481283422459893,6.0,0.016176056965289357
863,2021-02-04,Allegany,23,2652,2950,64491,0.007796610169491526,7.0,0.01524486245358637
864,2021-02-05,Allegany,13,2665,509,65000,0.025540275049115914,8.0,0.01581051457320541
865,2021-02-06,Allegany,18,2683,442,65442,0.04072398190045249,7.0,0.015692736040671146
866,2021-02-07,Allegany,7,2690,341,65783,0.020527859237536656,7.0,0.014918115341951773
867,2021-02-08,Allegany,8,2698,88,65871,0.09090909090909091,7.0,0.01912590754974398
868,2021-02-09,Allegany,12,2710,2480,68351,0.004838709677419355,7.0,0.017033204942078294
869,2021-02-10,Allegany,11,2721,1844,70195,0.00596529284164859,6.0,0.014021558556053958
870,2021-02-11,Allegany,13,2734,319,70514,0.04075235109717868,5.0,0.016375540050888756
871,2021-02-12,Allegany,13,2747,462,70976,0.02813852813852814,5.0,0.016561129557275345
872,2021-02-13,Allegany,8,2755,554,71530,0.01444043321299639,5.0,0.014683733222457052
873,2021-02-14,Allegany,5,2760,238,71768,0.02100840336134454,5.0,0.014718057802729044
874,2021-02-15,Allegany,8,2768,226,71994,0.035398230088495575,5.0,0.010752996315543663
875,2021-02-16,Allegany,28,2796,3523,75517,0.007947771785410162,6.0,0.010975072180400147
876,2021-02-17,Allegany,17,2813,274,75791,0.06204379562043796,6.0,0.014980679521742245
877,2021-02-18,Allegany,10,2823,1242,77033,0.008051529790660225,6.0,0.012644906571276643
878,2021-02-19,Allegany,9,2832,976,78009,0.009221311475409836,6.0,0.011293676809625336
879,2021-02-20,Allegany,7,2839,1989,79998,0.003519356460532931,6.0,0.010513599898735088
880,2021-02-21,Allegany,5,2844,137,80135,0.0364963503649635,6.0,0.011619881827565013
881,2021-02-22,Allegany,6,2850,172,80307,0.03488372093023256,5.0,0.01158313117340337
882,2021-02-23,Allegany,6,2856,1015,81322,0.005911330049261084,4.0,0.01143767104939272
883,2021-02-24,Allegany,13,2869,10407,91729,0.0012491592197559334,4.0,0.007095197020772576
884,2021-02-25,Allegany,9,2878,1772,93501,0.005079006772009029,3.0,0.006882873948011777
885,2021-02-26,Allegany,14,2892,601,94102,0.02329450915141431,4.0,0.007888102353440668
886,2021-02-27,Allegany,8,2900,1707,95809,0.0046865846514352666,4.0,0.007971475795647977
887,2021-02-28,Allegany,4,2904,223,96032,0.017937219730941704,4.0,0.006645823607503563
888,2021-03-01,Allegany,2,2906,132,96164,0.015151515151515152,4.0,0.005236380337595177
889,2021-03-02,Allegany,2,2908,818,96982,0.0024449877750611247,3.0,0.0049887844608666075
890,2021-03-03,Allegany,5,2913,1789,98771,0.002794857462269424,3.0,0.005099191478189
891,2021-03-04,Allegany,6,2919,2923,101694,0.0020526855969893944,2.0,0.004883025679973313
892,2021-03-05,Allegany,5,2924,593,102287,0.008431703204047217,2.0,0.0038213966837328055
893,2021-03-06,Allegany,6,2930,1817,104104,0.003302146395156852,2.0,0.0037225082368557766
894,2021-03-07,Allegany,6,2936,159,104263,0.03773584905660377,2.0,0.0051366960458316385
895,2021-03-08,Allegany,0,2936,221,104484,0.0,2.0,0.0040544449635805556
896,2021-03-09,Allegany,3,2939,909,105393,0.0033003300330033004,2.0,0.004115540839147854
897,2021-03-10,Allegany,5,2944,1683,107076,0.0029708853238265003,2.0,0.004128114257830502
898,2021-03-11,Allegany,6,2950,3106,110182,0.0019317450096587251,2.0,0.00411947564444974
899,2021-03-12,Allegany,6,2956,1865,112047,0.0032171581769436996,2.0,0.0037470081425137747
900,2021-03-13,Allegany,1,2957,284,112331,0.0035211267605633804,1.0,0.0037626495971856697
901,2021-03-14,Allegany,2,2959,158,112489,0.012658227848101266,1.0,0.0019713909394354907
902,2021-03-15,Allegany,3,2962,233,112722,0.012875536480686695,1.0,0.002891072116627397
903,2021-03-16,Allegany,3,2965,1360,114082,0.0022058823529411764,1.0,0.002812897282337246
904,2021-03-17,Allegany,5,2970,3306,117388,0.0015124016938898972,1.0,0.002708719880198917
905,2021-03-18,Allegany,1,2971,3039,120427,0.0003290556103981573,1.0,0.0025942420659660196
906,2021-03-19,Allegany,5,2976,1936,122363,0.0025826446280991736,1.0,0.002548919669619982
907,2021-03-20,Allegany,5,2981,705,123068,0.0070921985815602835,1.0,0.0028039962282626176
908,2021-03-21,Allegany,3,2984,167,123235,0.017964071856287425,1.0,0.0031829850859902004
909,2021-03-22,Allegany,4,2988,195,123430,0.020512820512820513,1.0,0.0037285053739997587
910,2021-03-23,Allegany,1,2989,609,124039,0.0016420361247947454,1.0,0.003688230643417871
911,2021-03-24,Allegany,6,2995,934,124973,0.006423982869379015,1.0,0.004039057870238522
912,2021-03-25,Allegany,5,3000,1677,126650,0.0029815146094215863,2.0,0.004228519227311624
913,2021-03-26,Allegany,3,3003,1634,128284,0.0018359853121175031,1.0,0.004175186419027219
914,2021-03-27,Allegany,8,3011,670,128954,0.011940298507462687,2.0,0.004521479270877391
915,2021-03-28,Allegany,3,3014,402,129356,0.007462686567164179,2.0,0.003771380321654302
916,2021-03-29,Allegany,4,3018,202,129558,0.019801980198019802,2.0,0.0037206060134542516
917,2021-03-30,Allegany,11,3029,849,130407,0.012956419316843345,2.0,0.004528776241457723
918,2021-03-31,Allegany,12,3041,515,130922,0.02330097087378641,3.0,0.005734275384629678
919,2021-04-01,Allegany,7,3048,1625,132547,0.0043076923076923075,3.0,0.005829002363077587
920,2021-04-02,Allegany,12,3060,669,133216,0.017937219730941704,4.0,0.006979090535850745
921,2021-04-03,Allegany,7,3067,446,133662,0.01569506726457399,4.0,0.007247288304215838
922,2021-04-04,Allegany,4,3071,194,133856,0.020618556701030927,4.0,0.008186993313777749
923,2021-04-05,Allegany,5,3076,119,133975,0.04201680672268908,4.0,0.009773766636968412
924,2021-04-06,Allegany,8,3084,475,134450,0.016842105263157894,3.0,0.010051315633133736
925,2021-04-07,Allegany,13,3097,912,135362,0.01425438596491228,4.0,0.009405130996785586
926,2021-04-08,Allegany,10,3107,1031,136393,0.009699321047526674,4.0,0.009790247335345182
927,2021-04-09,Allegany,11,3118,548,136941,0.020072992700729927,4.0,0.009942802547472913
928,2021-04-10,Allegany,8,3126,800,137741,0.01,4.0,0.00953601202857477
929,2021-04-11,Allegany,3,3129,94,137835,0.031914893617021274,4.0,0.010342893236859796
930,2021-04-12,Allegany,4,3133,232,138067,0.017241379310344827,4.0,0.008573219850263778
931,2021-04-13,Allegany,8,3141,467,138534,0.017130620985010708,4.0,0.008593828116110406
932,2021-04-14,Allegany,13,3154,497,139031,0.026156941649899398,4.0,0.009444010665038057
933,2021-04-15,Allegany,7,3161,729,139760,0.009602194787379973,3.0,0.009437073075027577
934,2021-04-16,Allegany,17,3178,360,140120,0.04722222222222222,4.0,0.011376303755134171
935,2021-04-17,Allegany,7,3185,1075,141195,0.0065116279069767444,4.0,0.011127134319918224
936,2021-04-18,Allegany,8,3193,156,141351,0.05128205128205128,4.0,0.012510502724563225
937,2021-04-19,Allegany,4,3197,242,141593,0.01652892561983471,4.0,0.012459613175241075
938,2021-04-20,Allegany,7,3204,1066,142659,0.006566604127579738,4.0,0.011705040542567434
939,2021-04-21,Allegany,16,3220,659,143318,0.024279210925644917,4.0,0.0115709169194064
940,2021-04-22,Allegany,11,3231,738,144056,0.014905149051490514,5.0,0.011949699366842866
941,2021-04-23,Allegany,9,3240,898,144954,0.01002227171492205,4.0,0.009292560044892855
942,2021-04-24,Allegany,2,3242,488,145442,0.004098360655737705,4.0,0.009120183812661494
943,2021-04-25,Allegany,6,3248,138,145580,0.043478260869565216,3.0,0.008562770211769632
944,2021-04-26,Allegany,7,3255,225,145805,0.03111111111111111,4.0,0.009604354889717946
945,2021-04-27,Allegany,10,3265,282,146087,0.03546099290780142,4.0,0.011668239802590925
946,2021-04-28,Allegany,8,3273,758,146845,0.010554089709762533,3.0,0.010687874001456469
947,2021-04-29,Allegany,9,3282,351,147196,0.02564102564102564,3.0,0.011454722329280406
948,2021-04-30,Allegany,17,3299,839,148035,0.02026221692491061,4.0,0.012186146987136732
949,2021-05-01,Allegany,10,3309,411,148446,0.024330900243309004,4.0,0.013631328386248967
950,2021-05-02,Allegany,13,3322,159,148605,0.08176100628930817,5.0,0.016365810201944893
951,2021-05-03,Allegany,7,3329,329,148934,0.02127659574468085,5.0,0.015663344818628445
952,2021-05-04,Allegany,7,3336,235,149169,0.029787234042553193,5.0,0.015258076328253573
953,2021-05-05,Allegany,7,3343,658,149827,0.010638297872340425,5.0,0.015264091197009137
954,2021-05-06,Allegany,10,3353,447,150274,0.02237136465324385,5.0,0.015030543983596153
955,2021-05-07,Allegany,13,3366,614,150888,0.021172638436482084,4.0,0.015095574091565542
956,2021-05-08,Allegany,6,3372,400,151288,0.015,4.0,0.014429081217043468
957,2021-05-09,Allegany,7,3379,170,151458,0.041176470588235294,4.0,0.011530185809823979
958,2021-05-10,Allegany,7,3386,141,151599,0.04964539007092199,4.0,0.013556528261698345
959,2021-05-11,Allegany,7,3393,351,151950,0.019943019943019943,4.0,0.012853370111731684
960,2021-05-12,Allegany,5,3398,330,152280,0.015151515151515152,3.0,0.013175742774529878
961,2021-05-13,Allegany,19,3417,717,152997,0.026499302649930265,4.0,0.01347059548857891
962,2021-05-14,Allegany,16,3433,569,153566,0.028119507908611598,4.0,0.013966800450873871
963,2021-05-15,Allegany,7,3440,246,153812,0.028455284552845527,4.0,0.014927892204648555
964,2021-05-16,Allegany,11,3451,138,153950,0.07971014492753623,5.0,0.01768029751459862
965,2021-05-17,Allegany,7,3458,200,154150,0.035,5.0,0.016634198223818477
966,2021-05-18,Allegany,6,3464,252,154402,0.023809523809523808,5.0,0.016910377071425897
967,2021-05-19,Allegany,15,3479,363,154765,0.04132231404958678,5.0,0.018779719849859582
968,2021-05-20,Allegany,7,3486,504,155269,0.013888888888888888,4.0,0.0178789760097852
969,2021-05-21,Allegany,12,3498,456,155725,0.02631578947368421,4.0,0.01775013897871896
970,2021-05-22,Allegany,5,3503,294,156019,0.017006802721088437,4.0,0.016932390276450597
971,2021-05-23,Allegany,3,3506,182,156201,0.016483516483516484,3.0,0.012416202530449186
972,2021-05-24,Allegany,5,3511,84,156285,0.05952380952380952,3.0,0.014167903210721295
973,2021-05-25,Allegany,6,3517,251,156536,0.02390438247011952,3.0,0.014174678829335274
974,2021-05-26,Allegany,2,3519,324,156860,0.006172839506172839,2.0,0.011664002076234279
975,2021-05-27,Allegany,4,3523,550,157410,0.007272727272727273,2.0,0.011191419103651306
976,2021-05-28,Allegany,6,3529,186,157596,0.03225806451612903,2.0,0.011615867320968792
977,2021-05-29,Allegany,0,3529,216,157812,0.0,1.0,0.010401095698033904
978,2021-05-30,Allegany,2,3531,66,157878,0.030303030303030304,1.0,0.01138820382799918
979,2021-05-31,Allegany,1,3532,60,157938,0.016666666666666666,1.0,0.008326979338203259
980,2021-06-01,Allegany,1,3533,277,158215,0.0036101083032490976,1.0,0.006877388326283943
981,2021-06-02,Allegany,2,3535,265,158480,0.007547169811320755,1.0,0.006975554776651653
982,2021-06-03,Allegany,1,3536,405,158885,0.0024691358024691358,0.0,0.006632441100204642
983,2021-06-04,Allegany,9,3545,304,159189,0.029605263157894735,1.0,0.006442955288902192
984,2021-06-05,Allegany,4,3549,149,159338,0.026845637583892617,1.0,0.008360500830608807
985,2021-06-06,Allegany,0,3549,139,159477,0.0,1.0,0.006195998666106643
986,2021-06-07,Allegany,2,3551,47,159524,0.0425531914893617,1.0,0.008045036153442002
987,2021-06-08,Allegany,4,3555,302,159826,0.013245033112582781,1.0,0.008733245068394407
988,2021-06-09,Allegany,0,3555,230,160056,0.0,1.0,0.008194161510442926
989,2021-06-10,Allegany,0,3555,347,160403,0.0,1.0,0.008017794667409416
990,2021-06-11,Allegany,0,3555,204,160607,0.0,0.0,0.0059031330132740785
991,2021-06-12,Allegany,0,3555,107,160714,0.0,0.0,0.003985587471567463
992,2021-06-13,Allegany,0,3555,72,160786,0.0,0.0,0.003985587471567463
993,2021-06-14,Allegany,0,3555,59,160845,0.0,0.0,0.000946073793755913
994,2021-06-15,Allegany,1,3556,144,160989,0.006944444444444444,0.0,0.000496031746031746
995,2021-06-16,Allegany,1,3557,214,161203,0.004672897196261682,0.0,0.0008298101171932947
996,2021-06-17,Allegany,1,3558,214,161417,0.004672897196261682,0.0,0.0011635884883548432
997,2021-06-18,Allegany,1,3559,136,161553,0.007352941176470588,0.0,0.0016887985723884568
998,2021-06-19,Allegany,0,3559,74,161627,0.0,0.0,0.0016887985723884568
999,2021-06-20,Allegany,0,3559,94,161721,0.0,0.0,0.0016887985723884568
1000,2021-06-21,Allegany,2,3561,55,161776,0.03636363636363636,0.0,0.004286201169791054
1001,2021-06-22,Allegany,0,3561,109,161885,0.0,0.0,0.0037901694237593084
1002,2021-06-23,Allegany,0,3561,138,162023,0.0,0.0,0.0034563910525977595
1003,2021-06-24,Allegany,0,3561,159,162182,0.0,0.0,0.0031226126814362107
1004,2021-06-25,Allegany,0,3561,126,162308,0.0,0.0,0.0025974025974025974
1005,2021-06-26,Allegany,1,3562,100,162408,0.01,0.0,0.0033116883116883116
1006,2021-06-27,Allegany,0,3562,88,162496,0.0,0.0,0.0033116883116883116
1007,2021-06-28,Allegany,0,3562,41,162537,0.0,0.0,0.0007142857142857143
1008,2021-06-29,Allegany,0,3562,98,162635,0.0,0.0,0.0007142857142857143
1009,2021-06-30,Allegany,0,3562,130,162765,0.0,0.0,0.0007142857142857143
1010,2021-07-01,Allegany,0,3562,168,162933,0.0,0.0,0.0007142857142857143
1011,2021-07-02,Allegany,0,3562,115,163048,0.0,0.0,0.0007142857142857143
1012,2021-07-03,Allegany,0,3562,57,163105,0.0,0.0,0.0
1013,2021-07-04,Allegany,0,3562,74,163179,0.0,0.0,0.0
1014,2021-07-05,Allegany,0,3562,26,163205,0.0,0.0,0.0
1015,2021-07-06,Allegany,0,3562,29,163234,0.0,0.0,0.0
1016,2021-07-07,Allegany,0,3562,40,163274,0.0,0.0,0.0
1017,2021-07-08,Allegany,1,3563,78,163352,0.01282051282051282,0.0,0.0009157509157509158
1018,2021-07-09,Allegany,0,3563,136,163488,0.0,0.0,0.0009157509157509158
1019,2021-07-10,Allegany,0,3563,33,163521,0.0,0.0,0.0009157509157509158
1020,2021-07-11,Allegany,0,3563,35,163556,0.0,0.0,0.0009157509157509158
1021,2021-07-12,Allegany,1,3564,51,163607,0.0196078431372549,0.0,0.002316311139840551
1022,2021-07-13,Allegany,0,3564,64,163671,0.0,0.0,0.002316311139840551
1023,2021-07-14,Allegany,1,3565,72,163743,0.013888888888888888,0.0,0.0033083746319040436
1024,2021-07-15,Allegany,2,3567,139,163882,0.014388489208633094,0.0,0.003420372945341206
1025,2021-07-16,Allegany,2,3569,242,164124,0.008264462809917356,0.0,0.00401069171747816
1026,2021-07-17,Allegany,0,3569,67,164191,0.0,0.0,0.00401069171747816
1027,2021-07-18,Allegany,0,3569,44,164235,0.0,0.0,0.00401069171747816
1028,2021-07-19,Allegany,2,3571,50,164285,0.04,0.0,0.005467274350531382
1029,2021-07-20,Allegany,1,3572,71,164356,0.014084507042253521,0.0,0.006473310567835205
1030,2021-07-21,Allegany,2,3574,75,164431,0.02666666666666667,0.0,0.0073860089805336164
1031,2021-07-22,Allegany,1,3575,81,164512,0.012345679012345678,0.0,0.007240093966513088
1032,2021-07-23,Allegany,1,3576,47,164559,0.02127659574468085,0.0,0.008169532033281909
1033,2021-07-24,Allegany,0,3576,41,164600,0.0,0.0,0.008169532033281909
1034,2021-07-25,Allegany,0,3576,36,164636,0.0,0.0,0.008169532033281909
1035,2021-07-26,Allegany,0,3576,57,164693,0.0,0.0,0.005312389176139051
1036,2021-07-27,Allegany,0,3576,67,164760,0.0,0.0,0.0043063529588352285
1037,2021-07-28,Allegany,2,3578,55,164815,0.03636363636363636,0.0,0.004998993651475921
1038,2021-07-29,Allegany,1,3579,114,164929,0.008771929824561403,0.0,0.004743725852348473
1039,2021-07-30,Allegany,1,3580,67,164996,0.014925373134328358,0.0,0.004290067094466152
1040,2021-07-31,Allegany,2,3582,56,165052,0.03571428571428571,0.0,0.006841087502629417
1041,2021-08-01,Allegany,0,3582,36,165088,0.0,0.0,0.006841087502629417
1042,2021-08-02,Allegany,0,3582,54,165142,0.0,0.0,0.006841087502629417
1043,2021-08-03,Allegany,3,3585,104,165246,0.028846153846153848,0.0,0.008901527063068976
1044,2021-08-04,Allegany,2,3587,81,165327,0.024691358024691357,0.0,0.008067792896001477
1045,2021-08-05,Allegany,5,3592,121,165448,0.04132231404958678,0.0,0.010392820340646147
1046,2020-03-01,Bronx,0,0,0,0,,,
1047,2020-03-02,Bronx,0,0,0,0,,,
1048,2020-03-03,Bronx,0,0,1,1,0.0,,
1049,2020-03-04,Bronx,0,0,0,1,,,
1050,2020-03-05,Bronx,0,0,5,6,0.0,,
1051,2020-03-06,Bronx,0,0,6,12,0.0,,
1052,2020-03-07,Bronx,0,0,17,29,0.0,0.0,
1053,2020-03-08,Bronx,1,1,16,45,0.0625,0.0,
1054,2020-03-09,Bronx,4,5,31,76,0.12903225806451613,0.0,
1055,2020-03-10,Bronx,0,5,47,123,0.0,0.0,
1056,2020-03-11,Bronx,2,7,31,154,0.06451612903225806,1.0,0.036578341013824886
1057,2020-03-12,Bronx,3,10,36,190,0.08333333333333333,1.0,0.04848310291858678
1058,2020-03-13,Bronx,10,20,99,289,0.10101010101010101,2.0,0.06291311734860121
1059,2020-03-14,Bronx,8,28,80,369,0.1,2.0,0.038599415817157756
1060,2020-03-15,Bronx,29,57,116,485,0.25,4.0,0.05199227296001489
1061,2020-03-16,Bronx,29,86,151,636,0.19205298013245034,5.0,0.05649375310772448
1062,2020-03-17,Bronx,123,209,433,1069,0.2840646651270208,14.0,0.0767840863310831
1063,2020-03-18,Bronx,154,363,597,1666,0.25795644891122277,25.0,0.09060125203672344
1064,2020-03-19,Bronx,191,554,605,2271,0.315702479338843,38.0,0.10719904817997414
1065,2020-03-20,Bronx,297,851,884,3155,0.33597285067873306,59.0,0.12398210172773359
1066,2020-03-21,Bronx,367,1218,1044,4199,0.35153256704980845,85.0,0.14194871365986275
1067,2020-03-22,Bronx,606,1824,1276,5475,0.47492163009404387,126.0,0.15801454438086587
1068,2020-03-23,Bronx,455,2279,970,6445,0.4690721649484536,156.0,0.1778016290105804
1069,2020-03-24,Bronx,611,2890,1188,7633,0.5143097643097643,191.0,0.1942477075236335
1070,2020-03-25,Bronx,838,3728,1770,9403,0.47344632768361583,240.0,0.20963984172166159
1071,2020-03-26,Bronx,829,4557,1428,10831,0.5805322128851541,285.0,0.22855625126068382
1072,2020-03-27,Bronx,846,5403,1478,12309,0.5723951285520974,325.0,0.24544355682306698
1073,2020-03-28,Bronx,901,6304,1529,13838,0.5892740353172008,363.0,0.26242509027073785
1074,2020-03-29,Bronx,658,6962,1160,14998,0.5672413793103448,367.0,0.2690193580719022
1075,2020-03-30,Bronx,804,7766,1341,16339,0.5995525727069351,391.0,0.278339387197508
1076,2020-03-31,Bronx,1095,8861,1818,18157,0.6023102310231023,426.0,0.28462513481988927
1077,2020-04-01,Bronx,1066,9927,1754,19911,0.6077537058152793,442.0,0.29421851897215096
1078,2020-04-02,Bronx,1159,11086,1946,21857,0.5955806783144912,466.0,0.2952934093599608
1079,2020-04-03,Bronx,1229,12315,2108,23965,0.5830170777988615,493.0,0.2960521200204439
1080,2020-04-04,Bronx,1053,13368,1778,25743,0.5922384701912261,504.0,0.2962638653685886
1081,2020-04-05,Bronx,959,14327,1628,27371,0.5890663390663391,526.0,0.29782279106544535
1082,2020-04-06,Bronx,1021,15348,1996,29367,0.5115230460921844,541.0,0.29153496773582027
1083,2020-04-07,Bronx,1278,16626,2562,31929,0.49882903981264637,554.0,0.28414345407793057
1084,2020-04-08,Bronx,1166,17792,2348,34277,0.49659284497444633,561.0,0.2762033925892996
1085,2020-04-09,Bronx,1368,19160,2637,36914,0.5187713310580204,576.0,0.27071701064240883
1086,2020-04-10,Bronx,1317,20477,2580,39494,0.5104651162790698,583.0,0.26553472767670944
1087,2020-04-11,Bronx,964,21441,2081,41575,0.4632388274867852,576.0,0.2563204674835351
1088,2020-04-12,Bronx,764,22205,1623,43198,0.4707332101047443,562.0,0.24786810112913546
1089,2020-04-13,Bronx,1061,23266,2294,45492,0.46251089799476897,565.0,0.24436723340789154
1090,2020-04-14,Bronx,1387,24653,2622,48114,0.5289855072463768,573.0,0.2465212667960151
1091,2020-04-15,Bronx,1279,25932,2939,51053,0.43518203470568223,581.0,0.2421347803482463
1092,2020-04-16,Bronx,1103,27035,2793,53846,0.39491586108127463,562.0,0.233287961064193
1093,2020-04-17,Bronx,984,28019,2597,56443,0.37889872930304197,538.0,0.22389036199447673
1094,2020-04-18,Bronx,804,28823,2162,58605,0.37187789084181316,527.0,0.21736458080555016
1095,2020-04-19,Bronx,549,29372,1707,60312,0.3216168717047452,511.0,0.2067134137769788
1096,2020-04-20,Bronx,617,29989,2050,62362,0.30097560975609755,480.0,0.195175178902788
1097,2020-04-21,Bronx,879,30868,2942,65304,0.29877634262406527,443.0,0.1787316671440514
1098,2020-04-22,Bronx,791,31659,3084,68388,0.25648508430609596,409.0,0.16596759925836668
1099,2020-04-23,Bronx,1042,32701,3691,72079,0.2823083175291249,404.0,0.157924203290356
1100,2020-04-24,Bronx,1482,34183,4800,76879,0.30875,440.0,0.15291357976871015
1101,2020-04-25,Bronx,787,34970,2967,79846,0.26525109538254127,439.0,0.14529738009304788
1102,2020-04-26,Bronx,586,35556,2363,82209,0.24798984341938213,441.0,0.1400383066440934
1103,2020-04-27,Bronx,438,35994,2107,84316,0.20787850023730423,428.0,0.1333885131070367
1104,2020-04-28,Bronx,606,36600,2938,87254,0.20626276378488767,409.0,0.1267804003328097
1105,2020-04-29,Bronx,644,37244,2977,90231,0.21632515955660062,398.0,0.12391183427927434
1106,2020-04-30,Bronx,541,37785,2824,93055,0.19157223796033995,363.0,0.11743068573864686
1107,2020-05-01,Bronx,665,38450,3694,96749,0.18002165674066054,304.0,0.10823580407726545
1108,2020-05-02,Bronx,466,38916,2857,99606,0.16310815540777038,281.0,0.10093987979335325
1109,2020-05-03,Bronx,307,39223,1869,101475,0.164258962011771,261.0,0.09495910254995245
1110,2020-05-04,Bronx,253,39476,2001,103476,0.12643678160919541,248.0,0.08914183693365897
1111,2020-05-05,Bronx,363,39839,2657,106133,0.13662024840045164,231.0,0.0841673715490564
1112,2020-05-06,Bronx,342,40181,2786,108919,0.12275664034458005,209.0,0.07748390589105493
1113,2020-05-07,Bronx,352,40533,3078,111997,0.11435997400909681,196.0,0.07196874418025186
1114,2020-05-08,Bronx,271,40804,2873,114870,0.09432648799164636,168.0,0.0658476606981794
1115,2020-05-09,Bronx,255,41059,2935,117805,0.0868824531516184,153.0,0.06040296767988284
1116,2020-05-10,Bronx,237,41296,2140,119945,0.11074766355140186,148.0,0.056580732075570746
1117,2020-05-11,Bronx,145,41441,1510,121455,0.09602649006622517,140.0,0.05440856839393001
1118,2020-05-12,Bronx,236,41677,2678,124133,0.08812546676624347,131.0,0.05094465542005801
1119,2020-05-13,Bronx,303,41980,3338,127471,0.09077291791491911,128.0,0.04866010381793937
1120,2020-05-14,Bronx,539,42519,4408,131879,0.12227767695099818,141.0,0.049225654028075175
1121,2020-05-15,Bronx,293,42812,3632,135511,0.08067180616740088,143.0,0.04825031961205765
1122,2020-05-16,Bronx,210,43022,2861,138372,0.07340090877315623,140.0,0.04728735215645321
1123,2020-05-17,Bronx,136,43158,2126,140498,0.06396989651928504,133.0,0.043946083082730576
1124,2020-05-18,Bronx,112,43270,2102,142600,0.0532825880114177,130.0,0.0408929472216729
1125,2020-05-19,Bronx,148,43418,2682,145282,0.055182699478001494,124.0,0.038539892415369904
1126,2020-05-20,Bronx,185,43603,3618,148900,0.05113322277501382,115.0,0.03570848561966238
1127,2020-05-21,Bronx,163,43766,3421,152321,0.0476468868751827,89.0,0.030377714899961276
1128,2020-05-22,Bronx,155,43921,3518,155839,0.04405912450255827,79.0,0.027762523352472517
1129,2020-05-23,Bronx,216,44137,4575,160414,0.04721311475409836,79.0,0.025891966636825525
1130,2020-05-24,Bronx,110,44247,2445,162859,0.044989775051124746,77.0,0.02453624367481408
1131,2020-05-25,Bronx,117,44364,2233,165092,0.052395879982086876,78.0,0.024472907387004732
1132,2020-05-26,Bronx,139,44503,3064,168156,0.04536553524804177,77.0,0.02377168137057904
1133,2020-05-27,Bronx,250,44753,5657,173813,0.044193035177656,82.0,0.02327595368505348
1134,2020-05-28,Bronx,221,44974,5781,179594,0.03822868015914202,86.0,0.022603224633907716
1135,2020-05-29,Bronx,142,45116,4817,184411,0.029478928793855098,85.0,0.021561782083286057
1136,2020-05-30,Bronx,137,45253,4338,188749,0.031581373905025356,79.0,0.02044522916549513
1137,2020-05-31,Bronx,106,45359,3997,192746,0.026519889917438078,79.0,0.019125951655946084
1138,2020-06-01,Bronx,107,45466,4069,196815,0.026296387318751537,78.0,0.017261702179993562
1139,2020-06-02,Bronx,105,45571,3579,200394,0.02933780385582565,76.0,0.016116864223406694
1140,2020-06-03,Bronx,117,45688,4303,204697,0.027190332326283987,66.0,0.014902385448308696
1141,2020-06-04,Bronx,90,45778,4606,209303,0.019539730785931395,57.0,0.013567460493079364
1142,2020-06-05,Bronx,104,45882,5144,214447,0.02021772939346812,54.0,0.01290594625019458
1143,2020-06-06,Bronx,98,45980,4164,218611,0.023535062439961577,51.0,0.012331209716975738
1144,2020-06-07,Bronx,72,46052,3718,222329,0.019365250134480903,49.0,0.011820164018193082
1145,2020-06-08,Bronx,75,46127,3214,225543,0.023335407591785935,47.0,0.01160866546626697
1146,2020-06-09,Bronx,96,46223,4468,230011,0.021486123545210387,46.0,0.01104783115836588
1147,2020-06-10,Bronx,93,46316,3929,233940,0.023670145075082718,44.0,0.010796389211851502
1148,2020-06-11,Bronx,80,46396,4894,238834,0.016346546791990192,44.0,0.010568304640855702
1149,2020-06-12,Bronx,105,46501,5869,244703,0.01789061168853297,44.0,0.010402081947646049
1150,2020-06-13,Bronx,66,46567,4578,249281,0.014416775884665793,41.0,0.009750775765124921
1151,2020-06-14,Bronx,78,46645,4689,253970,0.016634676903390915,42.0,0.009555734820047066
1152,2020-06-15,Bronx,65,46710,4542,258512,0.014310876265962131,41.0,0.008911125439631079
1153,2020-06-16,Bronx,68,46778,5106,263618,0.013317665491578536,39.0,0.008327664150085946
1154,2020-06-17,Bronx,52,46830,5556,269174,0.009359251259899209,36.0,0.007305457449001411
1155,2020-06-18,Bronx,85,46915,6272,275446,0.013552295918367346,37.0,0.007105868100885493
1156,2020-06-19,Bronx,64,46979,5007,280453,0.012782105052925903,34.0,0.006740974769770702
1157,2020-06-20,Bronx,48,47027,4694,285147,0.010225820195994887,32.0,0.006441620792008495
1158,2020-06-21,Bronx,65,47092,4917,290064,0.013219442749644091,31.0,0.006197675495312293
1159,2020-06-22,Bronx,62,47154,3723,293787,0.0166532366371206,31.0,0.006364986950395041
1160,2020-06-23,Bronx,76,47230,3549,297336,0.021414482952944493,32.0,0.006943331054778324
1161,2020-06-24,Bronx,64,47294,4930,302266,0.012981744421906694,33.0,0.007202080566350287
1162,2020-06-25,Bronx,89,47383,4377,306643,0.020333561800319852,33.0,0.007686456700775466
1163,2020-06-26,Bronx,73,47456,5794,312437,0.012599240593717639,34.0,0.0076733949536891615
1164,2020-06-27,Bronx,58,47514,5208,317645,0.011136712749615975,34.0,0.0077384587075192395
1165,2020-06-28,Bronx,41,47555,3588,321233,0.011426978818283166,33.0,0.007610425569564887
1166,2020-06-29,Bronx,43,47598,4056,325289,0.010601577909270217,31.0,0.007178164231861289
1167,2020-06-30,Bronx,53,47651,4725,330014,0.011216931216931217,30.0,0.006449767679288911
1168,2020-07-01,Bronx,107,47758,5267,335281,0.020315169925954054,33.0,0.006973583786720867
1169,2020-07-02,Bronx,80,47838,5521,340802,0.014490128599891324,32.0,0.006556195700975971
1170,2020-07-03,Bronx,64,47902,4449,345251,0.014385255113508653,31.0,0.006683768166675329
1171,2020-07-04,Bronx,36,47938,4275,349526,0.008421052631578947,30.0,0.006489792443958399
1172,2020-07-05,Bronx,56,47994,4111,353637,0.013621989783507663,31.0,0.006646578941474434
1173,2020-07-06,Bronx,44,48038,3695,357332,0.011907983761840324,31.0,0.006739893645229442
1174,2020-07-07,Bronx,38,48076,3456,360788,0.01099537037037037,30.0,0.006724067870475096
1175,2020-07-08,Bronx,50,48126,3993,364781,0.01252191334835963,26.0,0.006167406686361209
1176,2020-07-09,Bronx,82,48208,5706,370487,0.014370837714686295,26.0,0.006158885908846564
1177,2020-07-10,Bronx,59,48267,4932,375419,0.011962692619626927,26.0,0.005985845730712153
1178,2020-07-11,Bronx,60,48327,4401,379820,0.013633265167007498,27.0,0.006358146626099908
1179,2020-07-12,Bronx,50,48377,3980,383800,0.01256281407035176,27.0,0.006282491218017343
1180,2020-07-13,Bronx,56,48433,4169,387969,0.013432477812425042,28.0,0.0063913836502019665
1181,2020-07-14,Bronx,63,48496,4435,392404,0.014205186020293123,30.0,0.006620656196625019
1182,2020-07-15,Bronx,79,48575,5635,398039,0.01401952085181899,32.0,0.006727628161157831
1183,2020-07-16,Bronx,68,48643,5250,403289,0.012952380952380953,31.0,0.0066263098209931644
1184,2020-07-17,Bronx,72,48715,5748,409037,0.012526096033402923,32.0,0.006666552921977163
1185,2020-07-18,Bronx,54,48769,4297,413334,0.012566907144519432,31.0,0.006590384491799444
1186,2020-07-19,Bronx,68,48837,3543,416877,0.019192774484899804,32.0,0.00706395309283859
1187,2020-07-20,Bronx,89,48926,4443,421320,0.02003151024082827,35.0,0.00753531255201025
1188,2020-07-21,Bronx,91,49017,5492,426812,0.016569555717407137,37.0,0.007704196101804108
1189,2020-07-22,Bronx,69,49086,4802,431614,0.014369012911286963,36.0,0.007729159820337534
1190,2020-07-23,Bronx,114,49200,5276,436890,0.021607278241091737,39.0,0.008347366769531161
1191,2020-07-24,Bronx,80,49280,4754,441644,0.016827934371055953,40.0,0.00865464093650638
1192,2020-07-25,Bronx,56,49336,3711,445355,0.01509027216383724,40.0,0.008834881295029079
1193,2020-07-26,Bronx,52,49388,3459,448814,0.01503324660306447,39.0,0.008537772160612269
1194,2020-07-27,Bronx,34,49422,3654,452468,0.009304871373836891,35.0,0.007771583670112885
1195,2020-07-28,Bronx,59,49481,3397,455865,0.0173682661171622,33.0,0.007828634412952533
1196,2020-07-29,Bronx,46,49527,4741,460606,0.009702594389369332,31.0,0.0074953188042441304
1197,2020-07-30,Bronx,46,49573,3994,464600,0.011517275913870806,26.0,0.006774604352299777
1198,2020-07-31,Bronx,53,49626,5253,469853,0.010089472682276794,24.0,0.006293285660244123
1199,2020-08-01,Bronx,50,49676,3384,473237,0.014775413711583925,24.0,0.006270795770797458
1200,2020-08-02,Bronx,38,49714,3630,476867,0.01046831955922865,23.0,0.005944729553380615
1201,2020-08-03,Bronx,109,49823,7059,483926,0.0154412806346508,28.0,0.006383044500581608
1202,2020-08-04,Bronx,83,49906,5301,489227,0.01565742312771175,30.0,0.006260841429906577
1203,2020-08-05,Bronx,74,49980,5205,494432,0.014217098943323727,32.0,0.006583306040903319
1204,2020-08-06,Bronx,77,50057,5151,499583,0.014948553678897301,34.0,0.006828397309833783
1205,2020-08-07,Bronx,63,50120,4634,504217,0.013595166163141994,35.0,0.0070788039870384395
1206,2020-08-08,Bronx,68,50188,5261,509478,0.012925299372742824,36.0,0.006946652962835504
1207,2020-08-09,Bronx,38,50226,4747,514225,0.008005055824731409,36.0,0.006770705553228558
1208,2020-08-10,Bronx,52,50278,5083,519308,0.010230179028132993,32.0,0.006398484009905857
1209,2020-08-11,Bronx,91,50369,7934,527242,0.011469624401310814,33.0,0.006099355529448646
1210,2020-08-12,Bronx,116,50485,7110,534352,0.01631504922644163,36.0,0.0062492091210999265
1211,2020-08-13,Bronx,94,50579,6420,540772,0.014641744548286604,37.0,0.006227294183199163
1212,2020-08-14,Bronx,72,50651,6849,547621,0.010512483574244415,37.0,0.006007102569706478
1213,2020-08-15,Bronx,73,50724,6399,554020,0.011408032505078918,38.0,0.005898726364873341
1214,2020-08-16,Bronx,62,50786,4742,558762,0.013074652045550401,40.0,0.006260840380646127
1215,2020-08-17,Bronx,54,50840,4675,563437,0.011550802139037433,40.0,0.006355170602853588
1216,2020-08-18,Bronx,67,50907,5591,569028,0.011983544983008406,38.0,0.0063918792158319864
1217,2020-08-19,Bronx,47,50954,5402,574430,0.00870048130322103,33.0,0.005847981507030516
1218,2020-08-20,Bronx,56,51010,6412,580842,0.008733624454148471,30.0,0.005425972928877791
1219,2020-08-21,Bronx,57,51067,6574,587416,0.008670520231213872,29.0,0.005294404118661325
1220,2020-08-22,Bronx,70,51137,4937,592353,0.014178651002633179,29.0,0.005492305439915199
1221,2020-08-23,Bronx,57,51194,5141,597494,0.011087337093950593,29.0,0.005350354371943784
1222,2020-08-24,Bronx,45,51239,4296,601790,0.01047486033519553,28.0,0.005273501385955076
1223,2020-08-25,Bronx,53,51292,5358,607148,0.009891750653228816,27.0,0.005124087505256536
1224,2020-08-26,Bronx,65,51357,5535,612683,0.011743450767841012,28.0,0.005341442467015105
1225,2020-08-27,Bronx,49,51406,6190,618873,0.007915993537964459,28.0,0.0052830402587162465
1226,2020-08-28,Bronx,62,51468,6305,625178,0.009833465503568596,28.0,0.005366107778170156
1227,2020-08-29,Bronx,65,51533,6778,631956,0.009589849513130718,28.0,0.005038336243205694
1228,2020-08-30,Bronx,77,51610,4854,636810,0.015863205603625877,29.0,0.005379469708182499
1229,2020-08-31,Bronx,53,51663,4880,641690,0.010860655737704918,30.0,0.005407026522647456
1230,2020-09-01,Bronx,48,51711,7314,649004,0.006562756357670222,29.0,0.005169241215821843
1231,2020-09-02,Bronx,57,51768,5696,654700,0.010007022471910113,29.0,0.005045210623255351
1232,2020-09-03,Bronx,52,51820,6594,661294,0.007885956930542918,29.0,0.005043065151296669
1233,2020-09-04,Bronx,40,51860,6365,667659,0.006284367635506678,28.0,0.004789558160720817
1234,2020-09-05,Bronx,52,51912,5858,673517,0.008876749743939911,27.0,0.004738622462921474
1235,2020-09-06,Bronx,32,51944,4414,677931,0.007249660172179429,23.0,0.004123369217818156
1236,2020-09-07,Bronx,40,51984,5366,683297,0.007454342154304882,22.0,0.003880061104718154
1237,2020-09-08,Bronx,34,52018,5571,688868,0.006103033566684617,21.0,0.0038472237625048963
1238,2020-09-09,Bronx,58,52076,5655,694523,0.010256410256410256,22.0,0.0038650371756834786
1239,2020-09-10,Bronx,49,52125,5615,700138,0.008726625111308993,21.0,0.003925084902881055
1240,2020-09-11,Bronx,61,52186,7455,707593,0.00818242790073776,23.0,0.004060660636111846
1241,2020-09-12,Bronx,49,52235,4625,712218,0.010594594594594595,23.0,0.004183363839730038
1242,2020-09-13,Bronx,46,52281,4288,716506,0.010727611940298507,24.0,0.004431788966024258
1243,2020-09-14,Bronx,54,52335,4856,721362,0.011120263591433279,25.0,0.004693640497247714
1244,2020-09-15,Bronx,36,52371,4810,726172,0.007484407484407485,25.0,0.004792310062799348
1245,2020-09-16,Bronx,51,52422,5950,732122,0.008571428571428572,24.0,0.004671954228157799
1246,2020-09-17,Bronx,46,52468,5601,737723,0.008212819139439385,24.0,0.004635253801595684
1247,2020-09-18,Bronx,58,52526,6097,743820,0.009512875184516975,24.0,0.004730285750437056
1248,2020-09-19,Bronx,52,52578,7106,750926,0.007317759639741064,24.0,0.004496226110804662
1249,2020-09-20,Bronx,41,52619,3854,754780,0.010638297872340425,24.0,0.004489846534521941
1250,2020-09-21,Bronx,47,52666,5869,760649,0.008008178565343329,23.0,0.004267554746944088
1251,2020-09-22,Bronx,44,52710,5074,765723,0.008671659440283799,24.0,0.004352358458078111
1252,2020-09-23,Bronx,46,52756,5812,771535,0.007914659325533379,23.0,0.004305446369085597
1253,2020-09-24,Bronx,59,52815,7131,778666,0.00827373439910251,24.0,0.004309797459061534
1254,2020-09-25,Bronx,57,52872,6388,785054,0.008922980588603632,24.0,0.00426766213078201
1255,2020-09-26,Bronx,48,52920,4941,789995,0.009714632665452338,24.0,0.004438867346904243
1256,2020-09-27,Bronx,36,52956,3456,793451,0.010416666666666666,24.0,0.004423036546498975
1257,2020-09-28,Bronx,69,53025,6624,800075,0.010416666666666666,25.0,0.004595071410879213
1258,2020-09-29,Bronx,66,53091,6152,806227,0.010728218465539662,27.0,0.004741968484111776
1259,2020-09-30,Bronx,78,53169,6093,812320,0.012801575578532743,29.0,0.005091033930754586
1260,2020-10-01,Bronx,63,53232,6554,818874,0.00961245041196216,29.0,0.005186656503101705
1261,2020-10-02,Bronx,66,53298,6513,825387,0.010133578995854445,30.0,0.0052731278179053345
1262,2020-10-03,Bronx,55,53353,5282,830669,0.010412722453616054,30.0,0.0053229913742027435
1263,2020-10-04,Bronx,64,53417,4521,835190,0.014156160141561602,32.0,0.005590098050980953
1264,2020-10-05,Bronx,84,53501,6190,841380,0.0135702746365105,34.0,0.005815355763112655
1265,2020-10-06,Bronx,55,53556,5842,847222,0.009414584046559397,33.0,0.005721524733185493
1266,2020-10-07,Bronx,61,53617,6595,853817,0.009249431387414709,32.0,0.005467800148105634
1267,2020-10-08,Bronx,74,53691,7217,861034,0.010253567964528197,32.0,0.005513594259003207
1268,2020-10-09,Bronx,71,53762,6783,867817,0.01046734483266991,33.0,0.005537434675918597
1269,2020-10-10,Bronx,74,53836,6143,873960,0.012046231482988768,34.0,0.005654113892302364
1270,2020-10-11,Bronx,58,53894,3930,877890,0.014758269720101781,34.0,0.005697121719340947
1271,2020-10-12,Bronx,66,53960,6546,884436,0.01008249312557287,32.0,0.005447994468559689
1272,2020-10-13,Bronx,46,54006,6116,890552,0.007521255722694572,32.0,0.005312756731140772
1273,2020-10-14,Bronx,71,54077,6174,896726,0.011499838030450276,32.0,0.0054735000627861696
1274,2020-10-15,Bronx,121,54198,7400,904126,0.01635135135135135,36.0,0.005909056018987823
1275,2020-10-16,Bronx,109,54307,9054,913180,0.01203887784404683,38.0,0.006021308376943318
1276,2020-10-17,Bronx,102,54409,6911,920091,0.014759079727969903,40.0,0.006215083251584828
1277,2020-10-18,Bronx,63,54472,5081,925172,0.012399134028734502,41.0,0.006046573559344307
1278,2020-10-19,Bronx,51,54523,5727,930899,0.00890518596123625,40.0,0.005962480190463121
1279,2020-10-20,Bronx,105,54628,7912,938811,0.01327098078867543,44.0,0.006373174838033181
1280,2020-10-21,Bronx,78,54706,6996,945807,0.011149228130360206,44.0,0.006348131273741034
1281,2020-10-22,Bronx,86,54792,7642,953449,0.011253598534415075,42.0,0.0059840060725313005
1282,2020-10-23,Bronx,100,54892,9802,963251,0.010201999591920016,41.0,0.00585280048309367
1283,2020-10-24,Bronx,119,55011,6745,969996,0.017642698295033357,43.0,0.006058773237883917
1284,2020-10-25,Bronx,75,55086,4808,974804,0.01559900166389351,43.0,0.0062873352118238465
1285,2020-10-26,Bronx,127,55213,7625,982429,0.016655737704918034,49.0,0.0068409460506582585
1286,2020-10-27,Bronx,141,55354,7498,989927,0.01880501467057882,51.0,0.00723623418507993
1287,2020-10-28,Bronx,173,55527,8348,998275,0.020723526593195974,58.0,0.007920112646711056
1288,2020-10-29,Bronx,134,55661,8374,1006649,0.0160019106759016,62.0,0.00825927779967438
1289,2020-10-30,Bronx,106,55767,6473,1013122,0.016375714506411246,62.0,0.008700257436423752
1290,2020-10-31,Bronx,145,55912,7975,1021097,0.01818181818181818,64.0,0.008738765999765526
1291,2020-11-01,Bronx,87,55999,5713,1026810,0.015228426395939087,65.0,0.008712296337768781
1292,2020-11-02,Bronx,166,56165,7615,1034425,0.02179908076165463,68.0,0.009079677984678538
1293,2020-11-03,Bronx,127,56292,9344,1043769,0.013591609589041096,67.0,0.008707291907425843
1294,2020-11-04,Bronx,168,56460,8765,1052534,0.01916714204221335,66.0,0.008596121582355658
1295,2020-11-05,Bronx,195,56655,8772,1061306,0.02222982216142271,71.0,0.00904097240275002
1296,2020-11-06,Bronx,162,56817,8258,1069564,0.01961734076047469,75.0,0.009272517135183124
1297,2020-11-07,Bronx,247,57064,7618,1077182,0.032423208191126277,82.0,0.01028975927870513
1298,2020-11-08,Bronx,170,57234,6413,1083595,0.026508654295961328,88.0,0.011095489842992435
1299,2020-11-09,Bronx,191,57425,7110,1090705,0.026863572433192685,90.0,0.011457239248102295
1300,2020-11-10,Bronx,232,57657,8467,1099172,0.027400496043462855,97.0,0.012443588280560993
1301,2020-11-11,Bronx,260,57917,10011,1109183,0.025971431425432026,104.0,0.012929608950790898
1302,2020-11-12,Bronx,288,58205,9635,1118818,0.029891022314478464,110.0,0.013476837533152024
1303,2020-11-13,Bronx,286,58491,10066,1128884,0.028412477647526326,119.0,0.014105061596512853
1304,2020-11-14,Bronx,221,58712,8575,1137459,0.02577259475218659,117.0,0.013630017779445735
1305,2020-11-15,Bronx,193,58905,7790,1145249,0.02477535301668806,119.0,0.013506210545211927
1306,2020-11-16,Bronx,360,59265,9704,1154953,0.03709810387469085,131.0,0.014237248505318942
1307,2020-11-17,Bronx,283,59548,7300,1162253,0.038767123287671235,135.0,0.015049150451333827
1308,2020-11-18,Bronx,308,59856,11469,1173722,0.026855000435957798,138.0,0.015112262523514238
1309,2020-11-19,Bronx,377,60233,11946,1185668,0.031558680729951445,144.0,0.01523138098176231
1310,2020-11-20,Bronx,402,60635,10570,1196238,0.0380321665089877,153.0,0.015918501614723836
1311,2020-11-21,Bronx,344,60979,10351,1206589,0.03323350400927447,161.0,0.016451423704515824
1312,2020-11-22,Bronx,337,61316,9809,1216398,0.03435620348659395,172.0,0.017135770166651958
1313,2020-11-23,Bronx,301,61617,8453,1224851,0.03560865964746244,168.0,0.017029381293278502
1314,2020-11-24,Bronx,347,61964,8787,1233638,0.03949015591214294,172.0,0.017081026480740766
1315,2020-11-25,Bronx,414,62378,11708,1245346,0.03536043730782371,180.0,0.017688557685874046
1316,2020-11-26,Bronx,392,62770,10035,1255381,0.039063278525161935,181.0,0.01822460038553194
1317,2020-11-27,Bronx,379,63149,9203,1264584,0.04118222318809084,179.0,0.018449604434039306
1318,2020-11-28,Bronx,399,63548,9829,1274413,0.04059416013836606,183.0,0.018975365586117277
1319,2020-11-29,Bronx,449,63997,9560,1283973,0.04696652719665272,191.0,0.019876102993978618
1320,2020-11-30,Bronx,497,64494,10467,1294440,0.047482564249546194,205.0,0.020724239036984605
1321,2020-12-01,Bronx,511,65005,10712,1305152,0.04770351008215086,217.0,0.021310907191985168
1322,2020-12-02,Bronx,525,65530,10720,1315872,0.04897388059701493,225.0,0.02228329599835597
1323,2020-12-03,Bronx,598,66128,12932,1328804,0.046241880606248065,239.0,0.02279605328986212
1324,2020-12-04,Bronx,554,66682,12632,1341436,0.043856871437618745,252.0,0.022987099593399823
1325,2020-12-05,Bronx,575,67257,12827,1354263,0.044827317377407035,264.0,0.023289467967617043
1326,2020-12-06,Bronx,497,67754,9573,1363836,0.05191684947247467,268.0,0.023643062415890037
1327,2020-12-07,Bronx,691,68445,11975,1375811,0.0577035490605428,282.0,0.024373132759532647
1328,2020-12-08,Bronx,559,69004,11463,1387274,0.04876559364913199,285.0,0.02444899587145987
1329,2020-12-09,Bronx,536,69540,13004,1400278,0.04121808674254076,286.0,0.02389501059614029
1330,2020-12-10,Bronx,545,70085,13299,1413577,0.040980524851492596,282.0,0.02351919947080061
1331,2020-12-11,Bronx,582,70667,14137,1427714,0.04116856475914268,284.0,0.02332717756519518
1332,2020-12-12,Bronx,596,71263,14842,1442556,0.0401563131653416,286.0,0.022993534407190507
1333,2020-12-13,Bronx,475,71738,10333,1452889,0.04596922481370367,284.0,0.02256870407442115
1334,2020-12-14,Bronx,671,72409,12776,1465665,0.05252035065748278,283.0,0.022198475617059715
1335,2020-12-15,Bronx,601,73010,11360,1477025,0.05290492957746479,286.0,0.02249414246908349
1336,2020-12-16,Bronx,675,73685,14431,1491456,0.04677430531494699,296.0,0.02289101522425536
1337,2020-12-17,Bronx,720,74405,15274,1506730,0.04713892889878225,308.0,0.023330901227633198
1338,2020-12-18,Bronx,511,74916,9822,1516552,0.052026063938098145,303.0,0.024106436883272877
1339,2020-12-19,Bronx,580,75496,12049,1528601,0.048136774836085985,302.0,0.024676469859754614
1340,2020-12-20,Bronx,473,75969,8681,1537282,0.05448681027531391,302.0,0.025284868821298205
1341,2020-12-21,Bronx,542,76511,9974,1547256,0.05434128734710247,293.0,0.025414935727699612
1342,2020-12-22,Bronx,637,77148,11328,1558584,0.05623234463276836,295.0,0.025652608231649863
1343,2020-12-23,Bronx,739,77887,14098,1572682,0.05241878280607178,300.0,0.026055785195301637
1344,2020-12-24,Bronx,776,78663,13179,1585861,0.0588815539874042,304.0,0.026894544130203205
1345,2020-12-25,Bronx,645,79308,12212,1598073,0.0528169014084507,313.0,0.026951032520942667
1346,2020-12-26,Bronx,451,79759,8838,1606911,0.05102964471599909,304.0,0.027157666083793608
1347,2020-12-27,Bronx,591,80350,7063,1613974,0.08367549200056633,312.0,0.029242571921311637
1348,2020-12-28,Bronx,754,81104,11558,1625532,0.06523620003460806,328.0,0.03002077997041918
1349,2020-12-29,Bronx,778,81882,8649,1634181,0.08995259567580068,338.0,0.03242936933063577
1350,2020-12-30,Bronx,1110,82992,15473,1649654,0.07173786596005946,364.0,0.03380930384163489
1351,2020-12-31,Bronx,983,83975,12937,1662591,0.07598361289325191,379.0,0.035030879477766876
1352,2021-01-01,Bronx,1094,85069,13672,1676263,0.08001755412521942,411.0,0.036973783243250354
1353,2021-01-02,Bronx,577,85646,7217,1683480,0.07995011777746987,420.0,0.03903953131906969
1354,2021-01-03,Bronx,631,86277,7455,1690935,0.0846411804158283,423.0,0.03910850906301698
1355,2021-01-04,Bronx,796,87073,12710,1703645,0.06262785208497246,426.0,0.03892219849518586
1356,2021-01-05,Bronx,871,87944,10740,1714385,0.08109869646182495,433.0,0.03828977712275903
1357,2021-01-06,Bronx,1224,89168,14834,1729219,0.08251314547660779,441.0,0.039059439945369624
1358,2021-01-07,Bronx,1185,90353,15694,1744913,0.07550656301771377,455.0,0.03902536495425975
1359,2021-01-08,Bronx,1051,91404,15365,1760278,0.06840221282134722,452.0,0.03819569771826888
1360,2021-01-09,Bronx,906,92310,15255,1775533,0.05939036381514257,476.0,0.03672714386381693
1361,2021-01-10,Bronx,997,93307,12524,1788057,0.07960715426381348,502.0,0.03636757056724444
1362,2021-01-11,Bronx,1094,94401,14373,1802430,0.07611493773046685,523.0,0.03733093382763691
1363,2021-01-12,Bronx,944,95345,11933,1814363,0.07910835498198274,528.0,0.03718876657907675
1364,2021-01-13,Bronx,1024,96369,13746,1828109,0.07449439837043503,514.0,0.03661599892863583
1365,2021-01-14,Bronx,1434,97803,21084,1849193,0.06801365964712579,532.0,0.03608079154502241
1366,2021-01-15,Bronx,1227,99030,18569,1867762,0.06607787172168668,544.0,0.03591476718076094
1367,2021-01-16,Bronx,1085,100115,15650,1883412,0.06932907348242812,557.0,0.03662467501413848
1368,2021-01-17,Bronx,1055,101170,12518,1895930,0.08427863876018533,561.0,0.036958352478165035
1369,2021-01-18,Bronx,1057,102227,13779,1909709,0.076710936933014,559.0,0.03700092384977555
1370,2021-01-19,Bronx,789,103016,11814,1921523,0.06678517013712544,547.0,0.03612069636085717
1371,2021-01-20,Bronx,1087,104103,14683,1936206,0.07403119253558538,552.0,0.03608761022979647
1372,2021-01-21,Bronx,1256,105359,18045,1954251,0.06960376835688556,539.0,0.03620118942335075
1373,2021-01-22,Bronx,1227,106586,17143,1971394,0.0715744035466371,539.0,0.036593798839418636
1374,2021-01-23,Bronx,1229,107815,16911,1988305,0.07267459050322275,550.0,0.03683276434090397
1375,2021-01-24,Bronx,1180,108995,17973,2006278,0.06565403661047126,558.0,0.03550243561592439
1376,2021-01-25,Bronx,966,109961,11351,2017629,0.08510263412915162,552.0,0.03610184255850565
1377,2021-01-26,Bronx,885,110846,14393,2032022,0.06148822344195095,559.0,0.03572348922313605
1378,2021-01-27,Bronx,1231,112077,17826,2049848,0.06905643442163133,569.0,0.03536814935785361
1379,2021-01-28,Bronx,1156,113233,17959,2067807,0.06436884013586502,562.0,0.034994225913495006
1380,2021-01-29,Bronx,1143,114376,16492,2084299,0.069306330341984,556.0,0.0348322206845912
1381,2021-01-30,Bronx,1051,115427,15693,2099992,0.06697253552539349,543.0,0.03442493104331769
1382,2021-01-31,Bronx,878,116305,12274,2112266,0.07153332247026234,522.0,0.03484488003330277
1383,2021-02-01,Bronx,799,117104,11193,2123459,0.07138390065219334,510.0,0.03386497049923432
1384,2021-02-02,Bronx,473,117577,7688,2131147,0.06152445369406868,480.0,0.033867558374385584
1385,2021-02-03,Bronx,503,118080,8461,2139608,0.059449237678761375,428.0,0.03318133003560916
1386,2021-02-04,Bronx,743,118823,11023,2150631,0.06740451782636306,399.0,0.033398164156359024
1387,2021-02-05,Bronx,1024,119847,16021,2166652,0.06391611010548655,390.0,0.03301314842518063
1388,2021-02-06,Bronx,1223,121070,16118,2182770,0.075877900483931,403.0,0.033649245922219025
1389,2021-02-07,Bronx,1014,122084,15290,2198060,0.06631785480706344,412.0,0.033276712517704816
1390,2021-02-08,Bronx,939,123023,11654,2209714,0.08057319375321778,422.0,0.03393309059634942
1391,2021-02-09,Bronx,728,123751,12874,2222588,0.056548081404380925,441.0,0.0335776354328003
1392,2021-02-10,Bronx,1232,124983,18786,2241374,0.06558075162354945,493.0,0.034015600714570875
1393,2021-02-11,Bronx,918,125901,15735,2257109,0.05834127740705434,505.0,0.03336822639890596
1394,2021-02-12,Bronx,1002,126903,17006,2274115,0.05892038104198518,504.0,0.033011388608655864
1395,2021-02-13,Bronx,798,127701,12878,2286993,0.0619661438111508,473.0,0.03201769170345727
1396,2021-02-14,Bronx,723,128424,13448,2300441,0.05376264128494943,452.0,0.031120890737592
1397,2021-02-15,Bronx,694,129118,10119,2310560,0.06858385215930428,435.0,0.030264509195169605
1398,2021-02-16,Bronx,573,129691,9582,2320142,0.05979962429555417,424.0,0.03049676225882483
1399,2021-02-17,Bronx,668,130359,13431,2333573,0.04973568609932246,384.0,0.029364971864237192
1400,2021-02-18,Bronx,1074,131433,16704,2350277,0.06429597701149425,395.0,0.029790307550268614
1401,2021-02-19,Bronx,798,132231,15013,2365290,0.053153933257843206,380.0,0.0293784184228299
1402,2021-02-20,Bronx,650,132881,10965,2376255,0.05927952576379389,370.0,0.02918651713373298
1403,2021-02-21,Bronx,648,133529,9944,2386199,0.06516492357200322,364.0,0.030000965868522533
1404,2021-02-22,Bronx,692,134221,10131,2396330,0.06830520185569046,364.0,0.029981062275407262
1405,2021-02-23,Bronx,469,134690,13036,2409366,0.035977293648358395,357.0,0.02827946722917899
1406,2021-02-24,Bronx,935,135625,16980,2426346,0.05506478209658422,376.0,0.02866011694326912
1407,2021-02-25,Bronx,935,136560,18621,2444967,0.050212126094194724,366.0,0.027654127592033433
1408,2021-02-26,Bronx,842,137402,17950,2462917,0.04690807799442897,369.0,0.02720799507321813
1409,2021-02-27,Bronx,824,138226,16074,2478991,0.0512629090456638,381.0,0.0266353795933517
1410,2021-02-28,Bronx,670,138896,14206,2493197,0.04716317049134169,383.0,0.02534954008759016
1411,2021-03-01,Bronx,600,139496,8959,2502156,0.06697176024109834,376.0,0.025254294257976435
1412,2021-03-02,Bronx,754,140250,13455,2515611,0.05603864734299517,397.0,0.026687248093307636
1413,2021-03-03,Bronx,731,140981,16338,2531949,0.04474231852123883,382.0,0.025949929266497255
1414,2021-03-04,Bronx,930,141911,19644,2551593,0.04734270006108735,382.0,0.02574497026413244
1415,2021-03-05,Bronx,778,142689,16995,2568588,0.04577817005001471,377.0,0.025664262553817135
1416,2021-03-06,Bronx,618,143307,13100,2581688,0.04717557251908397,362.0,0.02537230994477572
1417,2021-03-07,Bronx,456,143763,9051,2590739,0.05038117335101094,347.0,0.02560216729189495
1418,2021-03-08,Bronx,728,144491,14967,2605706,0.04864034208592236,356.0,0.024292780280810954
1419,2021-03-09,Bronx,561,145052,13161,2618867,0.04262594027809437,343.0,0.02333472977617518
1420,2021-03-10,Bronx,611,145663,14088,2632955,0.0433702441794435,334.0,0.023236724466046944
1421,2021-03-11,Bronx,910,146573,18594,2651549,0.0489405184468108,333.0,0.023350854350741475
1422,2021-03-12,Bronx,582,147155,13639,2665188,0.042671750128308525,319.0,0.023128967213476744
1423,2021-03-13,Bronx,437,147592,9652,2674840,0.045275590551181105,306.0,0.0229932542157694
1424,2021-03-14,Bronx,451,148043,8181,2683021,0.055127734995721794,305.0,0.023332294333248748
1425,2021-03-15,Bronx,556,148599,11041,2694062,0.050357757449506386,293.0,0.023454966859219033
1426,2021-03-16,Bronx,975,149574,19610,2713672,0.049719530851606325,323.0,0.023961651900184174
1427,2021-03-17,Bronx,701,150275,16432,2730104,0.04266066212268744,329.0,0.02391096746755874
1428,2021-03-18,Bronx,745,151020,18188,2748292,0.040961073235100065,317.0,0.02334100709529369
1429,2021-03-19,Bronx,643,151663,16421,2764713,0.039157176785823034,322.0,0.023089966142259007
1430,2021-03-20,Bronx,713,152376,15129,2779842,0.04712803225593232,341.0,0.0232222834068841
1431,2021-03-21,Bronx,631,153007,9751,2789593,0.06471131166034252,354.0,0.02390682459721415
1432,2021-03-22,Bronx,529,153536,9804,2799397,0.05395756833945328,352.0,0.02416395394649607
1433,2021-03-23,Bronx,552,154088,12353,2811750,0.04468550149761192,322.0,0.023804380421210754
1434,2021-03-24,Bronx,655,154743,16477,2828227,0.03975238210839352,319.0,0.023596646134475478
1435,2021-03-25,Bronx,708,155451,17435,2845662,0.04060797246917121,316.0,0.023571424651194845
1436,2021-03-26,Bronx,722,156173,15689,2861351,0.04601950411116069,322.0,0.02406159088871896
1437,2021-03-27,Bronx,883,157056,18132,2879483,0.04869843370836091,334.0,0.024173762421035288
1438,2021-03-28,Bronx,837,157893,15486,2894969,0.05404881828748547,349.0,0.0234121557515455
1439,2021-03-29,Bronx,565,158458,10882,2905851,0.05192060283036207,351.0,0.02326665821518184
1440,2021-03-30,Bronx,730,159188,14993,2920844,0.04868938838124458,364.0,0.023552650135441316
1441,2021-03-31,Bronx,815,160003,16706,2937550,0.04878486771219921,375.0,0.024197827678570292
1442,2021-04-01,Bronx,652,160655,16484,2954034,0.03955350643047804,371.0,0.0241225086758065
1443,2021-04-02,Bronx,620,161275,13774,2967808,0.045012342093799916,364.0,0.0240505685317093
1444,2021-04-03,Bronx,650,161925,14242,2982050,0.045639657351495576,347.0,0.02383208450621892
1445,2021-04-04,Bronx,488,162413,11179,2993229,0.04365327846855711,322.0,0.023089545947724038
1446,2021-04-05,Bronx,439,162852,8224,3001453,0.05338035019455253,313.0,0.023193813616594783
1447,2021-04-06,Bronx,551,163403,13769,3015222,0.04001743045972837,301.0,0.022574388050772196
1448,2021-04-07,Bronx,580,163983,17790,3033012,0.032602585722315905,284.0,0.021418510765780534
1449,2021-04-08,Bronx,712,164695,20196,3053208,0.03525450584274114,288.0,0.02111143929522789
1450,2021-04-09,Bronx,579,165274,19027,3072235,0.030430440952330898,285.0,0.020069874927980107
1451,2021-04-10,Bronx,501,165775,15043,3087278,0.0333045270225354,275.0,0.019188794190197245
1452,2021-04-11,Bronx,345,166120,9422,3096700,0.03661642963277436,264.0,0.018686162130498472
1453,2021-04-12,Bronx,342,166462,7628,3104328,0.0448348190875721,257.0,0.01807576705142844
1454,2021-04-13,Bronx,377,166839,11450,3115778,0.03292576419213974,245.0,0.017569219460886392
1455,2021-04-14,Bronx,420,167259,14876,3130654,0.028233396074213497,234.0,0.017257134486021935
1456,2021-04-15,Bronx,549,167808,16628,3147282,0.033016598508539816,222.0,0.017097283962150413
1457,2021-04-16,Bronx,666,168474,25470,3172752,0.026148409893992933,228.0,0.01679142460084056
1458,2021-04-17,Bronx,452,168926,16771,3189523,0.026951284956174347,225.0,0.016337621596100485
1459,2021-04-18,Bronx,320,169246,10795,3200318,0.029643353404353867,223.0,0.015839544722641877
1460,2021-04-19,Bronx,290,169536,7894,3208212,0.03673676209779579,219.0,0.015261112080515
1461,2021-04-20,Bronx,272,169808,13153,3221365,0.020679692845738614,212.0,0.014386392698629204
1462,2021-04-21,Bronx,434,170242,17758,3239123,0.02443968915418403,213.0,0.014115413632912814
1463,2021-04-22,Bronx,336,170578,16505,3255628,0.020357467434110876,197.0,0.013211189984739318
1464,2021-04-23,Bronx,319,170897,15795,3271423,0.020196264640709085,173.0,0.0127860367523619
1465,2021-04-24,Bronx,302,171199,16311,3287734,0.018515112500766356,162.0,0.012183453005547046
1466,2021-04-25,Bronx,194,171393,8924,3296658,0.021739130434782608,153.0,0.011618865650577669
1467,2021-04-26,Bronx,188,171581,7505,3304163,0.025049966688874083,146.0,0.010784094549940405
1468,2021-04-27,Bronx,184,171765,11390,3315553,0.016154521510096578,139.0,0.010460868025965974
1469,2021-04-28,Bronx,304,172069,17840,3333393,0.017040358744394617,130.0,0.009932344425266729
1470,2021-04-29,Bronx,280,172349,16553,3349946,0.016915362774119494,126.0,0.009686479806695916
1471,2021-04-30,Bronx,247,172596,16915,3366861,0.014602423884126515,121.0,0.009286919752654305
1472,2021-05-01,Bronx,212,172808,13348,3380209,0.015882529217860354,114.0,0.00909887808958959
1473,2021-05-02,Bronx,140,172948,7913,3388122,0.017692404903323643,111.0,0.008809826265913949
1474,2021-05-03,Bronx,139,173087,6870,3394992,0.020232896652110626,107.0,0.00846574983471656
1475,2021-05-04,Bronx,262,173349,15276,3410268,0.01715108667190364,113.0,0.008536933060559922
1476,2021-05-05,Bronx,153,173502,14422,3424690,0.010608792123145194,102.0,0.008077535444756392
1477,2021-05-06,Bronx,152,173654,15202,3439892,0.009998684383633733,93.0,0.007583486988293121
1478,2021-05-07,Bronx,234,173888,17620,3457512,0.013280363223609535,92.0,0.00748905408397048
1479,2021-05-08,Bronx,145,174033,11453,3468965,0.012660438313105737,87.0,0.007258904733630865
1480,2021-05-09,Bronx,118,174151,7987,3476952,0.014774007762614248,85.0,0.007050447795008766
1481,2021-05-10,Bronx,73,174224,7033,3483985,0.010379638845442912,81.0,0.006346643665961072
1482,2021-05-11,Bronx,132,174356,12406,3496391,0.01064001289698533,71.0,0.005881566967752621
1483,2021-05-12,Bronx,151,174507,16929,3513320,0.00891960541083348,71.0,0.005760910774016069
1484,2021-05-13,Bronx,139,174646,15729,3529049,0.008837179731705766,70.0,0.005677946156021215
1485,2021-05-14,Bronx,108,174754,13210,3542259,0.00817562452687358,61.0,0.005313321963397218
1486,2021-05-15,Bronx,111,174865,11969,3554228,0.009273957724120645,59.0,0.005071430492755426
1487,2021-05-16,Bronx,72,174937,7874,3562102,0.009144018288036576,56.0,0.004669288387428449
1488,2021-05-17,Bronx,72,175009,7019,3569121,0.01025787149166548,56.0,0.00466059071930149
1489,2021-05-18,Bronx,69,175078,11544,3580665,0.0059771309771309775,51.0,0.004327527725026179
1490,2021-05-19,Bronx,130,175208,15718,3596383,0.008270772362896042,50.0,0.004281182507316362
1491,2021-05-20,Bronx,82,175290,13948,3610331,0.005878979065098939,46.0,0.004069882459701589
1492,2021-05-21,Bronx,95,175385,13618,3623949,0.006976061095608753,45.0,0.003984199357468386
1493,2021-05-22,Bronx,69,175454,10477,3634426,0.006585854729407273,42.0,0.0037921920007031457
1494,2021-05-23,Bronx,65,175519,6302,3640728,0.010314185972707076,41.0,0.0038757754067510384
1495,2021-05-24,Bronx,39,175558,6565,3647293,0.005940594059405941,39.0,0.0035673984473039285
1496,2021-05-25,Bronx,54,175612,11244,3658537,0.0048025613660619,38.0,0.003483500617941852
1497,2021-05-26,Bronx,67,175679,12472,3671009,0.005372033354714561,33.0,0.003276447831643175
1498,2021-05-27,Bronx,89,175768,14830,3685839,0.006001348617666892,34.0,0.0032851885139694574
1499,2021-05-28,Bronx,54,175822,12062,3697901,0.004476869507544354,31.0,0.003106674829107714
1500,2021-05-29,Bronx,58,175880,10435,3708336,0.005558217537134643,30.0,0.003033272172516812
1501,2021-05-30,Bronx,36,175916,5829,3714165,0.006176016469377252,28.0,0.0027376886365646814
1502,2021-05-31,Bronx,44,175960,4509,3718674,0.009758261255267244,28.0,0.0030103791505547745
1503,2021-06-01,Bronx,26,175986,5164,3723838,0.005034856700232378,26.0,0.003026971674424095
1504,2021-06-02,Bronx,55,176041,11334,3735172,0.004852655726133756,25.0,0.002989873272382609
1505,2021-06-03,Bronx,65,176106,17314,3752486,0.0037541873628277695,24.0,0.002829361754179814
1506,2021-06-04,Bronx,68,176174,10401,3762887,0.006537832900682627,25.0,0.0029765734251182624
1507,2021-06-05,Bronx,56,176230,10098,3772985,0.005545652604476134,25.0,0.0029756759299283684
1508,2021-06-06,Bronx,52,176282,5727,3778712,0.009079797450672254,26.0,0.0031830888571637256
1509,2021-06-07,Bronx,55,176337,6139,3784851,0.008959113862192539,26.0,0.003126006900515532
1510,2021-06-08,Bronx,44,176381,10318,3795169,0.0042643923240938165,28.0,0.003070973730791349
1511,2021-06-09,Bronx,96,176477,13174,3808343,0.0072870806133292845,31.0,0.0032448612227338877
1512,2021-06-10,Bronx,49,176526,10357,3818700,0.004731099739306749,30.0,0.0033146406781966718
1513,2021-06-11,Bronx,56,176582,12718,3831418,0.0044032080515804374,29.0,0.0031621674746893725
1514,2021-06-12,Bronx,35,176617,10669,3842087,0.0032805323835411004,27.0,0.003000373173194013
1515,2021-06-13,Bronx,38,176655,5571,3847658,0.006821037515706336,26.0,0.0028390331778393044
1516,2021-06-14,Bronx,35,176690,4916,3852574,0.007119609438567941,25.0,0.0027076400047232616
1517,2021-06-15,Bronx,32,176722,9154,3861728,0.0034957395674022284,24.0,0.0026527362363881484
1518,2021-06-16,Bronx,44,176766,10665,3872393,0.004125644631973746,20.0,0.0024269193805770382
1519,2021-06-17,Bronx,41,176807,9482,3881875,0.0043239822822189414,20.0,0.0023978395622136243
1520,2021-06-18,Bronx,40,176847,10905,3892780,0.0036680421824850985,18.0,0.0023453277144210995
1521,2021-06-19,Bronx,26,176873,8020,3900800,0.0032418952618453864,18.0,0.0023425679200142625
1522,2021-06-20,Bronx,17,176890,5367,3906167,0.0031675051239053475,16.0,0.002081601320599906
1523,2021-06-21,Bronx,24,176914,5136,3911303,0.004672897196261682,16.0,0.0019068361604351735
1524,2021-06-22,Bronx,30,176944,8367,3919670,0.0035855145213338113,15.0,0.0019132486571445725
1525,2021-06-23,Bronx,22,176966,9426,3929096,0.0023339698705707617,14.0,0.0017852718884729306
1526,2021-06-24,Bronx,23,176989,8622,3937718,0.002667594525632104,13.0,0.0016669584772881568
1527,2021-06-25,Bronx,36,177025,9595,3947313,0.0037519541427826993,12.0,0.0016729521887379852
1528,2021-06-26,Bronx,21,177046,6334,3953647,0.003315440479949479,12.0,0.0016782054186025633
1529,2021-06-27,Bronx,19,177065,4769,3958416,0.00398406374501992,12.0,0.0017365310343964613
1530,2021-06-28,Bronx,23,177088,5338,3963754,0.0043087298613713005,12.0,0.0017105190819042913
1531,2021-06-29,Bronx,36,177124,7203,3970957,0.0049979175343606835,12.0,0.0018114050114062107
1532,2021-06-30,Bronx,28,177152,5815,3976772,0.004815133276010318,13.0,0.0019886309689376076
1533,2021-07-01,Bronx,42,177194,5659,3982431,0.0074218059727867115,14.0,0.002328217500877222
1534,2021-07-02,Bronx,28,177222,6629,3989060,0.004223864836325237,14.0,0.002361925407558832
1535,2021-07-03,Bronx,29,177251,4808,3993868,0.006031613976705491,14.0,0.002555937800184261
1536,2021-07-04,Bronx,28,177279,4046,3997914,0.006920415224913495,15.0,0.0027656771916052306
1537,2021-07-05,Bronx,14,177293,2527,4000441,0.00554016620498615,14.0,0.002853636930434864
1538,2021-07-06,Bronx,70,177363,6425,4006866,0.010894941634241245,17.0,0.0032748529375691894
1539,2021-07-07,Bronx,62,177425,9796,4016662,0.006329113924050633,19.0,0.0033829944124292117
1540,2021-07-08,Bronx,84,177509,8697,4025359,0.009658502932045532,22.0,0.0035427584809476992
1541,2021-07-09,Bronx,50,177559,7279,4032638,0.006869075422448139,24.0,0.0037317020942421917
1542,2021-07-10,Bronx,52,177611,4679,4037317,0.011113485787561444,25.0,0.00409469293787476
1543,2021-07-11,Bronx,49,177660,4088,4041405,0.011986301369863013,27.0,0.004456541948228297
1544,2021-07-12,Bronx,49,177709,4549,4045954,0.010771598153440316,29.0,0.0048302156588321665
1545,2021-07-13,Bronx,65,177774,5502,4051456,0.011813885859687387,29.0,0.004895854532078319
1546,2021-07-14,Bronx,75,177849,7515,4058971,0.00998003992015968,30.0,0.005156634960371823
1547,2021-07-15,Bronx,73,177922,7548,4066519,0.009671436142024377,29.0,0.005157558761084597
1548,2021-07-16,Bronx,93,178015,7162,4073681,0.012985199664898073,32.0,0.005594424778402449
1549,2021-07-17,Bronx,92,178107,6220,4079901,0.014790996784565916,35.0,0.005857104135331339
1550,2021-07-18,Bronx,83,178190,4235,4084136,0.01959858323494687,37.0,0.006400838554265901
1551,2021-07-19,Bronx,85,178275,5532,4089668,0.015365148228488792,40.0,0.00672894927391222
1552,2021-07-20,Bronx,98,178373,6769,4096437,0.014477766287487074,42.0,0.0069192264473264846
1553,2021-07-21,Bronx,132,178505,7788,4104225,0.01694915254237288,46.0,0.007417020206055998
1554,2021-07-22,Bronx,169,178674,10533,4114758,0.016044811544669135,53.0,0.007872261306244908
1555,2021-07-23,Bronx,148,178822,8025,4122783,0.018442367601246106,57.0,0.008262059015984055
1556,2021-07-24,Bronx,152,178974,7248,4130031,0.02097130242825607,61.0,0.00870350941910478
1557,2021-07-25,Bronx,74,179048,4424,4134455,0.016726943942133816,61.0,0.008498392326760992
1558,2021-07-26,Bronx,124,179172,5202,4139657,0.023836985774702037,64.0,0.009103523580061937
1559,2021-07-27,Bronx,155,179327,7475,4147132,0.02073578595317726,68.0,0.009550524984754094
1560,2021-07-28,Bronx,192,179519,7956,4155088,0.024132730015082957,72.0,0.010063637661376242
1561,2021-07-29,Bronx,203,179722,8983,4164071,0.02259824112211956,74.0,0.01053173977405127
1562,2021-07-30,Bronx,294,180016,11522,4175593,0.02551640340218712,85.0,0.011037028045547057
1563,2021-07-31,Bronx,174,180190,7105,4182698,0.024489795918367346,86.0,0.011288349009126435
1564,2021-08-01,Bronx,155,180345,5512,4188210,0.02812046444121916,92.0,0.012102171901918245
1565,2021-08-02,Bronx,272,180617,7142,4195352,0.03808457014841781,103.0,0.013119856500040801
1566,2021-08-03,Bronx,176,180793,9923,4205275,0.017736571601330242,104.0,0.0129056269034803
1567,2021-08-04,Bronx,291,181084,9971,4215246,0.029184635442784074,111.0,0.013266477291173235
1568,2021-08-05,Bronx,277,181361,9997,4225243,0.027708312493748125,117.0,0.013631482389146703
1569,2020-03-01,Broome,0,0,0,0,,,
1570,2020-03-02,Broome,0,0,0,0,,,
1571,2020-03-03,Broome,0,0,0,0,,,
1572,2020-03-04,Broome,0,0,0,0,,,
1573,2020-03-05,Broome,0,0,0,0,,,
1574,2020-03-06,Broome,0,0,0,0,,,
1575,2020-03-07,Broome,0,0,0,0,,0.0,
1576,2020-03-08,Broome,0,0,2,2,0.0,0.0,
1577,2020-03-09,Broome,0,0,1,3,0.0,0.0,
1578,2020-03-10,Broome,0,0,1,4,0.0,0.0,
1579,2020-03-11,Broome,0,0,1,5,0.0,0.0,
1580,2020-03-12,Broome,1,1,2,7,0.5,0.0,
1581,2020-03-13,Broome,0,1,2,9,0.0,0.0,
1582,2020-03-14,Broome,0,1,3,12,0.0,0.0,0.03571428571428571
1583,2020-03-15,Broome,0,1,2,14,0.0,0.0,0.03571428571428571
1584,2020-03-16,Broome,0,1,1,15,0.0,0.0,0.03571428571428571
1585,2020-03-17,Broome,0,1,6,21,0.0,0.0,0.03571428571428571
1586,2020-03-18,Broome,1,2,9,30,0.1111111111111111,0.0,0.043650793650793655
1587,2020-03-19,Broome,0,2,3,33,0.0,0.0,0.007936507936507936
1588,2020-03-20,Broome,0,2,16,49,0.0,0.0,0.007936507936507936
1589,2020-03-21,Broome,1,3,5,54,0.2,0.0,0.022222222222222223
1590,2020-03-22,Broome,4,7,20,74,0.2,0.0,0.0365079365079365
1591,2020-03-23,Broome,2,9,18,92,0.1111111111111111,0.0,0.044444444444444446
1592,2020-03-24,Broome,2,11,13,105,0.15384615384615385,0.0,0.055433455433455445
1593,2020-03-25,Broome,5,16,37,142,0.13513513513513514,1.0,0.05714945714945715
1594,2020-03-26,Broome,2,18,25,167,0.08,1.0,0.06286374286374287
1595,2020-03-27,Broome,5,23,37,204,0.13513513513513514,1.0,0.07251625251625252
1596,2020-03-28,Broome,6,29,45,249,0.13333333333333333,1.0,0.06775434775434776
1597,2020-03-29,Broome,6,35,36,285,0.16666666666666666,2.0,0.06537339537339537
1598,2020-03-30,Broome,3,38,48,333,0.0625,2.0,0.061901173151173154
1599,2020-03-31,Broome,4,42,35,368,0.11428571428571428,2.0,0.05907542746828461
1600,2020-04-01,Broome,4,46,43,411,0.09302325581395349,2.0,0.0560674360882002
1601,2020-04-02,Broome,10,56,72,483,0.1388888888888889,2.0,0.06027378529454941
1602,2020-04-03,Broome,9,65,55,538,0.16363636363636364,3.0,0.06230958733035145
1603,2020-04-04,Broome,6,71,36,574,0.16666666666666666,3.0,0.06469053971130383
1604,2020-04-05,Broome,5,76,33,607,0.15151515151515152,2.0,0.06360828862905275
1605,2020-04-06,Broome,10,86,47,654,0.2127659574468085,3.0,0.07434157130382478
1606,2020-04-07,Broome,2,88,24,678,0.08333333333333333,3.0,0.07213068695008328
1607,2020-04-08,Broome,17,105,82,760,0.2073170731707317,4.0,0.080294531046996
1608,2020-04-09,Broome,7,112,58,818,0.1206896551724138,4.0,0.07899458578153351
1609,2020-04-10,Broome,5,117,31,849,0.16129032258064516,3.0,0.07882701142041075
1610,2020-04-11,Broome,9,126,60,909,0.15,3.0,0.07763653522993456
1611,2020-04-12,Broome,7,133,39,948,0.1794871794871795,4.0,0.07963453722793658
1612,2020-04-13,Broome,13,146,90,1038,0.14444444444444443,4.0,0.07475442915633913
1613,2020-04-14,Broome,7,153,73,1111,0.0958904109589041,4.0,0.07565136327245134
1614,2020-04-15,Broome,14,167,74,1185,0.1891891891891892,4.0,0.07435651441662686
1615,2020-04-16,Broome,11,178,82,1267,0.13414634146341464,4.0,0.0753177062945555
1616,2020-04-17,Broome,8,186,64,1331,0.125,4.0,0.072725540395938
1617,2020-04-18,Broome,6,192,52,1383,0.11538461538461539,4.0,0.0702530129234105
1618,2020-04-19,Broome,7,199,43,1426,0.16279069767441862,4.0,0.06906040707964188
1619,2020-04-20,Broome,6,205,47,1473,0.1276595744680851,4.0,0.06786148779561621
1620,2020-04-21,Broome,14,219,54,1527,0.25925925925925924,4.0,0.07953069124564159
1621,2020-04-22,Broome,5,224,102,1629,0.049019607843137254,4.0,0.06951857829235215
1622,2020-04-23,Broome,8,232,85,1714,0.09411764705882353,3.0,0.06665938583488137
1623,2020-04-24,Broome,19,251,212,1926,0.08962264150943396,4.0,0.06413243165698379
1624,2020-04-25,Broome,6,257,105,2031,0.05714285714285714,4.0,0.059972306068286775
1625,2020-04-26,Broome,4,261,69,2100,0.057971014492753624,4.0,0.05248518584102498
1626,2020-04-27,Broome,5,266,60,2160,0.08333333333333333,4.0,0.04931902575997128
1627,2020-04-28,Broome,7,273,87,2247,0.08045977011494253,3.0,0.03654763367823438
1628,2020-04-29,Broome,11,284,114,2361,0.09649122807017543,4.0,0.039938463694451386
1629,2020-04-30,Broome,15,299,110,2471,0.13636363636363635,4.0,0.04295603435908089
1630,2020-05-01,Broome,6,305,114,2585,0.05263157894736842,3.0,0.04031381560464763
1631,2020-05-02,Broome,22,327,415,3000,0.05301204819277108,5.0,0.040018757822498634
1632,2020-05-03,Broome,7,334,353,3353,0.019830028328611898,5.0,0.03729440166791708
1633,2020-05-04,Broome,4,338,180,3533,0.022222222222222223,5.0,0.0329293223028377
1634,2020-05-05,Broome,7,345,273,3806,0.02564102564102564,5.0,0.02901369769755793
1635,2020-05-06,Broome,15,360,333,4139,0.04504504504504504,5.0,0.025338970338620048
1636,2020-05-07,Broome,4,364,214,4353,0.018691588785046728,4.0,0.0169338240830065
1637,2020-05-08,Broome,8,372,252,4605,0.031746031746031744,4.0,0.015441999282911026
1638,2020-05-09,Broome,1,373,317,4922,0.0031545741324921135,3.0,0.011880751135748241
1639,2020-05-10,Broome,5,378,319,5241,0.01567398119122257,3.0,0.011583890625934718
1640,2020-05-11,Broome,1,379,271,5512,0.0036900369003690036,2.0,0.010260163102945202
1641,2020-05-12,Broome,3,382,291,5803,0.010309278350515464,2.0,0.009165038296480191
1642,2020-05-13,Broome,1,383,343,6146,0.0029154518950437317,1.0,0.006155781642908668
1643,2020-05-14,Broome,7,390,343,6489,0.02040816326530612,1.0,0.006278394105784339
1644,2020-05-15,Broome,23,413,458,6947,0.05021834061135371,2.0,0.007597844739021623
1645,2020-05-16,Broome,1,414,486,7433,0.00205761316872428,2.0,0.007519490384466777
1646,2020-05-17,Broome,9,423,379,7812,0.023746701846965697,3.0,0.00809611328844843
1647,2020-05-18,Broome,6,429,295,8107,0.020338983050847456,3.0,0.009285323727768318
1648,2020-05-19,Broome,7,436,639,8746,0.010954616588419406,3.0,0.009331419316190028
1649,2020-05-20,Broome,15,451,419,9165,0.03579952267303103,4.0,0.011680281514617693
1650,2020-05-21,Broome,17,468,820,9985,0.020731707317073172,5.0,0.011703391804029626
1651,2020-05-22,Broome,17,485,645,10630,0.02635658914728682,5.0,0.009998980985167704
1652,2020-05-23,Broome,16,501,629,11259,0.025437201907790145,6.0,0.011668951609386694
1653,2020-05-24,Broome,18,519,669,11928,0.026905829596412557,6.0,0.011894603591490043
1654,2020-05-25,Broome,3,522,536,12464,0.005597014925373134,6.0,0.010841605868241875
1655,2020-05-26,Broome,6,528,369,12833,0.016260162601626018,6.0,0.011220573440613777
1656,2020-05-27,Broome,17,545,523,13356,0.032504780114722756,6.0,0.010985234686448898
1657,2020-05-28,Broome,12,557,614,13970,0.019543973941368076,6.0,0.01090039658818425
1658,2020-05-29,Broome,4,561,531,14501,0.007532956685499058,5.0,0.009555851412342267
1659,2020-05-30,Broome,5,566,1002,15503,0.00499001996007984,4.0,0.008095338416077246
1660,2020-05-31,Broome,8,574,777,16280,0.010296010296010296,3.0,0.006908922751762798
1661,2020-06-01,Broome,4,578,629,16909,0.006359300476947536,4.0,0.006963371719732399
1662,2020-06-02,Broome,11,589,826,17735,0.013317191283292978,4.0,0.00675315948270861
1663,2020-06-03,Broome,4,593,631,18366,0.006339144215530904,3.0,0.004884185489909191
1664,2020-06-04,Broome,12,605,1417,19783,0.008468595624558928,3.0,0.004093087038708539
1665,2020-06-05,Broome,8,613,1311,21094,0.006102212051868803,3.0,0.003990890993449235
1666,2020-06-06,Broome,7,620,950,22044,0.007368421052631579,3.0,0.0041607767857743585
1667,2020-06-07,Broome,4,624,745,22789,0.005369127516778523,3.0,0.0038088565872578034
1668,2020-06-08,Broome,3,627,797,23586,0.0037641154328732747,3.0,0.0036234862269667848
1669,2020-06-09,Broome,3,630,755,24341,0.003973509933774834,2.0,0.0029560804162869175
1670,2020-06-10,Broome,11,641,875,25216,0.012571428571428572,3.0,0.0034012435845653223
1671,2020-06-11,Broome,3,644,1085,26301,0.0027649769585253456,2.0,0.0029938422512772096
1672,2020-06-12,Broome,3,647,779,27080,0.0038510911424903724,2.0,0.002833047900607322
1673,2020-06-13,Broome,4,651,795,27875,0.005031446540880503,2.0,0.0026661211497679593
1674,2020-06-14,Broome,4,655,382,28257,0.010471204188481676,2.0,0.003030555197746756
1675,2020-06-15,Broome,1,656,606,28863,0.0016501650165016502,2.0,0.0028795587394344966
1676,2020-06-16,Broome,1,657,546,29409,0.0018315018315018315,1.0,0.0027265581607007106
1677,2020-06-17,Broome,0,657,442,29851,0.0,1.0,0.001828598977027241
1678,2020-06-18,Broome,6,663,952,30803,0.0063025210084033615,1.0,0.002081280694875671
1679,2020-06-19,Broome,2,665,586,31389,0.0034129692832764505,1.0,0.002049986276360391
1680,2020-06-20,Broome,3,668,430,31819,0.0069767441860465115,1.0,0.002188936108157963
1681,2020-06-21,Broome,2,670,552,32371,0.0036231884057971015,1.0,0.0016997921236804935
1682,2020-06-22,Broome,1,671,588,32959,0.0017006802721088435,1.0,0.001703400356223864
1683,2020-06-23,Broome,0,671,179,33138,0.0,1.0,0.001572578796830876
1684,2020-06-24,Broome,9,680,935,34073,0.009625668449197862,1.0,0.002260126543202152
1685,2020-06-25,Broome,17,697,509,34582,0.03339882121807466,2.0,0.004195576558178674
1686,2020-06-26,Broome,4,701,922,35504,0.004338394793926247,2.0,0.004261678380367945
1687,2020-06-27,Broome,2,703,486,35990,0.00411522633744856,2.0,0.004057284248325234
1688,2020-06-28,Broome,7,710,377,36367,0.01856763925729443,2.0,0.005124745023432186
1689,2020-06-29,Broome,6,716,772,37139,0.007772020725388601,3.0,0.005558412198666454
1690,2020-06-30,Broome,6,722,448,37587,0.013392857142857142,3.0,0.006515044851727679
1691,2020-07-01,Broome,7,729,846,38433,0.008274231678486997,3.0,0.006418513653819759
1692,2020-07-02,Broome,7,736,476,38909,0.014705882352941176,2.0,0.005083303734881654
1693,2020-07-03,Broome,16,752,979,39888,0.01634320735444331,3.0,0.005940790346347158
1694,2020-07-04,Broome,1,753,898,40786,0.0011135857461024498,3.0,0.005726387446965293
1695,2020-07-05,Broome,4,757,554,41340,0.007220216606498195,3.0,0.0049158572576227045
1696,2020-07-06,Broome,5,762,588,41928,0.008503401360544218,3.0,0.004968098731562392
1697,2020-07-07,Broome,4,766,234,42162,0.017094017094017096,3.0,0.005232467299502388
1698,2020-07-08,Broome,4,770,731,42893,0.005471956224350205,2.0,0.005032304767064046
1699,2020-07-09,Broome,14,784,662,43555,0.021148036253776436,3.0,0.005492458617123708
1700,2020-07-10,Broome,23,807,747,44302,0.030789825970548863,3.0,0.006524359946845533
1701,2020-07-11,Broome,13,820,1236,45538,0.010517799352750809,4.0,0.007196089490177558
1702,2020-07-12,Broome,7,827,595,46133,0.011764705882352941,5.0,0.0075206958670243265
1703,2020-07-13,Broome,14,841,852,46985,0.01643192488262911,5.0,0.008087018975744677
1704,2020-07-14,Broome,11,852,592,47577,0.018581081081081082,6.0,0.008193237831963534
1705,2020-07-15,Broome,9,861,914,48491,0.009846827133479213,6.0,0.008505728611187032
1706,2020-07-16,Broome,9,870,595,49086,0.015126050420168067,6.0,0.008075586765929291
1707,2020-07-17,Broome,7,877,522,49608,0.013409961685823755,5.0,0.006834167888448927
1708,2020-07-18,Broome,6,883,347,49955,0.01729106628242075,4.0,0.007317972669139638
1709,2020-07-19,Broome,19,902,914,50869,0.020787746170678335,5.0,0.007962475546877167
1710,2020-07-20,Broome,15,917,687,51556,0.021834061135371178,5.0,0.008348342422073027
1711,2020-07-21,Broome,13,930,915,52471,0.014207650273224045,5.0,0.008035954507226096
1712,2020-07-22,Broome,4,934,538,53009,0.007434944237918215,5.0,0.007863677157543169
1713,2020-07-23,Broome,20,954,756,53765,0.026455026455026454,6.0,0.008672889731461622
1714,2020-07-24,Broome,12,966,762,54527,0.015748031496062992,6.0,0.008839894717907281
1715,2020-07-25,Broome,12,978,549,55076,0.02185792349726776,6.0,0.009166098804682069
1716,2020-07-26,Broome,8,986,1287,56363,0.006216006216006216,6.0,0.008125260236491204
1717,2020-07-27,Broome,6,992,522,56885,0.011494252873563218,5.0,0.007386702503504921
1718,2020-07-28,Broome,23,1015,779,57664,0.029525032092426188,6.0,0.008480801204876503
1719,2020-07-29,Broome,14,1029,698,58362,0.02005730659025788,6.0,0.009382398515757907
1720,2020-07-30,Broome,8,1037,777,59139,0.010296010296010296,5.0,0.00822818307582818
1721,2020-07-31,Broome,11,1048,781,59920,0.014084507042253521,5.0,0.008109359900556076
1722,2020-08-01,Broome,6,1054,825,60745,0.007272727272727273,5.0,0.007067560170231755
1723,2020-08-02,Broome,10,1064,743,61488,0.013458950201884253,5.0,0.007584913312080188
1724,2020-08-03,Broome,14,1078,1025,62513,0.013658536585365854,6.0,0.007739505005780376
1725,2020-08-04,Broome,4,1082,379,62892,0.010554089709762533,4.0,0.006384437692732972
1726,2020-08-05,Broome,12,1094,711,63603,0.016877637130801686,4.0,0.006157318445628958
1727,2020-08-06,Broome,21,1115,517,64120,0.04061895551257253,5.0,0.008323243103954832
1728,2020-08-07,Broome,5,1120,412,64532,0.012135922330097087,5.0,0.008184058481657945
1729,2020-08-08,Broome,6,1126,583,65115,0.010291595197255575,5.0,0.008399691904838536
1730,2020-08-09,Broome,5,1131,747,65862,0.006693440428380187,4.0,0.007916441206731104
1731,2020-08-10,Broome,12,1143,1408,67270,0.008522727272727272,4.0,0.007549597684399776
1732,2020-08-11,Broome,7,1150,559,67829,0.012522361359570662,4.0,0.007690188516528929
1733,2020-08-12,Broome,3,1153,641,68470,0.0046801872074883,4.0,0.006818942093435115
1734,2020-08-13,Broome,12,1165,947,69417,0.012671594508975714,3.0,0.004822702021749628
1735,2020-08-14,Broome,0,1165,708,70125,0.0,3.0,0.003955850426742694
1736,2020-08-15,Broome,1,1166,417,70542,0.002398081534772182,2.0,0.003392028022279594
1737,2020-08-16,Broome,6,1172,607,71149,0.009884678747940691,2.0,0.003619973616533916
1738,2020-08-17,Broome,5,1177,1523,72672,0.003282994090610637,2.0,0.0032457069606684416
1739,2020-08-18,Broome,12,1189,679,73351,0.017673048600883652,2.0,0.0036136131921907983
1740,2020-08-19,Broome,7,1196,627,73978,0.011164274322169059,3.0,0.004076762271810852
1741,2020-08-20,Broome,15,1211,1124,75102,0.013345195729537367,3.0,0.004124876644708114
1742,2020-08-21,Broome,16,1227,1203,76305,0.013300083125519535,4.0,0.005074882582245223
1743,2020-08-22,Broome,12,1239,725,77030,0.016551724137931035,5.0,0.006085857053899427
1744,2020-08-23,Broome,11,1250,848,77878,0.012971698113207548,5.0,0.006306358437132774
1745,2020-08-24,Broome,6,1256,508,78386,0.011811023622047244,5.0,0.006915503403663961
1746,2020-08-25,Broome,12,1268,844,79230,0.014218009478672985,5.0,0.006668714894934626
1747,2020-08-26,Broome,6,1274,1434,80664,0.0041841004184100415,5.0,0.006170131044666125
1748,2020-08-27,Broome,9,1283,902,81566,0.009977827050997782,5.0,0.0059296047104847255
1749,2020-08-28,Broome,3,1286,851,82417,0.0035252643948296123,4.0,0.005231403372578303
1750,2020-08-29,Broome,9,1295,4937,87354,0.0018229694146242657,4.0,0.004179349463770678
1751,2020-08-30,Broome,12,1307,1000,88354,0.012,4.0,0.0041099424556844235
1752,2020-08-31,Broome,4,1311,482,88836,0.008298755186721992,3.0,0.0038590661388754775
1753,2020-09-01,Broome,4,1315,477,89313,0.008385744234800839,3.0,0.0034424757643131804
1754,2020-09-02,Broome,18,1333,809,90122,0.022249690976514216,4.0,0.0047328750898920505
1755,2020-09-03,Broome,9,1342,850,90972,0.010588235294117647,4.0,0.0047764756786863255
1756,2020-09-04,Broome,8,1350,2400,93372,0.0033333333333333335,4.0,0.0047627663171508775
1757,2020-09-05,Broome,7,1357,873,94245,0.008018327605956471,4.0,0.005205291902246036
1758,2020-09-06,Broome,8,1365,546,94791,0.014652014652014652,4.0,0.005394721520247082
1759,2020-09-07,Broome,9,1374,644,95435,0.013975155279503106,4.0,0.005800178669731448
1760,2020-09-08,Broome,4,1378,199,95634,0.020100502512562814,4.0,0.006636947118143018
1761,2020-09-09,Broome,5,1383,572,96206,0.008741258741258742,3.0,0.0056720591013390545
1762,2020-09-10,Broome,12,1395,1248,97454,0.009615384615384616,3.0,0.005602569767143838
1763,2020-09-11,Broome,15,1410,1875,99329,0.008,4.0,0.005935903100477172
1764,2020-09-12,Broome,8,1418,571,99900,0.014010507880910683,4.0,0.006363915977259616
1765,2020-09-13,Broome,2,1420,720,100620,0.002777777777777778,3.0,0.00551575620052841
1766,2020-09-14,Broome,3,1423,593,101213,0.00505902192242833,3.0,0.004878889532165926
1767,2020-09-15,Broome,5,1428,514,101727,0.009727626459143969,3.0,0.00413796981406458
1768,2020-09-16,Broome,9,1437,730,102457,0.012328767123287671,3.0,0.004394220412780932
1769,2020-09-17,Broome,13,1450,1394,103851,0.009325681492109038,3.0,0.004373527332546962
1770,2020-09-18,Broome,9,1459,1102,104953,0.008166969147005444,3.0,0.004385453700190208
1771,2020-09-19,Broome,6,1465,2159,107112,0.002779064381658175,3.0,0.003583207735957886
1772,2020-09-20,Broome,7,1472,502,107614,0.013944223107569721,3.0,0.004380810973800168
1773,2020-09-21,Broome,4,1476,738,108352,0.005420054200542005,3.0,0.00440659899366543
1774,2020-09-22,Broome,4,1480,850,109202,0.004705882352941176,3.0,0.004047902986079517
1775,2020-09-23,Broome,16,1496,1356,110558,0.011799410029498525,4.0,0.0040100917650945775
1776,2020-09-24,Broome,17,1513,1327,111885,0.01281085154483798,4.0,0.004259032483146645
1777,2020-09-25,Broome,37,1550,1510,113395,0.024503311258278145,6.0,0.0054259140625232665
1778,2020-09-26,Broome,22,1572,606,114001,0.036303630363036306,7.0,0.007820525918335989
1779,2020-09-27,Broome,34,1606,690,114691,0.04927536231884058,9.0,0.010344178719141051
1780,2020-09-28,Broome,36,1642,1175,115866,0.030638297872340424,11.0,0.012145481838555225
1781,2020-09-29,Broome,31,1673,928,116794,0.0334051724137931,13.0,0.014195431128616076
1782,2020-09-30,Broome,56,1729,1188,117982,0.04713804713804714,16.0,0.016719619493512406
1783,2020-10-01,Broome,57,1786,1472,119454,0.03872282608695652,19.0,0.01857047481794944
1784,2020-10-02,Broome,110,1896,2145,121599,0.05128205128205128,24.0,0.02048324196250467
1785,2020-10-03,Broome,51,1947,1591,123190,0.03205531112507857,26.0,0.020179790588364832
1786,2020-10-04,Broome,27,1974,865,124055,0.03121387283236994,26.0,0.01888968419647407
1787,2020-10-05,Broome,52,2026,892,124947,0.05829596412556054,27.0,0.02086523178598979
1788,2020-10-06,Broome,105,2131,1723,126670,0.06094022054556007,32.0,0.022832020938258864
1789,2020-10-07,Broome,108,2239,2144,128814,0.05037313432835821,36.0,0.023063098594709654
1790,2020-10-08,Broome,75,2314,2332,131146,0.03216123499142367,37.0,0.022594413516457305
1791,2020-10-09,Broome,86,2400,1885,133031,0.04562334217506631,36.0,0.02219022000881552
1792,2020-10-10,Broome,42,2442,1235,134266,0.0340080971659919,35.0,0.022329704726023615
1793,2020-10-11,Broome,43,2485,1371,135637,0.031363967906637494,36.0,0.022340425802757018
1794,2020-10-12,Broome,53,2538,1434,137071,0.03695955369595537,36.0,0.020816396486356643
1795,2020-10-13,Broome,69,2607,1318,138389,0.05235204855842185,34.0,0.020202955630132486
1796,2020-10-14,Broome,96,2703,3366,141755,0.0285204991087344,33.0,0.018642053114445067
1797,2020-10-15,Broome,81,2784,2717,144472,0.02981229297018771,33.0,0.018474271541499644
1798,2020-10-16,Broome,60,2844,2030,146502,0.029556650246305417,31.0,0.017326650689445295
1799,2020-10-17,Broome,52,2896,1241,147743,0.041901692183722805,32.0,0.017890478904997502
1800,2020-10-18,Broome,31,2927,1088,148831,0.02849264705882353,31.0,0.017685384558725075
1801,2020-10-19,Broome,76,3003,1756,150587,0.04328018223234624,33.0,0.018136858025610138
1802,2020-10-20,Broome,57,3060,1439,152026,0.03961084086170952,32.0,0.01722677176155926
1803,2020-10-21,Broome,106,3166,2307,154333,0.045947117468573904,33.0,0.018471530215833507
1804,2020-10-22,Broome,96,3262,2746,157079,0.03495994173343044,34.0,0.01883921941320799
1805,2020-10-23,Broome,68,3330,2217,159296,0.03067207938655841,34.0,0.01891889292322606
1806,2020-10-24,Broome,38,3368,1375,160671,0.027636363636363636,33.0,0.017899940884128978
1807,2020-10-25,Broome,47,3415,1246,161917,0.0377207062600321,34.0,0.01855908796992959
1808,2020-10-26,Broome,101,3516,2013,163930,0.050173869846000994,36.0,0.019051494228047788
1809,2020-10-27,Broome,50,3566,1639,165569,0.03050640634533252,36.0,0.018401177476878
1810,2020-10-28,Broome,54,3620,1908,167477,0.02830188679245283,32.0,0.01714080385715507
1811,2020-10-29,Broome,42,3662,2192,169669,0.01916058394160584,28.0,0.016012278300596167
1812,2020-10-30,Broome,48,3710,2050,171719,0.023414634146341463,27.0,0.015493889354866385
1813,2020-10-31,Broome,28,3738,1267,172986,0.022099447513812154,26.0,0.015098395346112709
1814,2020-11-01,Broome,21,3759,850,173836,0.024705882352941175,24.0,0.014168765067034786
1815,2020-11-02,Broome,30,3789,1500,175336,0.02,19.0,0.012013488649463286
1816,2020-11-03,Broome,46,3835,1166,176502,0.03945111492281304,19.0,0.012652396404997605
1817,2020-11-04,Broome,49,3884,1707,178209,0.02870533099004101,18.0,0.012681213847682477
1818,2020-11-05,Broome,43,3927,2293,180502,0.01875272568687309,18.0,0.012652081115201566
1819,2020-11-06,Broome,55,3982,2430,182932,0.02263374485596708,19.0,0.012596303308746254
1820,2020-11-07,Broome,21,4003,1307,184239,0.016067329762815608,18.0,0.012165437755103644
1821,2020-11-08,Broome,29,4032,863,185102,0.03360370799536501,19.0,0.012800996729562487
1822,2020-11-09,Broome,54,4086,1253,186355,0.04309656823623304,21.0,0.014450751603579132
1823,2020-11-10,Broome,81,4167,2119,188474,0.038225578102878716,23.0,0.014363213259298112
1824,2020-11-11,Broome,48,4215,1841,190315,0.026072786529060293,23.0,0.014175174369228062
1825,2020-11-12,Broome,88,4303,3055,193370,0.028805237315875615,26.0,0.014893210914156811
1826,2020-11-13,Broome,59,4362,2125,195495,0.02776470588235294,27.0,0.015259708130327232
1827,2020-11-14,Broome,32,4394,988,196483,0.032388663967611336,27.0,0.016425517716384067
1828,2020-11-15,Broome,37,4431,1030,197513,0.035922330097087375,28.0,0.016591133580792807
1829,2020-11-16,Broome,38,4469,1302,198815,0.029185867895545316,27.0,0.01559751212788654
1830,2020-11-17,Broome,76,4545,2432,201247,0.03125,27.0,0.01509925654910949
1831,2020-11-18,Broome,75,4620,2157,203404,0.03477051460361613,28.0,0.015720522840149194
1832,2020-11-19,Broome,68,4688,1697,205101,0.040070713022981735,27.0,0.016525199676371057
1833,2020-11-20,Broome,104,4792,3228,208329,0.0322180916976456,30.0,0.016843298663177676
1834,2020-11-21,Broome,67,4859,2477,210806,0.027048849414614454,33.0,0.016461883337963615
1835,2020-11-22,Broome,68,4927,1555,212361,0.04372990353697749,35.0,0.017019567155098624
1836,2020-11-23,Broome,56,4983,1614,213975,0.03469640644361834,36.0,0.017413177051389554
1837,2020-11-24,Broome,71,5054,2168,216143,0.03274907749077491,36.0,0.01752025401501633
1838,2020-11-25,Broome,89,5143,2889,219032,0.03080650744202146,37.0,0.017237110646331
1839,2020-11-26,Broome,58,5201,1606,220638,0.0361145703611457,36.0,0.016954529027628427
1840,2020-11-27,Broome,33,5234,1053,221691,0.03133903133903134,31.0,0.01689173900201312
1841,2020-11-28,Broome,74,5308,2116,223807,0.03497164461247637,32.0,0.017457652944717544
1842,2020-11-29,Broome,59,5367,1080,224887,0.05462962962962963,31.0,0.01823620480847841
1843,2020-11-30,Broome,81,5448,1376,226263,0.05886627906976744,33.0,0.01996262428177478
1844,2020-12-01,Broome,103,5551,2123,228386,0.04851625058878945,35.0,0.021088850931632958
1845,2020-12-02,Broome,106,5657,1538,229924,0.06892067620286085,36.0,0.023811291557407195
1846,2020-12-03,Broome,111,5768,2223,232147,0.04993252361673414,40.0,0.024798288218520655
1847,2020-12-04,Broome,107,5875,2245,234392,0.047661469933184854,45.0,0.025964176689531625
1848,2020-12-05,Broome,71,5946,1685,236077,0.042136498516320474,45.0,0.026475951968377633
1849,2020-12-06,Broome,57,6003,952,237029,0.059873949579831935,45.0,0.02685054625053494
1850,2020-12-07,Broome,54,6057,955,237984,0.05654450261780105,43.0,0.026684705075394482
1851,2020-12-08,Broome,103,6160,1797,239781,0.057317751808569836,43.0,0.027313383733950224
1852,2020-12-09,Broome,78,6238,2012,241793,0.03876739562624255,41.0,0.025159577978477492
1853,2020-12-10,Broome,68,6306,2076,243869,0.03275529865125241,38.0,0.023932633338085936
1854,2020-12-11,Broome,84,6390,1953,245822,0.043010752688172046,36.0,0.023600439249156446
1855,2020-12-12,Broome,70,6460,2195,248017,0.03189066059225513,36.0,0.02286859368315178
1856,2020-12-13,Broome,72,6532,988,249005,0.0728744939271255,37.0,0.023797203993672748
1857,2020-12-14,Broome,69,6601,1208,250213,0.057119205298013245,38.0,0.02383825418511648
1858,2020-12-15,Broome,91,6692,1829,252042,0.04975396391470749,38.0,0.02329798362126917
1859,2020-12-16,Broome,72,6764,2080,254122,0.03461538461538462,37.0,0.02300141140620789
1860,2020-12-17,Broome,129,6893,1941,256063,0.06646058732612056,41.0,0.02540893202584133
1861,2020-12-18,Broome,45,6938,979,257042,0.045965270684371805,39.0,0.02561996902556988
1862,2020-12-19,Broome,66,7004,1253,258295,0.052673583399840386,38.0,0.02710446351182597
1863,2020-12-20,Broome,79,7083,968,259263,0.08161157024793389,39.0,0.027728540391883712
1864,2020-12-21,Broome,61,7144,609,259872,0.10016420361247948,38.0,0.030803183128631305
1865,2020-12-22,Broome,174,7318,2094,261966,0.0830945558739255,44.0,0.033184653982861155
1866,2020-12-23,Broome,111,7429,2028,263994,0.05473372781065089,47.0,0.03462167849680875
1867,2020-12-24,Broome,111,7540,1957,265951,0.056719468574348494,46.0,0.0339258843002536
1868,2020-12-25,Broome,76,7616,1447,267398,0.0525224602626123,48.0,0.03439425498441364
1869,2020-12-26,Broome,47,7663,880,268278,0.053409090909090906,47.0,0.03444679123507439
1870,2020-12-27,Broome,82,7745,1124,269402,0.07295373665480427,47.0,0.03382837454985085
1871,2020-12-28,Broome,110,7855,941,270343,0.11689691817215728,50.0,0.035023568446970695
1872,2020-12-29,Broome,149,8004,1428,271771,0.10434173669467788,49.0,0.036541224219881575
1873,2020-12-30,Broome,153,8157,1960,273731,0.07806122448979592,52.0,0.038207473982677646
1874,2020-12-31,Broome,144,8301,1793,275524,0.08031232571109871,54.0,0.03989267806387409
1875,2021-01-01,Broome,186,8487,2247,277771,0.08277703604806408,62.0,0.04205371919140636
1876,2021-01-02,Broome,114,8601,978,278749,0.1165644171779141,67.0,0.046564813924893735
1877,2021-01-03,Broome,71,8672,759,279508,0.09354413702239789,66.0,0.04803555680829328
1878,2021-01-04,Broome,116,8788,848,280356,0.13679245283018868,66.0,0.04945666642672408
1879,2021-01-05,Broome,243,9031,2404,282760,0.10108153078202994,73.0,0.04922379457582066
1880,2021-01-06,Broome,233,9264,2379,285139,0.09794031105506515,79.0,0.05064372933048276
1881,2021-01-07,Broome,195,9459,2464,287603,0.07913961038961038,82.0,0.05055996395037645
1882,2021-01-08,Broome,191,9650,1819,289422,0.10500274876305662,83.0,0.0521475148585902
1883,2021-01-09,Broome,194,9844,2446,291868,0.07931316434995912,88.0,0.04948671108516484
1884,2021-01-10,Broome,115,9959,1135,293003,0.1013215859030837,91.0,0.05004224314807098
1885,2021-01-11,Broome,136,10095,1157,294160,0.11754537597234227,93.0,0.04866745194393909
1886,2021-01-12,Broome,201,10296,2045,296205,0.09828850855745722,90.0,0.04846795035646961
1887,2021-01-13,Broome,161,10457,2379,298584,0.0676754939050021,85.0,0.04630617770289368
1888,2021-01-14,Broome,163,10620,2170,300754,0.07511520737327189,82.0,0.04601872034458378
1889,2021-01-15,Broome,123,10743,2223,302977,0.0553306342780027,78.0,0.042470712167079934
1890,2021-01-16,Broome,123,10866,1742,304719,0.07060849598163031,73.0,0.04184895014077073
1891,2021-01-17,Broome,115,10981,1304,306023,0.08819018404907976,73.0,0.04091099286548473
1892,2021-01-18,Broome,127,11108,1103,307126,0.11514052583862194,72.0,0.04073921785593328
1893,2021-01-19,Broome,147,11255,1982,309108,0.07416750756811302,68.0,0.03901628921383726
1894,2021-01-20,Broome,212,11467,2388,311496,0.08877721943048576,72.0,0.040523555322800386
1895,2021-01-21,Broome,190,11657,2302,313798,0.08253692441355343,74.0,0.04105367796853478
1896,2021-01-22,Broome,147,11804,2349,316147,0.06257982120051085,75.0,0.04157147703442822
1897,2021-01-23,Broome,120,11924,1783,317930,0.06730229949523275,75.0,0.04133532014254269
1898,2021-01-24,Broome,84,12008,1234,319164,0.06807131280388978,73.0,0.039898257910743404
1899,2021-01-25,Broome,96,12104,1037,320201,0.09257473481195758,71.0,0.038286415694553086
1900,2021-01-26,Broome,123,12227,2200,322401,0.05590909090909091,69.0,0.03698224307605151
1901,2021-01-27,Broome,139,12366,2299,324700,0.06046107003044802,64.0,0.03495966097604881
1902,2021-01-28,Broome,143,12509,1852,326552,0.07721382289416846,60.0,0.03457943943894989
1903,2021-01-29,Broome,142,12651,1986,328538,0.07150050352467271,60.0,0.03521663103353287
1904,2021-01-30,Broome,97,12748,2045,330583,0.04743276283618582,58.0,0.03379737841502952
1905,2021-01-31,Broome,46,12794,927,331510,0.04962243797195254,56.0,0.03247960164131972
1906,2021-02-01,Broome,37,12831,709,332219,0.05218617771509168,51.0,0.0295947047058293
1907,2021-02-02,Broome,88,12919,1466,333685,0.06002728512960437,49.0,0.02988886143586597
1908,2021-02-03,Broome,119,13038,1861,335546,0.06394411606663085,48.0,0.03013765043845046
1909,2021-02-04,Broome,83,13121,1676,337222,0.049522673031026254,43.0,0.028159711162511734
1910,2021-02-05,Broome,111,13232,2770,339992,0.04007220216606498,41.0,0.02591483249403975
1911,2021-02-06,Broome,73,13305,2339,342331,0.031209918768704575,39.0,0.024756057917791088
1912,2021-02-07,Broome,44,13349,1641,343972,0.02681291895185862,39.0,0.023126806559212953
1913,2021-02-08,Broome,44,13393,1792,345764,0.024553571428571428,40.0,0.02115304896731865
1914,2021-02-09,Broome,64,13457,2895,348659,0.022107081174438686,38.0,0.0184444629705211
1915,2021-02-10,Broome,75,13532,3552,352211,0.021114864864864864,35.0,0.015385230741823531
1916,2021-02-11,Broome,53,13585,2384,354595,0.022231543624161073,33.0,0.013435864355618875
1917,2021-02-12,Broome,63,13648,2003,356598,0.03145282076884673,29.0,0.012820194255817569
1918,2021-02-13,Broome,56,13704,1649,358247,0.03395997574287447,28.0,0.013016626896829702
1919,2021-02-14,Broome,53,13757,829,359076,0.06393244873341375,29.0,0.0156680218812265
1920,2021-02-15,Broome,46,13803,1143,360219,0.04024496937882765,29.0,0.016788836020530516
1921,2021-02-16,Broome,66,13869,2317,362536,0.028485110056107037,29.0,0.017244409512078254
1922,2021-02-17,Broome,98,13967,2401,364937,0.04081632653061224,31.0,0.018651656773917353
1923,2021-02-18,Broome,84,14051,3611,368548,0.02326225422320687,33.0,0.01872527895956348
1924,2021-02-19,Broome,94,14145,3831,372379,0.02453667449752023,35.0,0.01823126851161159
1925,2021-02-20,Broome,83,14228,3671,376050,0.02260964314900572,37.0,0.017420530469192393
1926,2021-02-21,Broome,37,14265,852,376902,0.04342723004694836,36.0,0.01595587199158772
1927,2021-02-22,Broome,51,14316,1056,377958,0.048295454545454544,36.0,0.016530906646346787
1928,2021-02-23,Broome,96,14412,2850,380808,0.03368421052631579,38.0,0.01690227096564741
1929,2021-02-24,Broome,109,14521,4300,385108,0.025348837209302325,39.0,0.01579745029983956
1930,2021-02-25,Broome,116,14637,3937,389045,0.029464058928117855,41.0,0.016240436350190346
1931,2021-02-26,Broome,98,14735,3602,392647,0.027207107162687396,42.0,0.016431181540559427
1932,2021-02-27,Broome,107,14842,3490,396137,0.030659025787965616,43.0,0.017006137443342277
1933,2021-02-28,Broome,28,14870,750,396887,0.037333333333333336,43.0,0.01657085910665549
1934,2021-03-01,Broome,43,14913,1232,398119,0.0349025974025974,42.0,0.015614226453594265
1935,2021-03-02,Broome,115,15028,3719,401838,0.03092229093842431,44.0,0.015416946483030587
1936,2021-03-03,Broome,141,15169,3957,405795,0.0356330553449583,46.0,0.0161515334927203
1937,2021-03-04,Broome,107,15276,3093,408888,0.0345942450695118,45.0,0.016517975359962727
1938,2021-03-05,Broome,108,15384,3954,412842,0.027314112291350532,46.0,0.016525618583438664
1939,2021-03-06,Broome,77,15461,3086,415928,0.024951393389500972,44.0,0.016117930554976904
1940,2021-03-07,Broome,36,15497,614,416542,0.05863192182410423,44.0,0.017639258304317684
1941,2021-03-08,Broome,39,15536,1062,417604,0.03672316384180791,44.0,0.01776929876426129
1942,2021-03-09,Broome,84,15620,3741,421345,0.022453889334402566,42.0,0.017164412935402596
1943,2021-03-10,Broome,56,15676,3618,424963,0.015478164731896076,36.0,0.015724777891612435
1944,2021-03-11,Broome,59,15735,3729,428692,0.015821936175918476,32.0,0.0143838986849272
1945,2021-03-12,Broome,59,15794,4501,433193,0.013108198178182626,29.0,0.013369190533986634
1946,2021-03-13,Broome,39,15833,2683,435876,0.014535967200894522,26.0,0.012625231520514743
1947,2021-03-14,Broome,20,15853,609,436485,0.03284072249589491,25.0,0.01078300299707122
1948,2021-03-15,Broome,30,15883,803,437288,0.037359900373599,24.0,0.010828484177913442
1949,2021-03-16,Broome,55,15938,4162,441450,0.013214800576645843,22.0,0.010168549266645104
1950,2021-03-17,Broome,49,15987,3475,444925,0.014100719424460431,22.0,0.010070160316113987
1951,2021-03-18,Broome,39,16026,3111,448036,0.01253616200578592,20.0,0.009835462161104518
1952,2021-03-19,Broome,58,16084,3294,451330,0.017607771706132362,20.0,0.010156860270243788
1953,2021-03-20,Broome,46,16130,2858,454188,0.01609517144856543,21.0,0.01026823200222028
1954,2021-03-21,Broome,43,16173,814,455002,0.052825552825552825,22.0,0.01169571988291013
1955,2021-03-22,Broome,38,16211,820,455822,0.046341463414634146,23.0,0.012337260100126925
1956,2021-03-23,Broome,43,16254,3816,459638,0.011268343815513627,22.0,0.012198227474331766
1957,2021-03-24,Broome,41,16295,3862,463500,0.010616261004660798,22.0,0.011949337587203221
1958,2021-03-25,Broome,46,16341,3322,466822,0.013847080072245636,22.0,0.012042974591950344
1959,2021-03-26,Broome,52,16393,3769,470591,0.01379676306712656,22.0,0.011770759689164216
1960,2021-03-27,Broome,47,16440,3164,473755,0.014854614412136535,22.0,0.011682148472276438
1961,2021-03-28,Broome,52,16492,726,474481,0.07162534435261708,22.0,0.013024990724209599
1962,2021-03-29,Broome,38,16530,989,475470,0.03842264914054601,22.0,0.012459361133203301
1963,2021-03-30,Broome,46,16576,4002,479472,0.011494252873563218,23.0,0.01247549749449256
1964,2021-03-31,Broome,74,16650,3112,482584,0.02377892030848329,25.0,0.013415687444765597
1965,2021-04-01,Broome,45,16695,3552,486136,0.01266891891891892,25.0,0.01333153307667083
1966,2021-04-02,Broome,51,16746,3114,489250,0.016377649325626204,25.0,0.013515882095135089
1967,2021-04-03,Broome,37,16783,2755,492005,0.013430127041742287,24.0,0.013414132997249787
1968,2021-04-04,Broome,23,16806,529,492534,0.043478260869565216,22.0,0.011403627034174652
1969,2021-04-05,Broome,36,16842,1205,493739,0.02987551867219917,22.0,0.01079311771500702
1970,2021-04-06,Broome,39,16881,3260,496999,0.01196319018404908,21.0,0.010826613237184582
1971,2021-04-07,Broome,29,16910,3226,500225,0.008989460632362058,18.0,0.00977022326031878
1972,2021-04-08,Broome,47,16957,3701,503926,0.012699270467441232,18.0,0.009772391228070375
1973,2021-04-09,Broome,50,17007,2994,506920,0.016700066800267203,18.0,0.009795421047687589
1974,2021-04-10,Broome,47,17054,2554,509474,0.01840250587314017,19.0,0.01015059096421601
1975,2021-04-11,Broome,44,17098,504,509978,0.0873015873015873,20.0,0.013280828566503299
1976,2021-04-12,Broome,31,17129,811,510789,0.03822441430332922,20.0,0.013877178254441161
1977,2021-04-13,Broome,46,17175,4120,514909,0.01116504854368932,21.0,0.013820168137272607
1978,2021-04-14,Broome,64,17239,3362,518271,0.01903628792385485,23.0,0.014537798658093523
1979,2021-04-15,Broome,54,17293,3524,521795,0.01532349602724177,24.0,0.014725243340936417
1980,2021-04-16,Broome,67,17360,2931,524726,0.022859092459911294,25.0,0.01516517374519671
1981,2021-04-17,Broome,57,17417,3024,527750,0.018849206349206348,25.0,0.01519708092205858
1982,2021-04-18,Broome,38,17455,590,528340,0.06440677966101695,25.0,0.013561737519160696
1983,2021-04-19,Broome,47,17502,713,529053,0.06591865357643759,26.0,0.015539897467239865
1984,2021-04-20,Broome,57,17559,3754,532807,0.015183803942461374,27.0,0.01582695142429501
1985,2021-04-21,Broome,51,17610,2591,535398,0.01968351987649556,26.0,0.01587318227805506
1986,2021-04-22,Broome,50,17660,3141,538539,0.01591849729385546,26.0,0.01591568236852747
1987,2021-04-23,Broome,60,17720,3425,541964,0.017518248175182483,25.0,0.01553419349104684
1988,2021-04-24,Broome,38,17758,2646,544610,0.01436130007558579,24.0,0.0152136287572168
1989,2021-04-25,Broome,29,17787,727,545337,0.039889958734525444,23.0,0.013462427262467408
1990,2021-04-26,Broome,34,17821,887,546224,0.038331454340473504,22.0,0.011491913031327116
1991,2021-04-27,Broome,44,17865,3204,549428,0.01373283395755306,21.0,0.01138827231811938
1992,2021-04-28,Broome,45,17910,3315,552743,0.013574660633484163,21.0,0.01095192522933285
1993,2021-04-29,Broome,36,17946,2817,555560,0.012779552715654952,20.0,0.010727714902318528
1994,2021-04-30,Broome,29,17975,3031,558591,0.009567799406136588,18.0,0.010159825704529534
1995,2021-05-01,Broome,22,17997,2607,561198,0.008438818565400843,17.0,0.009736791310944895
1996,2021-05-02,Broome,23,18020,545,561743,0.04220183486238532,16.0,0.009901925320077746
1997,2021-05-03,Broome,37,18057,924,562667,0.04004329004329004,16.0,0.010024199298850355
1998,2021-05-04,Broome,24,18081,3246,565913,0.0073937153419593345,15.0,0.009571405112022232
1999,2021-05-05,Broome,24,18105,2950,568863,0.008135593220338983,13.0,0.009182900296797577
2000,2021-05-06,Broome,22,18127,2501,571364,0.008796481407437025,12.0,0.008898395203353438
2001,2021-05-07,Broome,51,18178,2839,574203,0.017964071856287425,14.0,0.009498128949792784
2002,2021-05-08,Broome,39,18217,3120,577323,0.0125,15.0,0.009788213337978437
2003,2021-05-09,Broome,26,18243,576,577899,0.04513888888888889,15.0,0.009998002911300121
2004,2021-05-10,Broome,15,18258,960,578859,0.015625,14.0,0.008253839336779404
2005,2021-05-11,Broome,17,18275,2838,581697,0.005990133897110641,13.0,0.00815358351929021
2006,2021-05-12,Broome,25,18300,2713,584410,0.009214891264283081,13.0,0.00823067623671479
2007,2021-05-13,Broome,28,18328,2587,586997,0.010823347506764593,14.0,0.008375452386666758
2008,2021-05-14,Broome,16,18344,3001,589998,0.005331556147950683,11.0,0.0074731298360712775
2009,2021-05-15,Broome,23,18367,2345,592343,0.009808102345415778,10.0,0.007280851432172404
2010,2021-05-16,Broome,14,18381,1062,593405,0.013182674199623353,9.0,0.004998264668653439
2011,2021-05-17,Broome,7,18388,826,594231,0.00847457627118644,9.0,0.004487520116595326
2012,2021-05-18,Broome,18,18406,1857,596088,0.009693053311793215,9.0,0.004752014360501224
2013,2021-05-19,Broome,23,18429,1811,597899,0.012700165654334622,9.0,0.005000962531219191
2014,2021-05-20,Broome,27,18456,1287,599186,0.02097902097902098,9.0,0.005726367779237505
2015,2021-05-21,Broome,7,18463,2848,602034,0.0024578651685393258,8.0,0.0055211041378509795
2016,2021-05-22,Broome,19,18482,1889,603923,0.010058231868713605,8.0,0.005538970532372253
2017,2021-05-23,Broome,10,18492,401,604324,0.02493765586034913,7.0,0.006378612079566951
2018,2021-05-24,Broome,7,18499,565,604889,0.012389380530973451,7.0,0.006658240955266023
2019,2021-05-25,Broome,9,18508,1895,606784,0.00474934036939314,7.0,0.006305118602237447
2020,2021-05-26,Broome,17,18525,1827,608611,0.009304871373836891,6.0,0.006062597582201894
2021,2021-05-27,Broome,14,18539,1614,610225,0.008674101610904586,5.0,0.005183674770193581
2022,2021-05-28,Broome,3,18542,1578,611803,0.0019011406844106464,5.0,0.00514390873561296
2023,2021-05-29,Broome,6,18548,1167,612970,0.005141388174807198,4.0,0.0047927056146196455
2024,2021-05-30,Broome,2,18550,425,613395,0.004705882352941176,4.0,0.003347578935519078
2025,2021-05-31,Broome,4,18554,362,613757,0.011049723756906077,3.0,0.0032518891659428367
2026,2021-06-01,Broome,3,18557,582,614339,0.005154639175257732,3.0,0.0032808390806474503
2027,2021-06-02,Broome,9,18566,1897,616236,0.004744333157617291,2.0,0.0029550863509174787
2028,2021-06-03,Broome,17,18583,1479,617715,0.011494252873563218,3.0,0.003156525726821668
2029,2021-06-04,Broome,10,18593,1363,619078,0.007336757153338224,3.0,0.0035447840460307795
2030,2021-06-05,Broome,2,18595,991,620069,0.0020181634712411706,3.0,0.003321696567204635
2031,2021-06-06,Broome,4,18599,397,620466,0.010075566750629723,3.0,0.003705245452753817
2032,2021-06-07,Broome,1,18600,423,620889,0.002364066193853428,3.0,0.003084841341107199
2033,2021-06-08,Broome,0,18600,1500,622389,0.0,3.0,0.002716652828588789
2034,2021-06-09,Broome,3,18603,1142,623531,0.002626970227670753,2.0,0.002565412619306894
2035,2021-06-10,Broome,4,18607,1259,624790,0.003177124702144559,1.0,0.0019713320356341325
2036,2021-06-11,Broome,5,18612,1306,626096,0.0038284839203675345,1.0,0.0017207410904219406
2037,2021-06-12,Broome,4,18616,906,627002,0.004415011037527594,1.0,0.0018919444880138281
2038,2021-06-13,Broome,3,18619,320,627322,0.009375,1.0,0.0018419040058259906
2039,2021-06-14,Broome,4,18623,719,628041,0.005563282336578581,1.0,0.002070419444592073
2040,2021-06-15,Broome,2,18625,1243,629284,0.0016090104585679806,1.0,0.002185348763061214
2041,2021-06-16,Broome,1,18626,1111,630395,0.0009000900090009,1.0,0.0020620001760133675
2042,2021-06-17,Broome,4,18630,928,631323,0.004310344827586207,1.0,0.0021429444706877712
2043,2021-06-18,Broome,3,18633,870,632193,0.0034482758620689655,1.0,0.0021157867522378737
2044,2021-06-19,Broome,3,18636,641,632834,0.0046801872074883,1.0,0.002134727907235067
2045,2021-06-20,Broome,1,18637,364,633198,0.0027472527472527475,1.0,0.0016613173891816915
2046,2021-06-21,Broome,1,18638,339,633537,0.0029498525073746312,1.0,0.0014746438299528379
2047,2021-06-22,Broome,3,18641,824,634361,0.0036407766990291263,1.0,0.0016197699899857772
2048,2021-06-23,Broome,2,18643,1137,635498,0.001759014951627089,1.0,0.0016811217716019334
2049,2021-06-24,Broome,4,18647,611,636109,0.006546644844517185,1.0,0.0018408574870970031
2050,2021-06-25,Broome,1,18648,594,636703,0.0016835016835016834,1.0,0.0017148021886279115
2051,2021-06-26,Broome,2,18650,559,637262,0.0035778175313059034,1.0,0.0016360614974720263
2052,2021-06-27,Broome,2,18652,294,637556,0.006802721088435374,1.0,0.0019257378075564996
2053,2021-06-28,Broome,0,18652,673,638229,0.0,1.0,0.0017150340570297404
2054,2021-06-29,Broome,3,18655,755,638984,0.003973509933774834,1.0,0.0017388007166544337
2055,2021-06-30,Broome,1,18656,810,639794,0.0012345679012345679,0.0,0.0017013402130549675
2056,2021-07-01,Broome,3,18659,696,640490,0.004310344827586207,0.0,0.0015416044975598978
2057,2021-07-02,Broome,0,18659,323,640813,0.0,0.0,0.0014213543773097775
2058,2021-07-03,Broome,1,18660,477,641290,0.0020964360587002098,0.0,0.0013155414149807994
2059,2021-07-04,Broome,9,18669,467,641757,0.019271948608137045,1.0,0.0022062005235309193
2060,2021-07-05,Broome,0,18669,218,641975,0.0,1.0,0.0022062005235309193
2061,2021-07-06,Broome,0,18669,482,642457,0.0,1.0,0.0019223783854041452
2062,2021-07-07,Broome,2,18671,862,643319,0.002320185614849188,1.0,0.0019999225078051893
2063,2021-07-08,Broome,5,18676,770,644089,0.006493506493506494,1.0,0.0021558626267994957
2064,2021-07-09,Broome,2,18678,465,644554,0.004301075268817204,1.0,0.002463082288857867
2065,2021-07-10,Broome,3,18681,433,644987,0.006928406466512702,1.0,0.0028082230322730452
2066,2021-07-11,Broome,1,18682,278,645265,0.0035971223021582736,0.0,0.0016885925818459903
2067,2021-07-12,Broome,4,18686,323,645588,0.01238390092879257,1.0,0.0025731569339026024
2068,2021-07-13,Broome,4,18690,855,646443,0.004678362573099415,1.0,0.0029073256891239893
2069,2021-07-14,Broome,3,18693,664,647107,0.004518072289156626,1.0,0.0030643175944316636
2070,2021-07-15,Broome,2,18695,445,647552,0.0044943820224719105,1.0,0.0029215229893577647
2071,2021-07-16,Broome,7,18702,630,648182,0.011111111111111112,1.0,0.0034079541209501864
2072,2021-07-17,Broome,4,18706,573,648755,0.006980802792321117,1.0,0.003411696715650788
2073,2021-07-18,Broome,4,18710,254,649009,0.015748031496062992,2.0,0.004279618800929696
2074,2021-07-19,Broome,5,18715,466,649475,0.01072961373390558,2.0,0.00416145542986634
2075,2021-07-20,Broome,3,18718,521,649996,0.005758157389635317,2.0,0.004238583631047476
2076,2021-07-21,Broome,6,18724,752,650748,0.007978723404255319,2.0,0.0044857729964116674
2077,2021-07-22,Broome,6,18730,549,651297,0.01092896174863388,2.0,0.004945385833994666
2078,2021-07-23,Broome,14,18744,616,651913,0.022727272727272728,3.0,0.0057751116637204955
2079,2021-07-24,Broome,7,18751,417,652330,0.016786570743405275,3.0,0.006475523660226505
2080,2021-07-25,Broome,4,18755,247,652577,0.016194331983805668,3.0,0.006507402266493841
2081,2021-07-26,Broome,9,18764,292,652869,0.030821917808219176,3.0,0.007942566843230527
2082,2021-07-27,Broome,5,18769,416,653285,0.01201923076923077,3.0,0.008389786370344486
2083,2021-07-28,Broome,7,18776,816,654101,0.00857843137254902,3.0,0.008432622653794039
2084,2021-07-29,Broome,13,18789,757,654858,0.017173051519154558,4.0,0.008878629065974086
2085,2021-07-30,Broome,11,18800,707,655565,0.015558698727015558,4.0,0.008366588065955716
2086,2021-07-31,Broome,14,18814,499,656064,0.028056112224448898,4.0,0.009171555314601688
2087,2021-08-01,Broome,13,18827,427,656491,0.03044496487119438,5.0,0.010189457663700883
2088,2021-08-02,Broome,23,18850,407,656898,0.056511056511056514,6.0,0.01202439614247498
2089,2021-08-03,Broome,32,18882,1371,658269,0.023340627279358133,8.0,0.01283306732176979
2090,2021-08-04,Broome,19,18901,1441,659710,0.0131852879944483,8.0,0.01316212850904831
2091,2021-08-05,Broome,28,18929,1167,660877,0.023993144815766924,10.0,0.013649278030234909
2092,2020-03-01,Cattaraugus,0,0,0,0,,,
2093,2020-03-02,Cattaraugus,0,0,0,0,,,
2094,2020-03-03,Cattaraugus,0,0,0,0,,,
2095,2020-03-04,Cattaraugus,0,0,0,0,,,
2096,2020-03-05,Cattaraugus,0,0,0,0,,,
2097,2020-03-06,Cattaraugus,0,0,0,0,,,
2098,2020-03-07,Cattaraugus,0,0,0,0,,0.0,
2099,2020-03-08,Cattaraugus,0,0,0,0,,0.0,
2100,2020-03-09,Cattaraugus,0,0,0,0,,0.0,
2101,2020-03-10,Cattaraugus,0,0,0,0,,0.0,
2102,2020-03-11,Cattaraugus,0,0,0,0,,0.0,
2103,2020-03-12,Cattaraugus,0,0,2,2,0.0,0.0,
2104,2020-03-13,Cattaraugus,0,0,2,4,0.0,0.0,
2105,2020-03-14,Cattaraugus,0,0,1,5,0.0,0.0,
2106,2020-03-15,Cattaraugus,0,0,2,7,0.0,0.0,
2107,2020-03-16,Cattaraugus,0,0,0,7,,0.0,
2108,2020-03-17,Cattaraugus,0,0,0,7,,0.0,
2109,2020-03-18,Cattaraugus,0,0,5,12,0.0,0.0,
2110,2020-03-19,Cattaraugus,0,0,2,14,0.0,0.0,
2111,2020-03-20,Cattaraugus,0,0,10,24,0.0,0.0,
2112,2020-03-21,Cattaraugus,0,0,23,47,0.0,0.0,
2113,2020-03-22,Cattaraugus,0,0,14,61,0.0,0.0,
2114,2020-03-23,Cattaraugus,0,0,12,73,0.0,0.0,
2115,2020-03-24,Cattaraugus,0,0,3,76,0.0,0.0,0.0
2116,2020-03-25,Cattaraugus,0,0,12,88,0.0,0.0,0.0
2117,2020-03-26,Cattaraugus,0,0,13,101,0.0,0.0,0.0
2118,2020-03-27,Cattaraugus,1,1,25,126,0.04,0.0,0.002857142857142857
2119,2020-03-28,Cattaraugus,3,4,13,139,0.23076923076923078,0.0,0.01934065934065934
2120,2020-03-29,Cattaraugus,2,6,7,146,0.2857142857142857,0.0,0.03974882260596546
2121,2020-03-30,Cattaraugus,0,6,5,151,0.0,0.0,0.03974882260596546
2122,2020-03-31,Cattaraugus,1,7,12,163,0.08333333333333333,0.0,0.045701203558346414
2123,2020-04-01,Cattaraugus,1,8,28,191,0.03571428571428571,0.0,0.04825222396650968
2124,2020-04-02,Cattaraugus,1,9,24,215,0.041666666666666664,0.0,0.05122841444270016
2125,2020-04-03,Cattaraugus,0,9,8,223,0.0,0.0,0.048371271585557304
2126,2020-04-04,Cattaraugus,1,10,12,235,0.08333333333333333,0.0,0.03784013605442176
2127,2020-04-05,Cattaraugus,2,12,16,251,0.125,0.0,0.026360544217687073
2128,2020-04-06,Cattaraugus,1,13,14,265,0.07142857142857142,0.0,0.031462585034013606
2129,2020-04-07,Cattaraugus,2,15,19,284,0.10526315789473684,0.0,0.03302900107411385
2130,2020-04-08,Cattaraugus,2,17,15,299,0.13333333333333333,0.0,0.04000179018976011
2131,2020-04-09,Cattaraugus,1,18,26,325,0.038461538461538464,0.0,0.03977285246082239
2132,2020-04-10,Cattaraugus,1,19,7,332,0.14285714285714285,0.0,0.04997693409347544
2133,2020-04-11,Cattaraugus,9,28,32,364,0.28125,1.0,0.0641138388553802
2134,2020-04-12,Cattaraugus,0,28,6,370,0.0,1.0,0.05518526742680878
2135,2020-04-13,Cattaraugus,4,32,13,383,0.3076923076923077,1.0,0.07206124858850423
2136,2020-04-14,Cattaraugus,0,32,11,394,0.0,1.0,0.06454245159602302
2137,2020-04-15,Cattaraugus,0,32,14,408,0.0,1.0,0.0550186420722135
2138,2020-04-16,Cattaraugus,2,34,31,439,0.06451612903225806,1.0,0.056879684255836324
2139,2020-04-17,Cattaraugus,0,34,15,454,0.0,1.0,0.046675602623183265
2140,2020-04-18,Cattaraugus,0,34,17,471,0.0,0.0,0.026586316908897557
2141,2020-04-19,Cattaraugus,0,34,1,472,0.0,0.0,0.026586316908897557
2142,2020-04-20,Cattaraugus,1,35,8,480,0.125,0.0,0.013536866359447005
2143,2020-04-21,Cattaraugus,2,37,34,514,0.058823529411764705,0.0,0.01773854703171591
2144,2020-04-22,Cattaraugus,0,37,40,554,0.0,0.0,0.01773854703171591
2145,2020-04-23,Cattaraugus,2,39,32,586,0.0625,0.0,0.01759453781512605
2146,2020-04-24,Cattaraugus,6,45,102,688,0.058823529411764705,0.0,0.02179621848739496
2147,2020-04-25,Cattaraugus,0,45,24,712,0.0,0.0,0.02179621848739496
2148,2020-04-26,Cattaraugus,0,45,21,733,0.0,0.0,0.02179621848739496
2149,2020-04-27,Cattaraugus,0,45,15,748,0.0,0.0,0.012867647058823529
2150,2020-04-28,Cattaraugus,2,47,76,824,0.02631578947368421,0.0,0.010545665634674921
2151,2020-04-29,Cattaraugus,0,47,85,909,0.0,0.0,0.010545665634674921
2152,2020-04-30,Cattaraugus,2,49,78,987,0.02564102564102564,0.0,0.00791288175189104
2153,2020-05-01,Cattaraugus,1,50,80,1067,0.0125,0.0,0.004604058222479275
2154,2020-05-02,Cattaraugus,3,53,54,1121,0.05555555555555555,0.0,0.008572312190733244
2155,2020-05-03,Cattaraugus,0,53,7,1128,0.0,0.0,0.008572312190733244
2156,2020-05-04,Cattaraugus,0,53,14,1142,0.0,0.0,0.008572312190733244
2157,2020-05-05,Cattaraugus,1,54,47,1189,0.02127659574468085,0.0,0.008212369781518718
2158,2020-05-06,Cattaraugus,5,59,65,1254,0.07692307692307693,0.0,0.013706875276024212
2159,2020-05-07,Cattaraugus,0,59,36,1290,0.0,0.0,0.011875373444522382
2160,2020-05-08,Cattaraugus,1,60,54,1344,0.018518518518518517,0.0,0.01230526762441656
2161,2020-05-09,Cattaraugus,0,60,21,1365,0.0,0.0,0.008337013656162592
2162,2020-05-10,Cattaraugus,1,61,103,1468,0.009708737864077669,0.0,0.00903049493216814
2163,2020-05-11,Cattaraugus,0,61,29,1497,0.0,0.0,0.00903049493216814
2164,2020-05-12,Cattaraugus,0,61,77,1574,0.0,0.0,0.007510738093262365
2165,2020-05-13,Cattaraugus,3,64,134,1708,0.022388059701492536,0.0,0.0036153797202920514
2166,2020-05-14,Cattaraugus,0,64,173,1881,0.0,0.0,0.0036153797202920514
2167,2020-05-15,Cattaraugus,1,65,186,2067,0.005376344086021506,0.0,0.0026766529751136936
2168,2020-05-16,Cattaraugus,0,65,142,2209,0.0,0.0,0.0026766529751136936
2169,2020-05-17,Cattaraugus,2,67,207,2416,0.00966183574879227,0.0,0.0026733028240218796
2170,2020-05-18,Cattaraugus,2,69,24,2440,0.08333333333333333,0.0,0.008625683776402831
2171,2020-05-19,Cattaraugus,1,70,152,2592,0.006578947368421052,0.0,0.009095608588432906
2172,2020-05-20,Cattaraugus,1,71,186,2778,0.005376344086021506,0.0,0.00788048604447069
2173,2020-05-21,Cattaraugus,3,74,125,2903,0.024,0.0,0.009594771758756403
2174,2020-05-22,Cattaraugus,4,78,176,3079,0.022727272727272728,0.0,0.010834123804560062
2175,2020-05-23,Cattaraugus,0,78,172,3251,0.0,0.0,0.010834123804560062
2176,2020-05-24,Cattaraugus,3,81,311,3562,0.00964630225080386,1.0,0.010833014268989463
2177,2020-05-25,Cattaraugus,0,81,136,3698,0.0,0.0,0.004880633316608511
2178,2020-05-26,Cattaraugus,1,82,162,3860,0.006172839506172839,0.0,0.004851625612162209
2179,2020-05-27,Cattaraugus,3,85,286,4146,0.01048951048951049,1.0,0.0052168517838399936
2180,2020-05-28,Cattaraugus,1,86,147,4293,0.006802721088435374,0.0,0.003988474718728235
2181,2020-05-29,Cattaraugus,1,87,189,4482,0.005291005291005291,0.0,0.002743027044709132
2182,2020-05-30,Cattaraugus,1,88,183,4665,0.00546448087431694,0.0,0.003133347107160342
2183,2020-05-31,Cattaraugus,1,89,215,4880,0.004651162790697674,0.0,0.0027765514314384717
2184,2020-06-01,Cattaraugus,0,89,333,5213,0.0,0.0,0.0027765514314384717
2185,2020-06-02,Cattaraugus,1,90,375,5588,0.0026666666666666666,0.0,0.0025261105143308885
2186,2020-06-03,Cattaraugus,1,91,290,5878,0.0034482758620689655,0.0,0.0020231651837993507
2187,2020-06-04,Cattaraugus,1,92,304,6182,0.003289473684210526,0.0,0.001772218940640433
2188,2020-06-05,Cattaraugus,0,92,416,6598,0.0,0.0,0.0013942899912829123
2189,2020-06-06,Cattaraugus,2,94,193,6791,0.010362694300518135,0.0,0.0017441623788687119
2190,2020-06-07,Cattaraugus,1,95,245,7036,0.004081632653061225,0.0,0.0017034816547518226
2191,2020-06-08,Cattaraugus,0,95,183,7219,0.0,0.0,0.0017034816547518226
2192,2020-06-09,Cattaraugus,1,96,205,7424,0.004878048780487805,0.0,0.0018614375200247612
2193,2020-06-10,Cattaraugus,2,98,258,7682,0.007751937984496124,0.0,0.0021688419573409868
2194,2020-06-11,Cattaraugus,3,101,282,7964,0.010638297872340425,0.0,0.002693757970778837
2195,2020-06-12,Cattaraugus,0,101,341,8305,0.0,0.0,0.002693757970778837
2196,2020-06-13,Cattaraugus,3,104,272,8577,0.011029411764705883,0.0,0.0027413806467922472
2197,2020-06-14,Cattaraugus,2,106,155,8732,0.012903225806451613,0.0,0.003371494443462989
2198,2020-06-15,Cattaraugus,1,107,393,9125,0.002544529262086514,0.0,0.003553246533612026
2199,2020-06-16,Cattaraugus,2,109,202,9327,0.009900990099009901,0.0,0.0039120280563636044
2200,2020-06-17,Cattaraugus,0,109,219,9546,0.0,0.0,0.003358318200328167
2201,2020-06-18,Cattaraugus,0,109,335,9881,0.0,0.0,0.0025984397808752795
2202,2020-06-19,Cattaraugus,4,113,325,10206,0.012307692307692308,0.0,0.0034775606599961586
2203,2020-06-20,Cattaraugus,2,115,377,10583,0.005305039787798408,0.0,0.00306867694735991
2204,2020-06-21,Cattaraugus,0,115,252,10835,0.0,0.0,0.002147017961184795
2205,2020-06-22,Cattaraugus,3,118,220,11055,0.013636363636363636,0.0,0.0029392918450617325
2206,2020-06-23,Cattaraugus,2,120,210,11265,0.009523809523809525,0.0,0.0029123503754045627
2207,2020-06-24,Cattaraugus,1,121,316,11581,0.0031645569620253164,0.0,0.0031383901584063714
2208,2020-06-25,Cattaraugus,2,123,149,11730,0.013422818791946308,1.0,0.004097162929259678
2209,2020-06-26,Cattaraugus,0,123,389,12119,0.0,0.0,0.0032180420501387997
2210,2020-06-27,Cattaraugus,0,123,107,12226,0.0,0.0,0.0028391106367246276
2211,2020-06-28,Cattaraugus,0,123,191,12417,0.0,0.0,0.0028391106367246276
2212,2020-06-29,Cattaraugus,0,123,120,12537,0.0,0.0,0.0018650846626986537
2213,2020-06-30,Cattaraugus,0,123,163,12700,0.0,0.0,0.0011848125538551162
2214,2020-07-01,Cattaraugus,1,124,173,12873,0.005780346820809248,0.0,0.0013716546866253969
2215,2020-07-02,Cattaraugus,0,124,313,13186,0.0,0.0,0.00041288191577208916
2216,2020-07-03,Cattaraugus,3,127,460,13646,0.006521739130434782,0.0,0.0008787204250888593
2217,2020-07-04,Cattaraugus,0,127,202,13848,0.0,0.0,0.0008787204250888593
2218,2020-07-05,Cattaraugus,1,128,249,14097,0.004016064257028112,0.0,0.0011655821577337244
2219,2020-07-06,Cattaraugus,0,128,129,14226,0.0,0.0,0.0011655821577337244
2220,2020-07-07,Cattaraugus,2,130,119,14345,0.01680672268907563,0.0,0.002366062349810555
2221,2020-07-08,Cattaraugus,1,131,210,14555,0.004761904761904762,0.0,0.0022933164884602346
2222,2020-07-09,Cattaraugus,3,134,421,14976,0.007125890736342043,0.0,0.0028023086839132376
2223,2020-07-10,Cattaraugus,4,138,345,15321,0.011594202898550725,0.0,0.003164627524492948
2224,2020-07-11,Cattaraugus,0,138,122,15443,0.0,0.0,0.003164627524492948
2225,2020-07-12,Cattaraugus,0,138,105,15548,0.0,0.0,0.0028777657918480823
2226,2020-07-13,Cattaraugus,1,139,288,15836,0.003472222222222222,0.0,0.0031257816648639558
2227,2020-07-14,Cattaraugus,2,141,178,16014,0.011235955056179775,0.0,0.0027278696910856804
2228,2020-07-15,Cattaraugus,1,142,294,16308,0.003401360544217687,0.0,0.0026306879612508897
2229,2020-07-16,Cattaraugus,3,145,381,16689,0.007874015748031496,0.0,0.0026841254620858504
2230,2020-07-17,Cattaraugus,0,145,207,16896,0.0,0.0,0.00185596811218937
2231,2020-07-18,Cattaraugus,0,145,103,16999,0.0,0.0,0.00185596811218937
2232,2020-07-19,Cattaraugus,0,145,56,17055,0.0,0.0,0.00185596811218937
2233,2020-07-20,Cattaraugus,2,147,359,17414,0.005571030640668524,0.0,0.0020058829992212488
2234,2020-07-21,Cattaraugus,0,147,253,17667,0.0,0.0,0.0012033147809226933
2235,2020-07-22,Cattaraugus,1,148,146,17813,0.00684931506849315,0.0,0.0014495972469423693
2236,2020-07-23,Cattaraugus,2,150,180,17993,0.011111111111111112,0.0,0.001680818344305199
2237,2020-07-24,Cattaraugus,0,150,340,18333,0.0,0.0,0.001680818344305199
2238,2020-07-25,Cattaraugus,1,151,104,18437,0.009615384615384616,0.0,0.002367631531118386
2239,2020-07-26,Cattaraugus,2,153,229,18666,0.008733624454148471,0.0,0.002991461849271848
2240,2020-07-27,Cattaraugus,0,153,182,18848,0.0,0.0,0.0025935310892240965
2241,2020-07-28,Cattaraugus,4,157,176,19024,0.022727272727272728,0.0,0.0042169077126007195
2242,2020-07-29,Cattaraugus,0,157,239,19263,0.0,0.0,0.0037276709219940664
2243,2020-07-30,Cattaraugus,1,158,254,19517,0.003937007874015748,0.0,0.0032152349764872543
2244,2020-07-31,Cattaraugus,0,158,217,19734,0.0,0.0,0.0032152349764872543
2245,2020-08-01,Cattaraugus,1,159,229,19963,0.004366812227074236,0.0,0.002840336948750799
2246,2020-08-02,Cattaraugus,3,162,146,20109,0.02054794520547945,0.0,0.003684217002417297
2247,2020-08-03,Cattaraugus,2,164,190,20299,0.010526315789473684,0.0,0.004436096701665418
2248,2020-08-04,Cattaraugus,0,164,379,20678,0.0,0.0,0.002812720078288794
2249,2020-08-05,Cattaraugus,0,164,325,21003,0.0,0.0,0.002812720078288794
2250,2020-08-06,Cattaraugus,0,164,277,21280,0.0,0.0,0.0025315052301448124
2251,2020-08-07,Cattaraugus,1,165,217,21497,0.004608294930875576,0.0,0.0028606691537787815
2252,2020-08-08,Cattaraugus,0,165,165,21662,0.0,0.0,0.0025487539947020507
2253,2020-08-09,Cattaraugus,1,166,174,21836,0.005747126436781609,0.0,0.0014915526540807762
2254,2020-08-10,Cattaraugus,2,168,282,22118,0.0070921985815602835,0.0,0.0012462585678012477
2255,2020-08-11,Cattaraugus,0,168,192,22310,0.0,0.0,0.0012462585678012477
2256,2020-08-12,Cattaraugus,1,169,238,22548,0.004201680672268907,0.0,0.0015463786158204553
2257,2020-08-13,Cattaraugus,0,169,281,22829,0.0,0.0,0.0015463786158204553
2258,2020-08-14,Cattaraugus,1,170,283,23112,0.0035335689045936395,0.0,0.0014696124710860314
2259,2020-08-15,Cattaraugus,1,171,397,23509,0.0025188916876574307,0.0,0.001649533305918705
2260,2020-08-16,Cattaraugus,0,171,113,23622,0.0,0.0,0.0012390242747200187
2261,2020-08-17,Cattaraugus,1,172,276,23898,0.0036231884057971015,0.0,0.0009912378335940769
2262,2020-08-18,Cattaraugus,1,173,356,24254,0.0028089887640449437,0.0,0.001191879888168716
2263,2020-08-19,Cattaraugus,1,174,354,24608,0.002824858757062147,0.0,0.0010935354656539473
2264,2020-08-20,Cattaraugus,0,174,375,24983,0.0,0.0,0.0010935354656539473
2265,2020-08-21,Cattaraugus,4,178,145,25128,0.027586206896551724,0.0,0.0028115810365080965
2266,2020-08-22,Cattaraugus,2,180,299,25427,0.006688963210702341,0.0,0.0031094432881541615
2267,2020-08-23,Cattaraugus,2,182,150,25577,0.013333333333333334,0.0,0.004061824240535114
2268,2020-08-24,Cattaraugus,2,184,264,25841,0.007575757575757576,0.0,0.004344150609818005
2269,2020-08-25,Cattaraugus,1,185,176,26017,0.005681818181818182,0.0,0.004549352711087522
2270,2020-08-26,Cattaraugus,3,188,314,26331,0.009554140127388535,1.0,0.005030015666110836
2271,2020-08-27,Cattaraugus,9,197,291,26622,0.030927835051546393,1.0,0.007239146741221292
2272,2020-08-28,Cattaraugus,0,197,231,26853,0.0,1.0,0.005268703391467597
2273,2020-08-29,Cattaraugus,4,201,334,27187,0.011976047904191617,1.0,0.005646352298145403
2274,2020-08-30,Cattaraugus,4,205,283,27470,0.014134275618374558,1.0,0.005703562461362632
2275,2020-08-31,Cattaraugus,1,206,320,27790,0.003125,1.0,0.0053856512059513775
2276,2020-09-01,Cattaraugus,10,216,242,28032,0.04132231404958678,2.0,0.007931400910791992
2277,2020-09-02,Cattaraugus,6,222,276,28308,0.021739130434782608,2.0,0.008801757361320139
2278,2020-09-03,Cattaraugus,1,223,320,28628,0.003125,1.0,0.006815840571923969
2279,2020-09-04,Cattaraugus,4,227,459,29087,0.008714596949891068,2.0,0.007438311782630475
2280,2020-09-05,Cattaraugus,2,229,214,29301,0.009345794392523364,2.0,0.007250436531797027
2281,2020-09-06,Cattaraugus,1,230,133,29434,0.007518796992481203,1.0,0.006777902344233215
2282,2020-09-07,Cattaraugus,3,233,372,29806,0.008064516129032258,1.0,0.007130724924878378
2283,2020-09-08,Cattaraugus,1,234,162,29968,0.006172839506172839,1.0,0.004620048171777381
2284,2020-09-09,Cattaraugus,2,236,200,30168,0.01,1.0,0.0037815388550071953
2285,2020-09-10,Cattaraugus,3,239,248,30416,0.012096774193548387,1.0,0.00442237986883208
2286,2020-09-11,Cattaraugus,0,239,486,30902,0.0,0.0,0.003799908658125575
2287,2020-09-12,Cattaraugus,2,241,258,31160,0.007751937984496124,0.0,0.003686061771837915
2288,2020-09-13,Cattaraugus,1,242,230,31390,0.004347826086956522,0.0,0.0034595638500147237
2289,2020-09-14,Cattaraugus,0,242,244,31634,0.0,0.0,0.0028835269836552766
2290,2020-09-15,Cattaraugus,3,245,137,31771,0.021897810218978103,0.0,0.004006739177427081
2291,2020-09-16,Cattaraugus,3,248,255,32026,0.011764705882352941,0.0,0.004132789597595149
2292,2020-09-17,Cattaraugus,1,249,247,32273,0.004048582995951417,0.0,0.0035579187977667934
2293,2020-09-18,Cattaraugus,4,253,290,32563,0.013793103448275862,1.0,0.004543140472643641
2294,2020-09-19,Cattaraugus,1,254,335,32898,0.0029850746268656717,0.0,0.0042026502328128944
2295,2020-09-20,Cattaraugus,1,255,160,33058,0.00625,0.0,0.004338519798030286
2296,2020-09-21,Cattaraugus,0,255,226,33284,0.0,0.0,0.004338519798030286
2297,2020-09-22,Cattaraugus,3,258,196,33480,0.015306122448979591,0.0,0.0038676849573161054
2298,2020-09-23,Cattaraugus,0,258,298,33778,0.0,0.0,0.003027348822862324
2299,2020-09-24,Cattaraugus,0,258,404,34182,0.0,0.0,0.002738164323151509
2300,2020-09-25,Cattaraugus,1,259,392,34574,0.002551020408163265,0.0,0.0019351583917148947
2301,2020-09-26,Cattaraugus,1,260,300,34874,0.0033333333333333335,0.0,0.001960034013605442
2302,2020-09-27,Cattaraugus,0,260,120,34994,0.0,0.0,0.0015136054421768708
2303,2020-09-28,Cattaraugus,11,271,295,35289,0.03728813559322034,1.0,0.004177043698835467
2304,2020-09-29,Cattaraugus,5,276,141,35430,0.03546099290780142,1.0,0.005616677303037026
2305,2020-09-30,Cattaraugus,3,279,298,35728,0.010067114093959731,1.0,0.006335756881177006
2306,2020-10-01,Cattaraugus,11,290,233,35961,0.04721030042918455,2.0,0.009707921197547332
2307,2020-10-02,Cattaraugus,12,302,657,36618,0.0182648401826484,3.0,0.010830336895724841
2308,2020-10-03,Cattaraugus,1,303,419,37037,0.002386634844868735,3.0,0.010762715575120227
2309,2020-10-04,Cattaraugus,4,307,188,37225,0.02127659574468085,3.0,0.012282472414026002
2310,2020-10-05,Cattaraugus,4,311,321,37546,0.012461059190031152,2.0,0.010509109813798203
2311,2020-10-06,Cattaraugus,5,316,238,37784,0.02100840336134454,2.0,0.009476781989051284
2312,2020-10-07,Cattaraugus,11,327,413,38197,0.026634382566585957,3.0,0.010660158308524584
2313,2020-10-08,Cattaraugus,16,343,330,38527,0.048484848484848485,3.0,0.010751197455357724
2314,2020-10-09,Cattaraugus,12,355,396,38923,0.030303030303030304,3.0,0.011611068178242145
2315,2020-10-10,Cattaraugus,3,358,265,39188,0.011320754716981131,3.0,0.012249219597678745
2316,2020-10-11,Cattaraugus,4,362,331,39519,0.012084592145015106,3.0,0.011592647911988335
2317,2020-10-12,Cattaraugus,2,364,263,39782,0.0076045627376425855,3.0,0.011245755308246294
2318,2020-10-13,Cattaraugus,3,367,300,40082,0.01,3.0,0.010459440782435969
2319,2020-10-14,Cattaraugus,16,383,427,40509,0.03747072599531616,4.0,0.011233465313059554
2320,2020-10-15,Cattaraugus,10,393,456,40965,0.021929824561403508,3.0,0.009336677889956343
2321,2020-10-16,Cattaraugus,6,399,445,41410,0.01348314606741573,3.0,0.008135257587412443
2322,2020-10-17,Cattaraugus,4,403,284,41694,0.014084507042253521,3.0,0.008332668467789042
2323,2020-10-18,Cattaraugus,3,406,390,42084,0.007692307692307693,3.0,0.008018933864024228
2324,2020-10-19,Cattaraugus,11,417,333,42417,0.03303303303303303,3.0,0.009835253170837832
2325,2020-10-20,Cattaraugus,17,434,410,42827,0.041463414634146344,4.0,0.012082639930419711
2326,2020-10-21,Cattaraugus,8,442,473,43300,0.016913319238900635,4.0,0.010614253733532891
2327,2020-10-22,Cattaraugus,5,447,709,44009,0.007052186177715092,3.0,0.009551565277555145
2328,2020-10-23,Cattaraugus,8,455,417,44426,0.019184652278177457,4.0,0.009958815721180984
2329,2020-10-24,Cattaraugus,6,461,491,44917,0.012219959266802444,4.0,0.009825633737220193
2330,2020-10-25,Cattaraugus,1,462,328,45245,0.003048780487804878,4.0,0.009493953222612848
2331,2020-10-26,Cattaraugus,8,470,229,45474,0.034934497816593885,3.0,0.009629772135724338
2332,2020-10-27,Cattaraugus,32,502,340,45814,0.09411764705882353,4.0,0.013390788737486992
2333,2020-10-28,Cattaraugus,15,517,491,46305,0.03054989816700611,5.0,0.014364830089494528
2334,2020-10-29,Cattaraugus,10,527,470,46775,0.02127659574468085,5.0,0.015380859344277797
2335,2020-10-30,Cattaraugus,9,536,385,47160,0.023376623376623377,5.0,0.015680285851309646
2336,2020-10-31,Cattaraugus,13,549,464,47624,0.028017241379310345,6.0,0.016808663145060212
2337,2020-11-01,Cattaraugus,1,550,181,47805,0.0055248618784530384,6.0,0.01698552610153508
2338,2020-11-02,Cattaraugus,12,562,445,48250,0.02696629213483146,6.0,0.016416368552837766
2339,2020-11-03,Cattaraugus,6,568,422,48672,0.014218009478672985,4.0,0.010709251582827012
2340,2020-11-04,Cattaraugus,14,582,595,49267,0.023529411764705882,4.0,0.010207788268376997
2341,2020-11-05,Cattaraugus,9,591,509,49776,0.01768172888015717,4.0,0.009951012063768163
2342,2020-11-06,Cattaraugus,8,599,389,50165,0.02056555269922879,4.0,0.00975022130109712
2343,2020-11-07,Cattaraugus,6,605,429,50594,0.013986013986013986,4.0,0.008747990773004522
2344,2020-11-08,Cattaraugus,6,611,277,50871,0.021660649819494584,4.0,0.00990054705450749
2345,2020-11-09,Cattaraugus,7,618,399,51270,0.017543859649122806,4.0,0.009227516162671158
2346,2020-11-10,Cattaraugus,9,627,572,51842,0.015734265734265736,4.0,0.009335820180927781
2347,2020-11-11,Cattaraugus,15,642,518,52360,0.02895752895752896,4.0,0.009723542837558002
2348,2020-11-12,Cattaraugus,19,661,467,52827,0.04068522483940043,5.0,0.011366649691789663
2349,2020-11-13,Cattaraugus,14,675,391,53218,0.03580562659846547,5.0,0.012455226398877998
2350,2020-11-14,Cattaraugus,3,678,240,53458,0.0125,5.0,0.012349082542734143
2351,2020-11-15,Cattaraugus,5,683,307,53765,0.016286644951140065,5.0,0.01196522505213739
2352,2020-11-16,Cattaraugus,12,695,313,54078,0.038338658146964855,5.0,0.01345056780198325
2353,2020-11-17,Cattaraugus,44,739,440,54518,0.1,8.0,0.019469548820964272
2354,2020-11-18,Cattaraugus,41,780,695,55213,0.058992805755395686,9.0,0.021614925735097608
2355,2020-11-19,Cattaraugus,29,809,408,55621,0.07107843137254902,10.0,0.023785869058893936
2356,2020-11-20,Cattaraugus,33,842,440,56061,0.075,11.0,0.026585467159003544
2357,2020-11-21,Cattaraugus,35,877,481,56542,0.07276507276507277,14.0,0.030890115213651603
2358,2020-11-22,Cattaraugus,24,901,423,56965,0.05673758865248227,15.0,0.03377946833517604
2359,2020-11-23,Cattaraugus,18,919,303,57268,0.0594059405940594,16.0,0.035284274224254224
2360,2020-11-24,Cattaraugus,37,956,577,57845,0.06412478336221837,15.0,0.032721758750126964
2361,2020-11-25,Cattaraugus,41,997,746,58591,0.054959785522788206,15.0,0.03243368587636929
2362,2020-11-26,Cattaraugus,61,1058,686,59277,0.08892128279883382,17.0,0.03370817526396106
2363,2020-11-27,Cattaraugus,17,1075,401,59678,0.04239401496259352,16.0,0.03137917633271774
2364,2020-11-28,Cattaraugus,39,1114,581,60259,0.06712564543889846,16.0,0.030976360095133857
2365,2020-11-29,Cattaraugus,21,1135,315,60574,0.06666666666666667,16.0,0.03168557995328989
2366,2020-11-30,Cattaraugus,29,1164,550,61124,0.05272727272727273,17.0,0.03120853224851941
2367,2020-12-01,Cattaraugus,35,1199,592,61716,0.05912162162162162,17.0,0.0308511635527625
2368,2020-12-02,Cattaraugus,53,1252,608,62324,0.08717105263157894,18.0,0.033151968346247555
2369,2020-12-03,Cattaraugus,39,1291,698,63022,0.055873925501432664,16.0,0.030791442825004615
2370,2020-12-04,Cattaraugus,83,1374,839,63861,0.09892729439809297,21.0,0.034829534213254576
2371,2020-12-05,Cattaraugus,38,1412,741,64602,0.05128205128205128,21.0,0.03369784891633692
2372,2020-12-06,Cattaraugus,27,1439,257,64859,0.10505836575875487,21.0,0.03644011313720036
2373,2020-12-07,Cattaraugus,31,1470,429,65288,0.07226107226107226,21.0,0.03783538453247176
2374,2020-12-08,Cattaraugus,44,1514,595,65883,0.07394957983193277,22.0,0.038894524404636845
2375,2020-12-09,Cattaraugus,80,1594,694,66577,0.11527377521613832,24.0,0.04090186173210537
2376,2020-12-10,Cattaraugus,90,1684,854,67431,0.1053864168618267,28.0,0.0444384682578478
2377,2020-12-11,Cattaraugus,38,1722,694,68125,0.05475504322766571,24.0,0.04128330745996014
2378,2020-12-12,Cattaraugus,40,1762,694,68819,0.05763688760806916,25.0,0.04173722434038999
2379,2020-12-13,Cattaraugus,21,1783,321,69140,0.06542056074766354,24.0,0.03890595255388347
2380,2020-12-14,Cattaraugus,34,1817,426,69566,0.07981220657276995,24.0,0.0394453192904333
2381,2020-12-15,Cattaraugus,51,1868,588,70154,0.08673469387755102,25.0,0.04035854172226317
2382,2020-12-16,Cattaraugus,37,1905,704,70858,0.052556818181818184,22.0,0.03587875907695459
2383,2020-12-17,Cattaraugus,71,1976,833,71691,0.08523409363745499,20.0,0.0344393074180709
2384,2020-12-18,Cattaraugus,35,2011,553,72244,0.06329113924050633,20.0,0.035049028561845226
2385,2020-12-19,Cattaraugus,26,2037,591,72835,0.043993231810490696,19.0,0.03407448171916105
2386,2020-12-20,Cattaraugus,18,2055,295,73130,0.061016949152542375,19.0,0.033759938033795255
2387,2020-12-21,Cattaraugus,53,2108,527,73657,0.10056925996204934,20.0,0.03524258470445806
2388,2020-12-22,Cattaraugus,25,2133,480,74137,0.052083333333333336,18.0,0.032767487522728234
2389,2020-12-23,Cattaraugus,34,2167,535,74672,0.06355140186915888,18.0,0.03355281492896685
2390,2020-12-24,Cattaraugus,61,2228,822,75494,0.07420924574209246,18.0,0.032765325793583815
2391,2020-12-25,Cattaraugus,46,2274,541,76035,0.08502772643253234,18.0,0.03431793916444281
2392,2020-12-26,Cattaraugus,15,2289,220,76255,0.06818181818181818,18.0,0.03604569533382335
2393,2020-12-27,Cattaraugus,48,2337,260,76515,0.18461538461538463,20.0,0.04487415500974066
2394,2020-12-28,Cattaraugus,35,2372,300,76815,0.11666666666666667,18.0,0.04602396977435618
2395,2020-12-29,Cattaraugus,65,2437,474,77289,0.1371308016877637,21.0,0.05209878894252977
2396,2020-12-30,Cattaraugus,61,2498,729,78018,0.08367626886145405,23.0,0.053536279441979424
2397,2020-12-31,Cattaraugus,87,2585,846,78864,0.10283687943262411,25.0,0.055581110419874555
2398,2021-01-01,Cattaraugus,45,2630,778,79642,0.05784061696658098,25.0,0.05363917402944945
2399,2021-01-02,Cattaraugus,37,2667,306,79948,0.12091503267973856,27.0,0.057405832207872334
2400,2021-01-03,Cattaraugus,32,2699,283,80231,0.11307420494699646,25.0,0.052295747945844615
2401,2021-01-04,Cattaraugus,38,2737,242,80473,0.15702479338842976,26.0,0.05517847128311341
2402,2021-01-05,Cattaraugus,58,2795,598,81071,0.09698996655518395,25.0,0.052311268773643414
2403,2021-01-06,Cattaraugus,41,2836,503,81574,0.08151093439363817,24.0,0.052156602025942286
2404,2021-01-07,Cattaraugus,89,2925,814,82388,0.10933660933660934,24.0,0.05262086844765552
2405,2021-01-08,Cattaraugus,58,2983,930,83318,0.06236559139784946,25.0,0.052944080907031836
2406,2021-01-09,Cattaraugus,57,3040,516,83834,0.11046511627906977,26.0,0.052197658306984064
2407,2021-01-10,Cattaraugus,32,3072,430,84264,0.07441860465116279,26.0,0.049436544000138805
2408,2021-01-11,Cattaraugus,39,3111,537,84801,0.07262569832402235,26.0,0.043408037209823995
2409,2021-01-12,Cattaraugus,45,3156,618,85419,0.07281553398058252,25.0,0.0416812920259239
2410,2021-01-13,Cattaraugus,43,3199,501,85920,0.08582834331337326,25.0,0.041989678377333535
2411,2021-01-14,Cattaraugus,54,3253,938,86858,0.057569296375266525,23.0,0.03829201316580905
2412,2021-01-15,Cattaraugus,55,3308,819,87677,0.06715506715506715,23.0,0.03863411857703888
2413,2021-01-16,Cattaraugus,36,3344,647,88324,0.05564142194744977,21.0,0.0347181404104946
2414,2021-01-17,Cattaraugus,29,3373,401,88725,0.07231920199501247,21.0,0.03456818307791243
2415,2021-01-18,Cattaraugus,27,3400,328,89053,0.08231707317073171,20.0,0.035260424138391665
2416,2021-01-19,Cattaraugus,27,3427,653,89706,0.04134762633996937,19.0,0.03301271644977644
2417,2021-01-20,Cattaraugus,35,3462,519,90225,0.0674373795761079,18.0,0.03169907618282892
2418,2021-01-21,Cattaraugus,66,3528,668,90893,0.09880239520958084,19.0,0.03464429752813709
2419,2021-01-22,Cattaraugus,53,3581,803,91696,0.0660024906600249,19.0,0.034561970635634064
2420,2021-01-23,Cattaraugus,26,3607,676,92372,0.038461538461538464,18.0,0.03333483610092612
2421,2021-01-24,Cattaraugus,16,3623,316,92688,0.05063291139240506,17.0,0.03178581534359702
2422,2021-01-25,Cattaraugus,19,3642,395,93083,0.04810126582278481,17.0,0.029341829104457953
2423,2021-01-26,Cattaraugus,35,3677,698,93781,0.050143266475644696,17.0,0.02997008911414905
2424,2021-01-27,Cattaraugus,36,3713,1021,94802,0.03525954946131244,17.0,0.027671672677377943
2425,2021-01-28,Cattaraugus,27,3740,862,95664,0.031322505800464036,15.0,0.022851680576726742
2426,2021-01-29,Cattaraugus,18,3758,713,96377,0.025245441795231416,12.0,0.019940462800670068
2427,2021-01-30,Cattaraugus,39,3797,761,97138,0.051248357424441525,13.0,0.020853807012306
2428,2021-01-31,Cattaraugus,12,3809,207,97345,0.057971014492753624,13.0,0.021377957233759466
2429,2021-02-01,Cattaraugus,14,3823,365,97710,0.038356164383561646,12.0,0.02068187855952924
2430,2021-02-02,Cattaraugus,20,3843,465,98175,0.043010752688172046,11.0,0.020172413288995484
2431,2021-02-03,Cattaraugus,38,3881,840,99015,0.04523809523809524,12.0,0.02088516655876568
2432,2021-02-04,Cattaraugus,47,3928,782,99797,0.06010230179028133,13.0,0.02294086627232406
2433,2021-02-05,Cattaraugus,29,3957,619,100416,0.046849757673667204,14.0,0.02448403169221233
2434,2021-02-06,Cattaraugus,28,3985,726,101142,0.03856749311294766,13.0,0.02357825566996277
2435,2021-02-07,Cattaraugus,19,4004,276,101418,0.06884057971014493,13.0,0.024354653185490717
2436,2021-02-08,Cattaraugus,8,4012,233,101651,0.034334763948497854,13.0,0.024067410297271878
2437,2021-02-09,Cattaraugus,34,4046,557,102208,0.06104129263913824,14.0,0.025355306008055172
2438,2021-02-10,Cattaraugus,29,4075,1008,103216,0.028769841269841268,13.0,0.02417900215317989
2439,2021-02-11,Cattaraugus,31,4106,770,103986,0.04025974025974026,12.0,0.022761676329569817
2440,2021-02-12,Cattaraugus,27,4133,550,104536,0.04909090909090909,12.0,0.02292175857365852
2441,2021-02-13,Cattaraugus,28,4161,670,105206,0.041791044776119404,12.0,0.023152012263885073
2442,2021-02-14,Cattaraugus,8,4169,213,105419,0.03755868544600939,11.0,0.02091759124501826
2443,2021-02-15,Cattaraugus,16,4185,298,105717,0.053691275167785234,12.0,0.02230019918925306
2444,2021-02-16,Cattaraugus,18,4203,549,106266,0.03278688524590164,11.0,0.020282027232593307
2445,2021-02-17,Cattaraugus,25,4228,960,107226,0.026041666666666668,10.0,0.020087157618080834
2446,2021-02-18,Cattaraugus,22,4250,630,107856,0.03492063492063492,10.0,0.01970579295100188
2447,2021-02-19,Cattaraugus,19,4269,784,108640,0.02423469387755102,9.0,0.01793034900719059
2448,2021-02-20,Cattaraugus,12,4281,331,108971,0.03625377643504532,8.0,0.017534829839971015
2449,2021-02-21,Cattaraugus,9,4290,214,109185,0.04205607476635514,8.0,0.017856071934281424
2450,2021-02-22,Cattaraugus,22,4312,470,109655,0.04680851063829787,9.0,0.017364445896460894
2451,2021-02-23,Cattaraugus,12,4324,942,110597,0.012738853503184714,8.0,0.015932443629123973
2452,2021-02-24,Cattaraugus,27,4351,719,111316,0.037552155771905425,8.0,0.016754621422355315
2453,2021-02-25,Cattaraugus,12,4363,597,111913,0.020100502512562814,8.0,0.015696040536064448
2454,2021-02-26,Cattaraugus,24,4387,634,112547,0.03785488958990536,8.0,0.016668911658375477
2455,2021-02-27,Cattaraugus,24,4411,595,113142,0.040336134453781515,9.0,0.016960508659713776
2456,2021-02-28,Cattaraugus,9,4420,188,113330,0.047872340425531915,9.0,0.01737595620679783
2457,2021-03-01,Cattaraugus,13,4433,247,113577,0.05263157894736842,8.0,0.017791889657445725
2458,2021-03-02,Cattaraugus,15,4448,1185,114762,0.012658227848101266,8.0,0.017786130682082624
2459,2021-03-03,Cattaraugus,10,4458,629,115391,0.01589825119236884,7.0,0.016239423212115724
2460,2021-03-04,Cattaraugus,16,4474,698,116089,0.022922636103151862,7.0,0.016441004182872084
2461,2021-03-05,Cattaraugus,15,4489,580,116669,0.02586206896551724,7.0,0.015584374138272931
2462,2021-03-06,Cattaraugus,10,4499,445,117114,0.02247191011235955,6.0,0.014308358113885648
2463,2021-03-07,Cattaraugus,1,4500,213,117327,0.004694835680751174,5.0,0.011224250632115598
2464,2021-03-08,Cattaraugus,7,4507,336,117663,0.020833333333333332,5.0,0.008952947373970234
2465,2021-03-09,Cattaraugus,11,4518,527,118190,0.020872865275142316,5.0,0.009539707190187449
2466,2021-03-10,Cattaraugus,10,4528,808,118998,0.012376237623762377,5.0,0.009288134792429846
2467,2021-03-11,Cattaraugus,20,4548,521,119519,0.03838771593090211,5.0,0.010392783351554863
2468,2021-03-12,Cattaraugus,4,4552,465,119984,0.008602150537634409,4.0,0.009159932035277518
2469,2021-03-13,Cattaraugus,10,4562,281,120265,0.03558718861209965,4.0,0.010096737642401812
2470,2021-03-14,Cattaraugus,13,4575,264,120529,0.04924242424242424,5.0,0.01327870825394989
2471,2021-03-15,Cattaraugus,14,4589,349,120878,0.04011461318051576,5.0,0.014655942528748633
2472,2021-03-16,Cattaraugus,18,4607,618,121496,0.02912621359223301,6.0,0.015245467408540825
2473,2021-03-17,Cattaraugus,16,4623,725,122221,0.022068965517241378,6.0,0.015937805115217897
2474,2021-03-18,Cattaraugus,3,4626,514,122735,0.005836575875486381,5.0,0.013612723682688201
2475,2021-03-19,Cattaraugus,13,4639,474,123209,0.027426160337552744,6.0,0.014957295811253796
2476,2021-03-20,Cattaraugus,10,4649,508,123717,0.01968503937007874,6.0,0.013821428008252304
2477,2021-03-21,Cattaraugus,5,4654,229,123946,0.021834061135371178,5.0,0.011863687786319943
2478,2021-03-22,Cattaraugus,15,4669,263,124209,0.057034220532319393,5.0,0.01307223116859163
2479,2021-03-23,Cattaraugus,14,4683,884,125093,0.01583710407239819,5.0,0.012123009060032
2480,2021-03-24,Cattaraugus,16,4699,559,125652,0.028622540250447227,5.0,0.012591121540975275
2481,2021-03-25,Cattaraugus,13,4712,533,126185,0.024390243902439025,6.0,0.013916383542900463
2482,2021-03-26,Cattaraugus,22,4734,648,126833,0.033950617283950615,6.0,0.014382416181928884
2483,2021-03-27,Cattaraugus,12,4746,612,127445,0.0196078431372549,6.0,0.014376902165298609
2484,2021-03-28,Cattaraugus,15,4761,348,127793,0.04310344827586207,7.0,0.0158961441039051
2485,2021-03-29,Cattaraugus,31,4792,355,128148,0.08732394366197183,8.0,0.01805969575602313
2486,2021-03-30,Cattaraugus,21,4813,731,128879,0.028727770177838577,9.0,0.018980457620697444
2487,2021-03-31,Cattaraugus,14,4827,988,129867,0.01417004048582996,9.0,0.01794813620893907
2488,2021-04-01,Cattaraugus,18,4845,645,130512,0.027906976744186046,9.0,0.018199331411921
2489,2021-04-02,Cattaraugus,16,4861,493,131005,0.032454361054766734,9.0,0.018092455966979292
2490,2021-04-03,Cattaraugus,16,4877,606,131611,0.026402640264026403,9.0,0.018577798618891545
2491,2021-04-04,Cattaraugus,20,4897,247,131858,0.08097165991902834,9.0,0.021282670879117706
2492,2021-04-05,Cattaraugus,6,4903,250,132108,0.024,7.0,0.016759532046119716
2493,2021-04-06,Cattaraugus,20,4923,463,132571,0.04319654427645788,7.0,0.017793015910306808
2494,2021-04-07,Cattaraugus,22,4945,828,133399,0.026570048309178744,8.0,0.018678730754831722
2495,2021-04-08,Cattaraugus,21,4966,706,134105,0.029745042492917848,8.0,0.018810021165455427
2496,2021-04-09,Cattaraugus,19,4985,537,134642,0.035381750465549346,8.0,0.01901912040908275
2497,2021-04-10,Cattaraugus,17,5002,658,135300,0.025835866261398176,8.0,0.018978636551752165
2498,2021-04-11,Cattaraugus,13,5015,179,135479,0.07262569832402235,8.0,0.018382496437823168
2499,2021-04-12,Cattaraugus,22,5037,267,135746,0.08239700374531835,9.0,0.02255371099106019
2500,2021-04-13,Cattaraugus,31,5068,1067,136813,0.029053420805998126,10.0,0.021543487886027352
2501,2021-04-14,Cattaraugus,30,5098,564,137377,0.05319148936170213,10.0,0.023445019389779026
2502,2021-04-15,Cattaraugus,13,5111,480,137857,0.027083333333333334,10.0,0.02325489730695156
2503,2021-04-16,Cattaraugus,37,5148,583,138440,0.0634648370497427,11.0,0.02526083206296537
2504,2021-04-17,Cattaraugus,21,5169,535,138975,0.03925233644859813,11.0,0.026219151362051076
2505,2021-04-18,Cattaraugus,11,5180,245,139220,0.044897959183673466,11.0,0.024238598566311876
2506,2021-04-19,Cattaraugus,14,5194,208,139428,0.0673076923076923,11.0,0.023160790606481445
2507,2021-04-20,Cattaraugus,19,5213,726,140154,0.026170798898071626,10.0,0.02295488904162955
2508,2021-04-21,Cattaraugus,18,5231,572,140726,0.03146853146853147,9.0,0.02140324919211736
2509,2021-04-22,Cattaraugus,13,5244,708,141434,0.018361581920903956,9.0,0.020780266948372404
2510,2021-04-23,Cattaraugus,16,5260,546,141980,0.029304029304029304,8.0,0.01834020925225002
2511,2021-04-24,Cattaraugus,10,5270,605,142585,0.01652892561983471,7.0,0.016717108478766916
2512,2021-04-25,Cattaraugus,11,5281,210,142795,0.05238095238095238,7.0,0.017251607992858266
2513,2021-04-26,Cattaraugus,12,5293,209,143004,0.05741626794258373,7.0,0.0165450776810648
2514,2021-04-27,Cattaraugus,21,5314,1026,144030,0.02046783625730994,7.0,0.01613772320672468
2515,2021-04-28,Cattaraugus,25,5339,609,144639,0.041050903119868636,7.0,0.016822178324677334
2516,2021-04-29,Cattaraugus,35,5374,589,145228,0.059422750424448216,9.0,0.01975511893207335
2517,2021-04-30,Cattaraugus,25,5399,810,146038,0.030864197530864196,9.0,0.019866559519704417
2518,2021-05-01,Cattaraugus,12,5411,419,146457,0.028639618138424822,10.0,0.020731608985317996
2519,2021-05-02,Cattaraugus,11,5422,217,146674,0.05069124423963134,10.0,0.020610915546652207
2520,2021-05-03,Cattaraugus,11,5433,343,147017,0.03206997084548105,10.0,0.018800465754002016
2521,2021-05-04,Cattaraugus,11,5444,583,147600,0.018867924528301886,9.0,0.018686186344787154
2522,2021-05-05,Cattaraugus,16,5460,435,148035,0.0367816091954023,8.0,0.01838123677875384
2523,2021-05-06,Cattaraugus,5,5465,425,148460,0.011764705882352941,6.0,0.014977090740032752
2524,2021-05-07,Cattaraugus,31,5496,703,149163,0.044096728307254626,6.0,0.015922271509774925
2525,2021-05-08,Cattaraugus,13,5509,372,149535,0.03494623655913978,7.0,0.01637274425411171
2526,2021-05-09,Cattaraugus,7,5516,166,149701,0.04216867469879518,6.0,0.015763989286909124
2527,2021-05-10,Cattaraugus,10,5526,228,149929,0.043859649122807015,6.0,0.01660610916386098
2528,2021-05-11,Cattaraugus,13,5539,875,150804,0.014857142857142857,6.0,0.016319624758778194
2529,2021-05-12,Cattaraugus,20,5559,649,151453,0.030816640986132512,7.0,0.01589355560097321
2530,2021-05-13,Cattaraugus,15,5574,503,151956,0.02982107355864811,7.0,0.017183296149280002
2531,2021-05-14,Cattaraugus,26,5600,698,152654,0.03724928366762178,7.0,0.0166941929607348
2532,2021-05-15,Cattaraugus,12,5612,410,153064,0.02926829268292683,7.0,0.016288625541005304
2533,2021-05-16,Cattaraugus,8,5620,166,153230,0.04819277108433735,7.0,0.016718918139972602
2534,2021-05-17,Cattaraugus,5,5625,217,153447,0.02304147465437788,7.0,0.015231905677941951
2535,2021-05-18,Cattaraugus,18,5643,494,153941,0.03643724696356275,7.0,0.016773341685543373
2536,2021-05-19,Cattaraugus,10,5653,416,154357,0.02403846153846154,6.0,0.01628918601070973
2537,2021-05-20,Cattaraugus,12,5665,591,154948,0.02030456852791878,6.0,0.015609435651371921
2538,2021-05-21,Cattaraugus,3,5668,555,155503,0.005405405405405406,4.0,0.013334872918356467
2539,2021-05-22,Cattaraugus,0,5668,292,155795,0.0,4.0,0.011244280583861692
2540,2021-05-23,Cattaraugus,3,5671,232,156027,0.01293103448275862,3.0,0.008725585112320355
2541,2021-05-24,Cattaraugus,1,5672,137,156164,0.0072992700729927005,3.0,0.007601141927935699
2542,2021-05-25,Cattaraugus,6,5678,570,156734,0.010526315789473684,2.0,0.005750361129786481
2543,2021-05-26,Cattaraugus,6,5684,436,157170,0.013761467889908258,2.0,0.005016290154889818
2544,2021-05-27,Cattaraugus,2,5686,323,157493,0.006191950464396285,1.0,0.004008246007495353
2545,2021-05-28,Cattaraugus,8,5694,436,157929,0.01834862385321101,1.0,0.0049327616109100395
2546,2021-05-29,Cattaraugus,8,5702,400,158329,0.02,2.0,0.00636133303948147
2547,2021-05-30,Cattaraugus,0,5702,96,158425,0.0,2.0,0.0054376877192844255
2548,2021-05-31,Cattaraugus,0,5702,147,158572,0.0,2.0,0.004916311285499232
2549,2021-06-01,Cattaraugus,5,5707,278,158850,0.017985611510791366,2.0,0.0054491181227362085
2550,2021-06-02,Cattaraugus,2,5709,491,159341,0.004073319755600814,1.0,0.004757107541714248
2551,2021-06-03,Cattaraugus,3,5712,412,159753,0.007281553398058253,1.0,0.004834936322690103
2552,2021-06-04,Cattaraugus,3,5715,578,160331,0.005190311418685121,1.0,0.0038950568630811114
2553,2021-06-05,Cattaraugus,1,5716,257,160588,0.0038910505836575876,1.0,0.002744417619056653
2554,2021-06-06,Cattaraugus,0,5716,126,160714,0.0,1.0,0.002744417619056653
2555,2021-06-07,Cattaraugus,0,5716,221,160935,0.0,1.0,0.002744417619056653
2556,2021-06-08,Cattaraugus,1,5717,583,161518,0.0017152658662092624,0.0,0.0015822500730150741
2557,2021-06-09,Cattaraugus,1,5718,316,161834,0.0031645569620253164,0.0,0.0015173384449025384
2558,2021-06-10,Cattaraugus,0,5718,307,162141,0.0,0.0,0.0009972274878983776
2559,2021-06-11,Cattaraugus,1,5719,384,162525,0.0026041666666666665,0.0,0.0008125028627542023
2560,2021-06-12,Cattaraugus,1,5720,224,162749,0.004464285714285714,0.0,0.0008534482292276399
2561,2021-06-13,Cattaraugus,0,5720,102,162851,0.0,0.0,0.0008534482292276399
2562,2021-06-14,Cattaraugus,0,5720,126,162977,0.0,0.0,0.0008534482292276399
2563,2021-06-15,Cattaraugus,0,5720,252,163229,0.0,0.0,0.0007309292387841211
2564,2021-06-16,Cattaraugus,2,5722,191,163420,0.010471204188481676,0.0,0.0012528326121024325
2565,2021-06-17,Cattaraugus,1,5723,190,163610,0.005263157894736842,0.0,0.0016287724617264927
2566,2021-06-18,Cattaraugus,0,5723,198,163808,0.0,0.0,0.001442760556964588
2567,2021-06-19,Cattaraugus,0,5723,152,163960,0.0,0.0,0.0011238830059441798
2568,2021-06-20,Cattaraugus,0,5723,56,164016,0.0,0.0,0.0011238830059441798
2569,2021-06-21,Cattaraugus,0,5723,128,164144,0.0,0.0,0.0011238830059441798
2570,2021-06-22,Cattaraugus,0,5723,201,164345,0.0,0.0,0.0011238830059441798
2571,2021-06-23,Cattaraugus,0,5723,169,164514,0.0,0.0,0.0003759398496240601
2572,2021-06-24,Cattaraugus,0,5723,135,164649,0.0,0.0,0.0
2573,2021-06-25,Cattaraugus,0,5723,200,164849,0.0,0.0,0.0
2574,2021-06-26,Cattaraugus,0,5723,229,165078,0.0,0.0,0.0
2575,2021-06-27,Cattaraugus,0,5723,83,165161,0.0,0.0,0.0
2576,2021-06-28,Cattaraugus,0,5723,98,165259,0.0,0.0,0.0
2577,2021-06-29,Cattaraugus,1,5724,209,165468,0.004784688995215311,0.0,0.00034176349965823647
2578,2021-06-30,Cattaraugus,1,5725,144,165612,0.006944444444444444,0.0,0.0008377952456899826
2579,2021-07-01,Cattaraugus,2,5727,160,165772,0.0125,0.0,0.0017306523885471255
2580,2021-07-02,Cattaraugus,1,5728,195,165967,0.005128205128205128,0.0,0.002096952754847492
2581,2021-07-03,Cattaraugus,0,5728,149,166116,0.0,0.0,0.002096952754847492
2582,2021-07-04,Cattaraugus,0,5728,66,166182,0.0,0.0,0.002096952754847492
2583,2021-07-05,Cattaraugus,0,5728,79,166261,0.0,0.0,0.002096952754847492
2584,2021-07-06,Cattaraugus,1,5729,180,166441,0.005555555555555556,0.0,0.002152014652014652
2585,2021-07-07,Cattaraugus,0,5729,115,166556,0.0,0.0,0.001655982905982906
2586,2021-07-08,Cattaraugus,1,5730,168,166724,0.005952380952380952,0.0,0.001188295831152974
2587,2021-07-09,Cattaraugus,0,5730,177,166901,0.0,0.0,0.0008219954648526077
2588,2021-07-10,Cattaraugus,0,5730,120,167021,0.0,0.0,0.0008219954648526077
2589,2021-07-11,Cattaraugus,0,5730,58,167079,0.0,0.0,0.0008219954648526077
2590,2021-07-12,Cattaraugus,0,5730,148,167227,0.0,0.0,0.0008219954648526077
2591,2021-07-13,Cattaraugus,3,5733,109,167336,0.027522935779816515,0.0,0.0023910940522998193
2592,2021-07-14,Cattaraugus,2,5735,86,167422,0.023255813953488372,0.0,0.004052223620406132
2593,2021-07-15,Cattaraugus,1,5736,217,167639,0.004608294930875576,0.0,0.00395621747601289
2594,2021-07-16,Cattaraugus,2,5738,207,167846,0.00966183574879227,0.0,0.004646348600926623
2595,2021-07-17,Cattaraugus,11,5749,164,168010,0.06707317073170732,1.0,0.009437289367477147
2596,2021-07-18,Cattaraugus,0,5749,50,168060,0.0,1.0,0.009437289367477147
2597,2021-07-19,Cattaraugus,7,5756,90,168150,0.07777777777777778,1.0,0.014992844923032702
2598,2021-07-20,Cattaraugus,2,5758,128,168278,0.015625,1.0,0.014142992367331523
2599,2021-07-21,Cattaraugus,4,5762,152,168430,0.02631578947368421,1.0,0.01436156204734551
2600,2021-07-22,Cattaraugus,2,5764,204,168634,0.00980392156862745,2.0,0.014732678235756358
2601,2021-07-23,Cattaraugus,1,5765,74,168708,0.013513513513513514,1.0,0.01500779807609359
2602,2021-07-24,Cattaraugus,1,5766,103,168811,0.009708737864077669,1.0,0.010910338585548617
2603,2021-07-25,Cattaraugus,0,5766,38,168849,0.0,1.0,0.010910338585548617
2604,2021-07-26,Cattaraugus,1,5767,94,168943,0.010638297872340425,0.0,0.006114661449445948
2605,2021-07-27,Cattaraugus,6,5773,140,169083,0.04285714285714286,1.0,0.008059814510670437
2606,2021-07-28,Cattaraugus,4,5777,179,169262,0.0223463687150838,1.0,0.007776284456484693
2607,2021-07-29,Cattaraugus,4,5781,154,169416,0.025974025974025976,1.0,0.00893129191401316
2608,2021-07-30,Cattaraugus,10,5791,152,169568,0.06578947368421052,1.0,0.012665289069062944
2609,2021-07-31,Cattaraugus,10,5801,139,169707,0.07194244604316546,2.0,0.017110553938997786
2610,2021-08-01,Cattaraugus,3,5804,60,169767,0.05,2.0,0.020681982510426362
2611,2021-08-02,Cattaraugus,4,5808,222,169989,0.018018018018018018,2.0,0.02120910537797476
2612,2021-08-03,Cattaraugus,4,5812,163,170152,0.024539877300613498,2.0,0.01990072926679409
2613,2021-08-04,Cattaraugus,2,5814,253,170405,0.007905138339920948,2.0,0.018869212811425316
2614,2021-08-05,Cattaraugus,2,5816,129,170534,0.015503875968992248,2.0,0.018121344953922907
2615,2020-03-01,Cayuga,0,0,0,0,,,
2616,2020-03-02,Cayuga,0,0,0,0,,,
2617,2020-03-03,Cayuga,0,0,0,0,,,
2618,2020-03-04,Cayuga,0,0,0,0,,,
2619,2020-03-05,Cayuga,0,0,0,0,,,
2620,2020-03-06,Cayuga,0,0,0,0,,,
2621,2020-03-07,Cayuga,0,0,0,0,,0.0,
2622,2020-03-08,Cayuga,0,0,0,0,,0.0,
2623,2020-03-09,Cayuga,0,0,0,0,,0.0,
2624,2020-03-10,Cayuga,0,0,0,0,,0.0,
2625,2020-03-11,Cayuga,0,0,0,0,,0.0,
2626,2020-03-12,Cayuga,0,0,0,0,,0.0,
2627,2020-03-13,Cayuga,0,0,0,0,,0.0,
2628,2020-03-14,Cayuga,0,0,3,3,0.0,0.0,
2629,2020-03-15,Cayuga,0,0,1,4,0.0,0.0,
2630,2020-03-16,Cayuga,0,0,2,6,0.0,0.0,
2631,2020-03-17,Cayuga,0,0,2,8,0.0,0.0,
2632,2020-03-18,Cayuga,0,0,2,10,0.0,0.0,
2633,2020-03-19,Cayuga,0,0,3,13,0.0,0.0,
2634,2020-03-20,Cayuga,0,0,8,21,0.0,0.0,0.0
2635,2020-03-21,Cayuga,0,0,25,46,0.0,0.0,0.0
2636,2020-03-22,Cayuga,2,2,33,79,0.06060606060606061,0.0,0.004329004329004329
2637,2020-03-23,Cayuga,0,2,10,89,0.0,0.0,0.004329004329004329
2638,2020-03-24,Cayuga,0,2,5,94,0.0,0.0,0.004329004329004329
2639,2020-03-25,Cayuga,0,2,13,107,0.0,0.0,0.004329004329004329
2640,2020-03-26,Cayuga,0,2,25,132,0.0,0.0,0.004329004329004329
2641,2020-03-27,Cayuga,0,2,26,158,0.0,0.0,0.004329004329004329
2642,2020-03-28,Cayuga,0,2,32,190,0.0,0.0,0.004329004329004329
2643,2020-03-29,Cayuga,1,3,37,227,0.02702702702702703,0.0,0.0019305019305019305
2644,2020-03-30,Cayuga,0,3,10,237,0.0,0.0,0.0019305019305019305
2645,2020-03-31,Cayuga,0,3,9,246,0.0,0.0,0.0019305019305019305
2646,2020-04-01,Cayuga,1,4,25,271,0.04,0.0,0.0047876447876447886
2647,2020-04-02,Cayuga,2,6,36,307,0.05555555555555555,0.0,0.008755898755898757
2648,2020-04-03,Cayuga,1,7,15,322,0.06666666666666667,0.0,0.013517803517803517
2649,2020-04-04,Cayuga,1,8,32,354,0.03125,0.0,0.015749946374946377
2650,2020-04-05,Cayuga,3,11,31,385,0.0967741935483871,0.0,0.02073188684075781
2651,2020-04-06,Cayuga,3,14,33,418,0.09090909090909091,0.0,0.027225393334264297
2652,2020-04-07,Cayuga,0,14,11,429,0.0,0.0,0.027225393334264297
2653,2020-04-08,Cayuga,2,16,37,466,0.05405405405405406,0.0,0.028229254338125304
2654,2020-04-09,Cayuga,11,27,31,497,0.3548387096774194,1.0,0.04960662248968701
2655,2020-04-10,Cayuga,1,28,5,502,0.2,1.0,0.05913043201349654
2656,2020-04-11,Cayuga,1,29,8,510,0.125,1.0,0.06582686058492511
2657,2020-04-12,Cayuga,1,30,5,515,0.2,1.0,0.07320013247432602
2658,2020-04-13,Cayuga,3,33,52,567,0.057692307692307696,1.0,0.07082750510169865
2659,2020-04-14,Cayuga,3,36,10,577,0.3,1.0,0.09225607653027008
2660,2020-04-15,Cayuga,0,36,10,587,0.0,1.0,0.08839507266926623
2661,2020-04-16,Cayuga,0,36,1,588,0.0,0.0,0.06304945054945055
2662,2020-04-17,Cayuga,0,36,9,597,0.0,0.0,0.048763736263736264
2663,2020-04-18,Cayuga,0,36,9,606,0.0,0.0,0.03983516483516484
2664,2020-04-19,Cayuga,0,36,12,618,0.0,0.0,0.02554945054945055
2665,2020-04-20,Cayuga,0,36,1,619,0.0,0.0,0.02142857142857143
2666,2020-04-21,Cayuga,0,36,3,622,0.0,0.0,0.0
2667,2020-04-22,Cayuga,1,37,12,634,0.08333333333333333,0.0,0.005952380952380952
2668,2020-04-23,Cayuga,2,39,14,648,0.14285714285714285,0.0,0.01615646258503401
2669,2020-04-24,Cayuga,8,47,191,839,0.041884816753926704,0.0,0.01914823521031449
2670,2020-04-25,Cayuga,0,47,19,858,0.0,0.0,0.01914823521031449
2671,2020-04-26,Cayuga,1,48,20,878,0.05,0.0,0.022719663781743064
2672,2020-04-27,Cayuga,0,48,20,898,0.0,0.0,0.022719663781743064
2673,2020-04-28,Cayuga,0,48,34,932,0.0,0.0,0.022719663781743064
2674,2020-04-29,Cayuga,0,48,25,957,0.0,0.0,0.01676728282936211
2675,2020-04-30,Cayuga,3,51,28,985,0.10714285714285714,0.0,0.014216262421198845
2676,2020-05-01,Cayuga,0,51,17,1002,0.0,0.0,0.011224489795918367
2677,2020-05-02,Cayuga,0,51,14,1016,0.0,0.0,0.011224489795918367
2678,2020-05-03,Cayuga,0,51,10,1026,0.0,0.0,0.007653061224489796
2679,2020-05-04,Cayuga,0,51,22,1048,0.0,0.0,0.007653061224489796
2680,2020-05-05,Cayuga,0,51,19,1067,0.0,0.0,0.007653061224489796
2681,2020-05-06,Cayuga,1,52,25,1092,0.04,0.0,0.010510204081632652
2682,2020-05-07,Cayuga,0,52,20,1112,0.0,0.0,0.002857142857142857
2683,2020-05-08,Cayuga,1,53,61,1173,0.01639344262295082,0.0,0.004028103044496487
2684,2020-05-09,Cayuga,5,58,23,1196,0.21739130434782608,0.0,0.019556053355055492
2685,2020-05-10,Cayuga,2,60,48,1244,0.041666666666666664,0.0,0.02253224383124597
2686,2020-05-11,Cayuga,0,60,23,1267,0.0,0.0,0.02253224383124597
2687,2020-05-12,Cayuga,0,60,45,1312,0.0,0.0,0.02253224383124597
2688,2020-05-13,Cayuga,0,60,104,1416,0.0,0.0,0.01967510097410311
2689,2020-05-14,Cayuga,1,61,261,1677,0.0038314176245210726,0.0,0.019948773661568903
2690,2020-05-15,Cayuga,2,63,111,1788,0.018018018018018018,0.0,0.02006481476121656
2691,2020-05-16,Cayuga,0,63,79,1867,0.0,0.0,0.0045368644506575545
2692,2020-05-17,Cayuga,2,65,189,2056,0.010582010582010581,0.0,0.0023165318731821196
2693,2020-05-18,Cayuga,3,68,68,2124,0.04411764705882353,0.0,0.005467792377383801
2694,2020-05-19,Cayuga,0,68,106,2230,0.0,0.0,0.005467792377383801
2695,2020-05-20,Cayuga,4,72,105,2335,0.0380952380952381,0.0,0.00818888081275795
2696,2020-05-21,Cayuga,1,73,245,2580,0.004081632653061225,0.0,0.008206753314796532
2697,2020-05-22,Cayuga,3,76,356,2936,0.008426966292134831,0.0,0.007521678191519161
2698,2020-05-23,Cayuga,1,77,143,3079,0.006993006993006993,1.0,0.008021178691019662
2699,2020-05-24,Cayuga,0,77,176,3255,0.0,0.0,0.007265320792304621
2700,2020-05-25,Cayuga,1,78,76,3331,0.013157894736842105,0.0,0.0050539099121630895
2701,2020-05-26,Cayuga,2,80,117,3448,0.017094017094017096,0.0,0.006274911133164311
2702,2020-05-27,Cayuga,4,84,101,3549,0.039603960396039604,0.0,0.006382677011792988
2703,2020-05-28,Cayuga,5,89,383,3932,0.013054830287206266,1.0,0.007023619699946207
2704,2020-05-29,Cayuga,1,90,374,4306,0.00267379679144385,1.0,0.006612679021325422
2705,2020-05-30,Cayuga,1,91,249,4555,0.004016064257028112,1.0,0.006400040254469788
2706,2020-05-31,Cayuga,1,92,289,4844,0.0034602076124567475,1.0,0.00664719794107384
2707,2020-06-01,Cayuga,1,93,250,5094,0.004,1.0,0.005993062602727976
2708,2020-06-02,Cayuga,3,96,288,5382,0.010416666666666666,1.0,0.005516109000774374
2709,2020-06-03,Cayuga,0,96,375,5757,0.0,0.0,0.002687254686771546
2710,2020-06-04,Cayuga,2,98,375,6132,0.005333333333333333,0.0,0.0021357191900663367
2711,2020-06-05,Cayuga,2,100,299,6431,0.006688963210702341,0.0,0.002422516791441943
2712,2020-06-06,Cayuga,1,101,233,6664,0.004291845493562232,0.0,0.0024422154511943802
2713,2020-06-07,Cayuga,0,101,465,7129,0.0,0.0,0.0021950577645903266
2714,2020-06-08,Cayuga,1,102,231,7360,0.004329004329004329,0.0,0.0022185580738049216
2715,2020-06-09,Cayuga,0,102,231,7591,0.0,0.0,0.0014745104547573024
2716,2020-06-10,Cayuga,0,102,152,7743,0.0,0.0,0.0014745104547573024
2717,2020-06-11,Cayuga,1,103,337,8080,0.002967359050445104,0.0,0.0013055122916938576
2718,2020-06-12,Cayuga,0,103,170,8250,0.0,0.0,0.000827729205215119
2719,2020-06-13,Cayuga,3,106,432,8682,0.006944444444444444,0.0,0.0010172005588495628
2720,2020-06-14,Cayuga,0,106,106,8788,0.0,0.0,0.0010172005588495628
2721,2020-06-15,Cayuga,0,106,169,8957,0.0,0.0,0.000707985963920682
2722,2020-06-16,Cayuga,0,106,142,9099,0.0,0.0,0.000707985963920682
2723,2020-06-17,Cayuga,0,106,98,9197,0.0,0.0,0.000707985963920682
2724,2020-06-18,Cayuga,1,107,476,9673,0.0021008403361344537,0.0,0.0006460917700413498
2725,2020-06-19,Cayuga,1,108,225,9898,0.0044444444444444444,0.0,0.0009635520875016674
2726,2020-06-20,Cayuga,0,108,420,10318,0.0,0.0,0.0004675203414699213
2727,2020-06-21,Cayuga,0,108,101,10419,0.0,0.0,0.0004675203414699213
2728,2020-06-22,Cayuga,0,108,193,10612,0.0,0.0,0.0004675203414699213
2729,2020-06-23,Cayuga,1,109,144,10756,0.006944444444444444,0.0,0.0009635520875016674
2730,2020-06-24,Cayuga,0,109,116,10872,0.0,0.0,0.0009635520875016674
2731,2020-06-25,Cayuga,0,109,200,11072,0.0,0.0,0.0008134920634920636
2732,2020-06-26,Cayuga,2,111,285,11357,0.007017543859649123,0.0,0.0009972848788638263
2733,2020-06-27,Cayuga,2,113,338,11695,0.005917159763313609,0.0,0.0014199391476719411
2734,2020-06-28,Cayuga,1,114,277,11972,0.0036101083032490976,0.0,0.001677804026475448
2735,2020-06-29,Cayuga,1,115,184,12156,0.005434782608695652,0.0,0.0020660027842394233
2736,2020-06-30,Cayuga,4,119,121,12277,0.03305785123966942,0.0,0.0039312461267554935
2737,2020-07-01,Cayuga,0,119,126,12403,0.0,0.0,0.0039312461267554935
2738,2020-07-02,Cayuga,1,120,194,12597,0.005154639175257732,0.0,0.004299434639273903
2739,2020-07-03,Cayuga,0,120,308,12905,0.0,0.0,0.0037981815064418232
2740,2020-07-04,Cayuga,0,120,97,13002,0.0,0.0,0.003375527237633708
2741,2020-07-05,Cayuga,2,122,75,13077,0.02666666666666667,0.0,0.005022424263592105
2742,2020-07-06,Cayuga,0,122,188,13265,0.0,0.0,0.00463422550582813
2743,2020-07-07,Cayuga,0,122,262,13527,0.0,0.0,0.002272950417280314
2744,2020-07-08,Cayuga,2,124,240,13767,0.008333333333333333,0.0,0.00286818851251841
2745,2020-07-09,Cayuga,0,124,291,14058,0.0,0.0,0.0025
2746,2020-07-10,Cayuga,2,126,236,14294,0.00847457627118644,0.0,0.0031053268765133175
2747,2020-07-11,Cayuga,0,126,308,14602,0.0,0.0,0.0031053268765133175
2748,2020-07-12,Cayuga,0,126,154,14756,0.0,0.0,0.0012005649717514125
2749,2020-07-13,Cayuga,1,127,362,15118,0.0027624309392265192,0.0,0.0013978814674104494
2750,2020-07-14,Cayuga,1,128,190,15308,0.005263157894736842,0.0,0.0017738213170345096
2751,2020-07-15,Cayuga,0,128,221,15529,0.0,0.0,0.0011785832217964145
2752,2020-07-16,Cayuga,1,129,574,16103,0.0017421602787456446,0.0,0.0013030232417068177
2753,2020-07-17,Cayuga,0,129,253,16356,0.0,0.0,0.0006976963651935005
2754,2020-07-18,Cayuga,0,129,92,16448,0.0,0.0,0.0006976963651935005
2755,2020-07-19,Cayuga,2,131,172,16620,0.011627906976744186,0.0,0.0015282611492466564
2756,2020-07-20,Cayuga,0,131,325,16945,0.0,0.0,0.0013309446535876193
2757,2020-07-21,Cayuga,3,134,346,17291,0.008670520231213872,0.0,0.001574327677621693
2758,2020-07-22,Cayuga,1,135,376,17667,0.0026595744680851063,0.0,0.001764297282484915
2759,2020-07-23,Cayuga,2,137,423,18090,0.004728132387706856,0.0,0.0019775810045535728
2760,2020-07-24,Cayuga,2,139,260,18350,0.007692307692307693,0.0,0.0025270315540041224
2761,2020-07-25,Cayuga,0,139,438,18788,0.0,0.0,0.0025270315540041224
2762,2020-07-26,Cayuga,1,140,238,19026,0.004201680672268907,0.0,0.0019965868179701736
2763,2020-07-27,Cayuga,0,140,168,19194,0.0,0.0,0.0019965868179701736
2764,2020-07-28,Cayuga,1,141,236,19430,0.00423728813559322,0.0,0.0016799273825686988
2765,2020-07-29,Cayuga,0,141,205,19635,0.0,0.0,0.001489957777705477
2766,2020-07-30,Cayuga,2,143,152,19787,0.013157894736842105,0.0,0.002092083659786566
2767,2020-07-31,Cayuga,1,144,236,20023,0.00423728813559322,0.0,0.001845296548592675
2768,2020-08-01,Cayuga,4,148,115,20138,0.034782608695652174,0.0,0.004329768598282117
2769,2020-08-02,Cayuga,0,148,85,20223,0.0,0.0,0.004029648550262909
2770,2020-08-03,Cayuga,2,150,541,20764,0.0036968576709796672,0.0,0.004293709812475742
2771,2020-08-04,Cayuga,0,150,257,21021,0.0,0.0,0.0039910463742190835
2772,2020-08-05,Cayuga,1,151,262,21283,0.003816793893129771,0.0,0.0042636745094426385
2773,2020-08-06,Cayuga,0,151,233,21516,0.0,0.0,0.003323824885382488
2774,2020-08-07,Cayuga,0,151,155,21671,0.0,0.0,0.0030211614471258295
2775,2020-08-08,Cayuga,1,152,109,21780,0.009174311926605505,0.0,0.0011919973921939245
2776,2020-08-09,Cayuga,0,152,60,21840,0.0,0.0,0.0011919973921939245
2777,2020-08-10,Cayuga,5,157,628,22468,0.007961783439490446,0.0,0.0014966349470875513
2778,2020-08-11,Cayuga,4,161,304,22772,0.013157894736842105,0.0,0.0024364845711477017
2779,2020-08-12,Cayuga,1,162,193,22965,0.0051813471502590676,0.0,0.0025339526609426516
2780,2020-08-13,Cayuga,1,163,175,23140,0.005714285714285714,0.0,0.002942115926248774
2781,2020-08-14,Cayuga,0,163,224,23364,0.0,0.0,0.002942115926248774
2782,2020-08-15,Cayuga,1,164,131,23495,0.007633587786259542,0.0,0.002832064201938348
2783,2020-08-16,Cayuga,0,164,374,23869,0.0,0.0,0.002832064201938348
2784,2020-08-17,Cayuga,0,164,221,24090,0.0,0.0,0.002263365384831888
2785,2020-08-18,Cayuga,0,164,224,24314,0.0,0.0,0.0013235157607717374
2786,2020-08-19,Cayuga,0,164,291,24605,0.0,0.0,0.0009534195357532325
2787,2020-08-20,Cayuga,0,164,427,25032,0.0,0.0,0.0005452562704471102
2788,2020-08-21,Cayuga,2,166,280,25312,0.007142857142857143,0.0,0.0010554603520797632
2789,2020-08-22,Cayuga,1,167,168,25480,0.005952380952380952,0.0,0.0009353741496598638
2790,2020-08-23,Cayuga,0,167,67,25547,0.0,0.0,0.0009353741496598638
2791,2020-08-24,Cayuga,7,174,532,26079,0.013157894736842105,0.0,0.0018752237737200141
2792,2020-08-25,Cayuga,1,175,212,26291,0.0047169811320754715,0.0,0.0022121509974396907
2793,2020-08-26,Cayuga,1,176,229,26520,0.004366812227074236,0.0,0.002524066156516422
2794,2020-08-27,Cayuga,1,177,233,26753,0.004291845493562232,0.0,0.002830626548913724
2795,2020-08-28,Cayuga,0,177,675,27428,0.0,0.0,0.002320422467281071
2796,2020-08-29,Cayuga,0,177,374,27802,0.0,0.0,0.0018952523992538603
2797,2020-08-30,Cayuga,1,178,74,27876,0.013513513513513514,0.0,0.0028605033645048255
2798,2020-08-31,Cayuga,2,180,245,28121,0.00816326530612245,0.0,0.0025037441194534216
2799,2020-09-01,Cayuga,0,180,204,28325,0.0,0.0,0.0021668168957337452
2800,2020-09-02,Cayuga,1,181,351,28676,0.002849002849002849,0.0,0.0020584019401572178
2801,2020-09-03,Cayuga,0,181,253,28929,0.0,0.0,0.0017518415477599154
2802,2020-09-04,Cayuga,1,182,539,29468,0.0018552875695732839,0.0,0.0018843620884437212
2803,2020-09-05,Cayuga,1,183,179,29647,0.00558659217877095,0.0,0.0022834043869273605
2804,2020-09-06,Cayuga,0,183,89,29736,0.0,0.0,0.0013181534216763953
2805,2020-09-07,Cayuga,1,184,155,29891,0.0064516129032258064,0.0,0.0011958925357552063
2806,2020-09-08,Cayuga,1,185,114,30005,0.008771929824561403,0.0,0.0018224589517953067
2807,2020-09-09,Cayuga,0,185,178,30183,0.0,0.0,0.0016189587482951032
2808,2020-09-10,Cayuga,0,185,511,30694,0.0,0.0,0.0016189587482951032
2809,2020-09-11,Cayuga,2,187,637,31331,0.0031397174254317113,0.0,0.0017107037379992765
2810,2020-09-12,Cayuga,3,190,263,31594,0.011406844106463879,0.0,0.0021264360185487712
2811,2020-09-13,Cayuga,0,190,86,31680,0.0,0.0,0.0021264360185487712
2812,2020-09-14,Cayuga,1,191,286,31966,0.0034965034965034965,0.0,0.0019153567752114634
2813,2020-09-15,Cayuga,2,193,172,32138,0.011627906976744186,0.0,0.0021193551432245193
2814,2020-09-16,Cayuga,1,194,391,32529,0.0025575447570332483,0.0,0.0023020369115840373
2815,2020-09-17,Cayuga,1,195,356,32885,0.0028089887640449437,0.0,0.002502678966158676
2816,2020-09-18,Cayuga,1,196,806,33691,0.0012406947890818859,0.0,0.0023670344921336885
2817,2020-09-19,Cayuga,3,199,344,34035,0.00872093023255814,0.0,0.0021751835011404215
2818,2020-09-20,Cayuga,0,199,119,34154,0.0,0.0,0.0021751835011404215
2819,2020-09-21,Cayuga,3,202,304,34458,0.009868421052631578,0.0,0.0026303204694352843
2820,2020-09-22,Cayuga,2,204,257,34715,0.007782101167315175,0.0,0.002355620054476069
2821,2020-09-23,Cayuga,1,205,355,35070,0.0028169014084507044,0.0,0.0023741455295773167
2822,2020-09-24,Cayuga,3,208,600,35670,0.005,0.0,0.0025306463321455343
2823,2020-09-25,Cayuga,3,211,676,36346,0.004437869822485207,1.0,0.002759015977388629
2824,2020-09-26,Cayuga,4,215,378,36724,0.010582010582010581,1.0,0.002891950288063803
2825,2020-09-27,Cayuga,3,218,376,37100,0.007978723404255319,1.0,0.003461859102653469
2826,2020-09-28,Cayuga,1,219,207,37307,0.004830917874396135,1.0,0.003102037447065223
2827,2020-09-29,Cayuga,1,220,422,37729,0.002369668246445498,1.0,0.0027154350955745318
2828,2020-09-30,Cayuga,1,221,418,38147,0.0023923444976076554,1.0,0.0026851096019428855
2829,2020-10-01,Cayuga,3,224,529,38676,0.005671077504725898,1.0,0.0027330437094233067
2830,2020-10-02,Cayuga,4,228,526,39202,0.0076045627376425855,1.0,0.0029592360605059766
2831,2020-10-03,Cayuga,3,231,337,39539,0.008902077151335312,1.0,0.002839240815457743
2832,2020-10-04,Cayuga,0,231,418,39957,0.0,0.0,0.0022693320008680775
2833,2020-10-05,Cayuga,1,232,412,40369,0.0024271844660194173,0.0,0.0020976367574125974
2834,2020-10-06,Cayuga,2,234,356,40725,0.0056179775280898875,1.0,0.0023296588489586253
2835,2020-10-07,Cayuga,3,237,344,41069,0.00872093023255814,1.0,0.0027817006871693746
2836,2020-10-08,Cayuga,3,240,595,41664,0.005042016806722689,1.0,0.002736767780169145
2837,2020-10-09,Cayuga,1,241,920,42584,0.0010869565217391304,0.0,0.002271224479033184
2838,2020-10-10,Cayuga,3,244,275,42859,0.01090909090909091,0.0,0.0024145826045871553
2839,2020-10-11,Cayuga,2,246,437,43296,0.004576659038901602,1.0,0.002741486821651555
2840,2020-10-12,Cayuga,5,251,303,43599,0.0165016501650165,1.0,0.0037468058001513473
2841,2020-10-13,Cayuga,8,259,532,44131,0.015037593984962405,1.0,0.004419635547070813
2842,2020-10-14,Cayuga,10,269,448,44579,0.022321428571428572,2.0,0.005391099714132986
2843,2020-10-15,Cayuga,6,275,480,45059,0.0125,2.0,0.005923812799367079
2844,2020-10-16,Cayuga,9,284,798,45857,0.011278195488721804,3.0,0.0066517584398658415
2845,2020-10-17,Cayuga,5,289,336,46193,0.01488095238095238,3.0,0.00693546283071309
2846,2020-10-18,Cayuga,5,294,386,46579,0.012953367875647668,3.0,0.0075337991761949535
2847,2020-10-19,Cayuga,8,302,394,46973,0.02030456852791878,3.0,0.007805436202116544
2848,2020-10-20,Cayuga,30,332,567,47540,0.05291005291005291,5.0,0.01051061183962301
2849,2020-10-21,Cayuga,10,342,608,48148,0.01644736842105263,5.0,0.010091036114596155
2850,2020-10-22,Cayuga,9,351,442,48590,0.020361990950226245,5.0,0.010652606896755174
2851,2020-10-23,Cayuga,1,352,770,49360,0.0012987012987012987,4.0,0.00993978588318228
2852,2020-10-24,Cayuga,12,364,668,50028,0.017964071856287425,5.0,0.010160008702849067
2853,2020-10-25,Cayuga,9,373,480,50508,0.01875,5.0,0.010574053854588521
2854,2020-10-26,Cayuga,16,389,498,51006,0.0321285140562249,6.0,0.011418621392324671
2855,2020-10-27,Cayuga,8,397,376,51382,0.02127659574468085,4.0,0.00915908873765524
2856,2020-10-28,Cayuga,8,405,371,51753,0.0215633423180593,4.0,0.009524515444584287
2857,2020-10-29,Cayuga,24,429,567,52320,0.042328042328042326,5.0,0.011093519114428293
2858,2020-10-30,Cayuga,9,438,866,53186,0.010392609699769052,6.0,0.011743084000218845
2859,2020-10-31,Cayuga,15,453,386,53572,0.038860103626943004,6.0,0.013235657698122813
2860,2020-11-01,Cayuga,3,456,348,53920,0.008620689655172414,5.0,0.01251213553063513
2861,2020-11-02,Cayuga,9,465,460,54380,0.01956521739130435,5.0,0.011614757197426521
2862,2020-11-03,Cayuga,9,474,475,54855,0.018947368421052633,5.0,0.011448383817167365
2863,2020-11-04,Cayuga,12,486,557,55412,0.02154398563734291,5.0,0.011447001197116193
2864,2020-11-05,Cayuga,10,496,590,56002,0.01694915254237288,4.0,0.00963422335528266
2865,2020-11-06,Cayuga,22,518,706,56708,0.031161473087818695,5.0,0.011117713597286206
2866,2020-11-07,Cayuga,15,533,348,57056,0.04310344827586207,5.0,0.011420809643637566
2867,2020-11-08,Cayuga,16,549,496,57552,0.03225806451612903,6.0,0.013109193562277325
2868,2020-11-09,Cayuga,17,566,470,58022,0.036170212765957444,7.0,0.014295264660466834
2869,2020-11-10,Cayuga,7,573,509,58531,0.0137524557956778,7.0,0.01392419947294006
2870,2020-11-11,Cayuga,21,594,522,59053,0.040229885057471264,7.0,0.0152589065743778
2871,2020-11-12,Cayuga,15,609,731,59784,0.02051983584131327,8.0,0.015513955381444969
2872,2020-11-13,Cayuga,18,627,987,60771,0.0182370820668693,7.0,0.014590784594234298
2873,2020-11-14,Cayuga,5,632,293,61064,0.017064846416382253,7.0,0.012730884461414311
2874,2020-11-15,Cayuga,7,639,272,61336,0.025735294117647058,6.0,0.01226497229009417
2875,2020-11-16,Cayuga,15,654,745,62081,0.020134228187919462,6.0,0.011119544820234315
2876,2020-11-17,Cayuga,10,664,807,62888,0.012391573729863693,6.0,0.011022338958390452
2877,2020-11-18,Cayuga,12,676,564,63452,0.02127659574468085,5.0,0.009668532578905419
2878,2020-11-19,Cayuga,5,681,222,63674,0.02252252252252252,5.0,0.009811581627563223
2879,2020-11-20,Cayuga,17,698,864,64538,0.019675925925925927,5.0,0.009914356188924412
2880,2020-11-21,Cayuga,6,704,239,64777,0.02510460251046025,5.0,0.010488624481358554
2881,2020-11-22,Cayuga,31,735,1032,65809,0.030038759689922482,6.0,0.010796014879378228
2882,2020-11-23,Cayuga,27,762,850,66659,0.03176470588235294,7.0,0.011626763286123476
2883,2020-11-24,Cayuga,21,783,415,67074,0.05060240963855422,8.0,0.0143561087081728
2884,2020-11-25,Cayuga,11,794,515,67589,0.021359223300970873,8.0,0.01436201067647923
2885,2020-11-26,Cayuga,28,822,771,68360,0.03631647211413749,10.0,0.015347292790166014
2886,2020-11-27,Cayuga,24,846,279,68639,0.08602150537634409,10.0,0.020086262750910168
2887,2020-11-28,Cayuga,23,869,444,69083,0.0518018018018018,11.0,0.021993205557434562
2888,2020-11-29,Cayuga,21,890,499,69582,0.04208416833667335,11.0,0.022853591889345336
2889,2020-11-30,Cayuga,27,917,343,69925,0.07871720116618076,11.0,0.026207341552475897
2890,2020-12-01,Cayuga,13,930,573,70498,0.02268760907504363,10.0,0.024213427226510854
2891,2020-12-02,Cayuga,53,983,588,71086,0.09013605442176871,13.0,0.02912605802085356
2892,2020-12-03,Cayuga,34,1017,901,71987,0.03773584905660377,13.0,0.02922744208817258
2893,2020-12-04,Cayuga,51,1068,570,72557,0.08947368421052632,15.0,0.02947402629061416
2894,2020-12-05,Cayuga,51,1119,1031,73588,0.049466537342386034,17.0,0.02930722168637018
2895,2020-12-06,Cayuga,77,1196,750,74338,0.10266666666666667,21.0,0.03363454299565542
2896,2020-12-07,Cayuga,46,1242,494,74832,0.0931174089068826,23.0,0.03466312926284841
2897,2020-12-08,Cayuga,40,1282,843,75675,0.04744958481613286,25.0,0.03643184181578336
2898,2020-12-09,Cayuga,42,1324,873,76548,0.048109965635738834,24.0,0.03342997833106694
2899,2020-12-10,Cayuga,97,1421,1226,77774,0.07911908646003263,28.0,0.036385923859883276
2900,2020-12-11,Cayuga,67,1488,1060,78834,0.06320754716981132,30.0,0.034509771214117926
2901,2020-12-12,Cayuga,56,1544,574,79408,0.0975609756097561,30.0,0.03794508823321579
2902,2020-12-13,Cayuga,37,1581,836,80244,0.04425837320574163,27.0,0.03377306727172114
2903,2020-12-14,Cayuga,48,1629,563,80807,0.0852575488454707,27.0,0.033211648695906
2904,2020-12-15,Cayuga,68,1697,634,81441,0.10725552050473186,29.0,0.03748350124509165
2905,2020-12-16,Cayuga,101,1798,1071,82512,0.09430438842203548,33.0,0.04078310287268426
2906,2020-12-17,Cayuga,86,1884,1476,83988,0.058265582655826556,33.0,0.03929356688666955
2907,2020-12-18,Cayuga,69,1953,1010,84998,0.06831683168316832,33.0,0.039658515780480755
2908,2020-12-19,Cayuga,67,2020,784,85782,0.08545918367346939,34.0,0.038794102070745996
2909,2020-12-20,Cayuga,98,2118,852,86634,0.11502347417840375,38.0,0.04384875214022186
2910,2020-12-21,Cayuga,46,2164,470,87104,0.09787234042553192,38.0,0.044749808681654804
2911,2020-12-22,Cayuga,71,2235,772,87876,0.09196891191709844,38.0,0.04365790806825242
2912,2020-12-23,Cayuga,62,2297,1259,89135,0.04924543288324067,35.0,0.04043941124405279
2913,2020-12-24,Cayuga,86,2383,1155,90290,0.07445887445887446,35.0,0.0415960749442705
2914,2020-12-25,Cayuga,53,2436,715,91005,0.07412587412587412,34.0,0.042011006547320914
2915,2020-12-26,Cayuga,35,2471,271,91276,0.12915129151291513,32.0,0.04513187139299561
2916,2020-12-27,Cayuga,104,2575,829,92105,0.12545235223160434,32.0,0.04587679125393851
2917,2020-12-28,Cayuga,80,2655,537,92642,0.148975791433892,35.0,0.04952703775453565
2918,2020-12-29,Cayuga,87,2742,703,93345,0.12375533428165007,36.0,0.05179749649486077
2919,2020-12-30,Cayuga,152,2894,1302,94647,0.11674347158218126,42.0,0.056618784973356526
2920,2020-12-31,Cayuga,103,2997,664,95311,0.15512048192771086,43.0,0.0623803283639877
2921,2021-01-01,Cayuga,75,3072,576,95887,0.13020833333333334,45.0,0.06638621830737765
2922,2021-01-02,Cayuga,94,3166,955,96842,0.09842931937172775,49.0,0.06419179172586426
2923,2021-01-03,Cayuga,128,3294,626,97468,0.20447284345047922,51.0,0.06983611252721246
2924,2021-01-04,Cayuga,87,3381,814,98282,0.10687960687960688,51.0,0.06682924220190638
2925,2021-01-05,Cayuga,111,3492,1086,99368,0.10220994475138122,53.0,0.06529028580688719
2926,2021-01-06,Cayuga,97,3589,1064,100432,0.09116541353383459,49.0,0.0634632816605767
2927,2021-01-07,Cayuga,118,3707,1069,101501,0.11038353601496725,50.0,0.060267785523952164
2928,2021-01-08,Cayuga,76,3783,1059,102560,0.07176581680830972,50.0,0.056093320057879044
2929,2021-01-09,Cayuga,65,3848,735,103295,0.08843537414965986,48.0,0.05537946682773134
2930,2021-01-10,Cayuga,54,3902,634,103929,0.08517350157728706,43.0,0.04685808526536047
2931,2021-01-11,Cayuga,62,3964,644,104573,0.09627329192546584,41.0,0.04610049134006468
2932,2021-01-12,Cayuga,68,4032,939,105512,0.0724174653887114,38.0,0.04397245709987398
2933,2021-01-13,Cayuga,71,4103,802,106314,0.0885286783042394,36.0,0.043784118869188614
2934,2021-01-14,Cayuga,94,4197,1171,107485,0.0802732707087959,35.0,0.041633385633033516
2935,2021-01-15,Cayuga,70,4267,964,108449,0.07261410788381743,34.0,0.04169397785271264
2936,2021-01-16,Cayuga,43,4310,979,109428,0.043922369765066395,33.0,0.03851447753952739
2937,2021-01-17,Cayuga,62,4372,603,110031,0.10281923714759536,33.0,0.039774887223120836
2938,2021-01-18,Cayuga,60,4432,805,110836,0.07453416149068323,33.0,0.03822209219206494
2939,2021-01-19,Cayuga,42,4474,1088,111924,0.03860294117647059,31.0,0.03580676903404774
2940,2021-01-20,Cayuga,84,4558,923,112847,0.09100758396533044,32.0,0.03598383372412567
2941,2021-01-21,Cayuga,50,4608,713,113560,0.07012622720897616,29.0,0.03525904490270997
2942,2021-01-22,Cayuga,47,4655,1160,114720,0.04051724137931034,27.0,0.03296641158095946
2943,2021-01-23,Cayuga,34,4689,660,115380,0.051515151515151514,27.0,0.033508753134536974
2944,2021-01-24,Cayuga,21,4710,377,115757,0.05570291777188329,24.0,0.03014330175055754
2945,2021-01-25,Cayuga,39,4749,588,116345,0.0663265306122449,22.0,0.02955704240209766
2946,2021-01-26,Cayuga,30,4779,716,117061,0.04189944134078212,21.0,0.02979250669954848
2947,2021-01-27,Cayuga,38,4817,695,117756,0.05467625899280575,18.0,0.027197412058653864
2948,2021-01-28,Cayuga,24,4841,580,118336,0.041379310344827586,16.0,0.025144060854071826
2949,2021-01-29,Cayuga,29,4870,1136,119472,0.025528169014084508,15.0,0.024073412827984263
2950,2021-01-30,Cayuga,33,4903,606,120078,0.054455445544554455,15.0,0.024283433830084473
2951,2021-01-31,Cayuga,19,4922,361,120439,0.05263157894736842,15.0,0.02406405248547627
2952,2021-02-01,Cayuga,13,4935,632,121071,0.020569620253164556,13.0,0.020795701745541958
2953,2021-02-02,Cayuga,23,4958,587,121658,0.039182282793867124,12.0,0.020601618992190884
2954,2021-02-03,Cayuga,15,4973,545,122203,0.027522935779816515,11.0,0.018662095905548796
2955,2021-02-04,Cayuga,27,5000,624,122827,0.04326923076923077,11.0,0.018797090221577595
2956,2021-02-05,Cayuga,19,5019,728,123555,0.0260989010989011,10.0,0.018837856799064495
2957,2021-02-06,Cayuga,13,5032,565,124120,0.023008849557522124,9.0,0.01659167137141933
2958,2021-02-07,Cayuga,13,5045,491,124611,0.026476578411405296,8.0,0.014723457047421964
2959,2021-02-08,Cayuga,7,5052,462,125073,0.015151515151515152,8.0,0.014336449540161292
2960,2021-02-09,Cayuga,22,5074,906,125979,0.024282560706401765,8.0,0.01327218367677091
2961,2021-02-10,Cayuga,20,5094,719,126698,0.027816411682892908,8.0,0.013293146241276366
2962,2021-02-11,Cayuga,29,5123,599,127297,0.048414023372287146,8.0,0.013660631427208964
2963,2021-02-12,Cayuga,21,5144,852,128149,0.02464788732394366,8.0,0.013556987586140573
2964,2021-02-13,Cayuga,22,5166,449,128598,0.04899777282850779,9.0,0.015413339248353837
2965,2021-02-14,Cayuga,10,5176,252,128850,0.03968253968253968,9.0,0.016356622196292005
2966,2021-02-15,Cayuga,6,5182,147,128997,0.04081632653061224,9.0,0.018189823009084654
2967,2021-02-16,Cayuga,7,5189,329,129326,0.02127659574468085,8.0,0.017975111226104592
2968,2021-02-17,Cayuga,18,5207,732,130058,0.02459016393442623,8.0,0.01774466495835697
2969,2021-02-18,Cayuga,21,5228,697,130755,0.03012912482065997,7.0,0.016438600776097885
2970,2021-02-19,Cayuga,14,5242,699,131454,0.020028612303290415,7.0,0.01610865256033694
2971,2021-02-20,Cayuga,47,5289,1070,132524,0.04392523364485981,8.0,0.015746328332933514
2972,2021-02-21,Cayuga,7,5296,397,132921,0.017632241813602016,8.0,0.014171307056580823
2973,2021-02-22,Cayuga,7,5303,277,133198,0.02527075812274368,8.0,0.013060909313161641
2974,2021-02-23,Cayuga,9,5312,624,133822,0.014423076923076924,8.0,0.012571372254475646
2975,2021-02-24,Cayuga,21,5333,963,134785,0.021806853582554516,9.0,0.012372564372199095
2976,2021-02-25,Cayuga,12,5345,697,135482,0.01721664275466284,8.0,0.011450244224627872
2977,2021-02-26,Cayuga,8,5353,1011,136493,0.00791295746785361,7.0,0.010584840307810957
2978,2021-02-27,Cayuga,14,5367,605,137098,0.023140495867768594,5.0,0.00910021618087587
2979,2021-02-28,Cayuga,12,5379,507,137605,0.023668639053254437,5.0,0.009531387412279614
2980,2021-03-01,Cayuga,7,5386,212,137817,0.0330188679245283,5.0,0.010084823826692802
2981,2021-03-02,Cayuga,12,5398,797,138614,0.015056461731493099,6.0,0.010130065598722527
2982,2021-03-03,Cayuga,8,5406,718,139332,0.011142061281337047,5.0,0.009368294720064138
2983,2021-03-04,Cayuga,15,5421,977,140309,0.015353121801432957,5.0,0.009235186080547715
2984,2021-03-05,Cayuga,7,5428,936,141245,0.007478632478632479,5.0,0.009204162867031922
2985,2021-03-06,Cayuga,10,5438,948,142193,0.010548523206751054,5.0,0.008304736248387812
2986,2021-03-07,Cayuga,3,5441,242,142435,0.012396694214876033,4.0,0.007499597331360783
2987,2021-03-08,Cayuga,3,5444,287,142722,0.010452961672473868,4.0,0.005887746884785467
2988,2021-03-09,Cayuga,5,5449,514,143236,0.009727626459143969,3.0,0.0055071157939033865
2989,2021-03-10,Cayuga,6,5455,802,144038,0.007481296758104738,3.0,0.005245632613672507
2990,2021-03-11,Cayuga,8,5463,813,144851,0.00984009840098401,3.0,0.004851845227926153
2991,2021-03-12,Cayuga,8,5471,794,145645,0.010075566750629723,3.0,0.0050373405330688134
2992,2021-03-13,Cayuga,5,5476,570,146215,0.008771929824561403,2.0,0.004910441005769553
2993,2021-03-14,Cayuga,10,5486,424,146639,0.02358490566037736,3.0,0.005709598966162506
2994,2021-03-15,Cayuga,7,5493,515,147154,0.013592233009708738,3.0,0.0059338326331078535
2995,2021-03-16,Cayuga,4,5497,963,148117,0.004153686396677051,3.0,0.005535694057217359
2996,2021-03-17,Cayuga,7,5504,511,148628,0.0136986301369863,3.0,0.005979789298566041
2997,2021-03-18,Cayuga,8,5512,1203,149831,0.006650041562759767,3.0,0.0057519280958357386
2998,2021-03-19,Cayuga,7,5519,919,150750,0.007616974972796518,3.0,0.005576314397419081
2999,2021-03-20,Cayuga,9,5528,572,151322,0.015734265734265736,3.0,0.006073624105255105
3000,2021-03-21,Cayuga,5,5533,512,151834,0.009765625,3.0,0.005086532629513864
3001,2021-03-22,Cayuga,5,5538,458,152292,0.010917030567685589,3.0,0.004895446740797926
3002,2021-03-23,Cayuga,7,5545,581,152873,0.012048192771084338,3.0,0.005459340053255589
3003,2021-03-24,Cayuga,12,5557,936,153809,0.01282051282051282,3.0,0.005396617387793198
3004,2021-03-25,Cayuga,11,5568,944,154753,0.011652542372881356,4.0,0.005753938874230455
3005,2021-03-26,Cayuga,9,5577,869,155622,0.010356731875719217,4.0,0.005949635795867789
3006,2021-03-27,Cayuga,15,5592,755,156377,0.019867549668874173,4.0,0.006244870362625534
3007,2021-03-28,Cayuga,7,5599,550,156927,0.012727272727272728,4.0,0.0064564166288593
3008,2021-03-29,Cayuga,11,5610,388,157315,0.028350515463917526,5.0,0.007701665550018724
3009,2021-03-30,Cayuga,5,5615,718,158033,0.006963788300835654,5.0,0.007338493802143819
3010,2021-03-31,Cayuga,8,5623,665,158698,0.012030075187969926,4.0,0.0072820339712478975
3011,2021-04-01,Cayuga,12,5635,727,159425,0.016506189821182942,4.0,0.007628723074698011
3012,2021-04-02,Cayuga,12,5647,768,160193,0.015625,5.0,0.008005027940718067
3013,2021-04-03,Cayuga,2,5649,707,160900,0.002828854314002829,4.0,0.0067879782725129715
3014,2021-04-04,Cayuga,30,5679,284,161184,0.1056338028169014,5.0,0.013424158993200735
3015,2021-04-05,Cayuga,2,5681,561,161745,0.0035650623885918,5.0,0.011653769487820324
3016,2021-04-06,Cayuga,17,5698,713,162458,0.023842917251051893,5.0,0.012859421555692913
3017,2021-04-07,Cayuga,20,5718,526,162984,0.03802281368821293,6.0,0.014716045734281698
3018,2021-04-08,Cayuga,27,5745,1241,164225,0.021756647864625302,7.0,0.01509107845167044
3019,2021-04-09,Cayuga,10,5755,722,164947,0.013850415512465374,7.0,0.014964322416846537
3020,2021-04-10,Cayuga,14,5769,552,165499,0.025362318840579712,8.0,0.016573855597316316
3021,2021-04-11,Cayuga,9,5778,189,165688,0.047619047619047616,7.0,0.012429944511755331
3022,2021-04-12,Cayuga,16,5794,562,166250,0.028469750889679714,8.0,0.01420885083326161
3023,2021-04-13,Cayuga,16,5810,650,166900,0.024615384615384615,8.0,0.01426402707357109
3024,2021-04-14,Cayuga,15,5825,1329,168229,0.011286681715575621,7.0,0.012354303361239855
3025,2021-04-15,Cayuga,15,5840,665,168894,0.022556390977443608,6.0,0.012411427869298304
3026,2021-04-16,Cayuga,23,5863,661,169555,0.03479576399394856,7.0,0.013907524189404247
3027,2021-04-17,Cayuga,8,5871,832,170387,0.009615384615384616,7.0,0.012782743173318883
3028,2021-04-18,Cayuga,22,5893,319,170706,0.06896551724137931,8.0,0.014307491003485431
3029,2021-04-19,Cayuga,8,5901,571,171277,0.014010507880910683,7.0,0.0132746879314305
3030,2021-04-20,Cayuga,14,5915,649,171926,0.02157164869029276,7.0,0.01305727822249537
3031,2021-04-21,Cayuga,19,5934,996,172922,0.019076305220883535,7.0,0.013613679901445934
3032,2021-04-22,Cayuga,16,5950,724,173646,0.022099447513812154,7.0,0.013581041082615115
3033,2021-04-23,Cayuga,7,5957,585,174231,0.011965811965811967,6.0,0.011950330223462502
3034,2021-04-24,Cayuga,5,5962,718,174949,0.006963788300835654,6.0,0.011760930486709006
3035,2021-04-25,Cayuga,13,5975,325,175274,0.04,5.0,0.009691964969467625
3036,2021-04-26,Cayuga,6,5981,323,175597,0.018575851393188854,5.0,0.010018060934630353
3037,2021-04-27,Cayuga,20,6001,633,176230,0.0315955766192733,6.0,0.010734055786700392
3038,2021-04-28,Cayuga,13,6014,845,177075,0.015384615384615385,5.0,0.01047036365553838
3039,2021-04-29,Cayuga,20,6034,716,177791,0.027932960893854747,6.0,0.010887043182684282
3040,2021-04-30,Cayuga,15,6049,911,178702,0.01646542261251372,6.0,0.011208443943162977
3041,2021-05-01,Cayuga,13,6062,490,179192,0.026530612244897958,7.0,0.012606074224881714
3042,2021-05-02,Cayuga,10,6072,260,179452,0.038461538461538464,6.0,0.012496184114991602
3043,2021-05-03,Cayuga,13,6085,429,179881,0.030303030303030304,7.0,0.01333383975140885
3044,2021-05-04,Cayuga,8,6093,777,180658,0.010296010296010296,6.0,0.011812442156890063
3045,2021-05-05,Cayuga,5,6098,918,181576,0.0054466230936819175,6.0,0.011102585564680528
3046,2021-05-06,Cayuga,14,6112,1021,182597,0.013712047012732615,5.0,0.010086806001743234
3047,2021-05-07,Cayuga,15,6127,759,183356,0.019762845849802372,5.0,0.010322336232978136
3048,2021-05-08,Cayuga,11,6138,515,183871,0.021359223300970873,5.0,0.009952951308411919
3049,2021-05-09,Cayuga,7,6145,218,184089,0.03211009174311927,5.0,0.009499276542810546
3050,2021-05-10,Cayuga,10,6155,382,184471,0.02617801047120419,5.0,0.00920463226910868
3051,2021-05-11,Cayuga,5,6160,575,185046,0.008695652173913044,4.0,0.009090320974673162
3052,2021-05-12,Cayuga,17,6177,1250,186296,0.0136,5.0,0.00967270503941017
3053,2021-05-13,Cayuga,20,6197,857,187153,0.023337222870478413,6.0,0.010360217600677724
3054,2021-05-14,Cayuga,17,6214,638,187791,0.02664576802507837,6.0,0.010851854898911727
3055,2021-05-15,Cayuga,7,6221,409,188200,0.017114914425427872,5.0,0.010548689979230082
3056,2021-05-16,Cayuga,10,6231,240,188440,0.041666666666666664,6.0,0.011231302473769184
3057,2021-05-17,Cayuga,4,6235,319,188759,0.012539184952978056,5.0,0.010257100651038744
3058,2021-05-18,Cayuga,11,6246,675,189434,0.016296296296296295,6.0,0.010800003802637547
3059,2021-05-19,Cayuga,9,6255,753,190187,0.01195219123505976,5.0,0.010682303176570387
3060,2021-05-20,Cayuga,10,6265,478,190665,0.02092050209205021,4.0,0.010509680263825516
3061,2021-05-21,Cayuga,3,6268,477,191142,0.006289308176100629,3.0,0.009055647417469963
3062,2021-05-22,Cayuga,7,6275,578,191720,0.012110726643598616,3.0,0.008698205433053588
3063,2021-05-23,Cayuga,6,6281,196,191916,0.030612244897959183,3.0,0.00790860387814591
3064,2021-05-24,Cayuga,1,6282,267,192183,0.003745318352059925,3.0,0.007280470549508902
3065,2021-05-25,Cayuga,7,6289,529,192712,0.013232514177693762,3.0,0.007061628969608721
3066,2021-05-26,Cayuga,4,6293,522,193234,0.007662835249042145,2.0,0.006755246399178891
3067,2021-05-27,Cayuga,6,6299,549,193783,0.01092896174863388,2.0,0.006041564946077724
3068,2021-05-28,Cayuga,8,6307,651,194434,0.01228878648233487,2.0,0.0064700991108087415
3069,2021-05-29,Cayuga,4,6311,334,194768,0.011976047904191617,2.0,0.006460479200851099
3070,2021-05-30,Cayuga,2,6313,111,194879,0.018018018018018018,2.0,0.0055608915665695865
3071,2021-05-31,Cayuga,0,6313,48,194927,0.0,2.0,0.005293368827136735
3072,2021-06-01,Cayuga,3,6316,250,195177,0.012,1.0,0.00520533210015861
3073,2021-06-02,Cayuga,3,6319,401,195578,0.007481296758104738,1.0,0.005192365065091652
3074,2021-06-03,Cayuga,3,6322,698,196276,0.004297994269340974,1.0,0.0047187245308564435
3075,2021-06-04,Cayuga,4,6326,704,196980,0.005681818181818182,1.0,0.00424679822367668
3076,2021-06-05,Cayuga,2,6328,274,197254,0.0072992700729927005,1.0,0.003912742664305329
3077,2021-06-06,Cayuga,1,6329,101,197355,0.009900990099009901,1.0,0.00333295495580475
3078,2021-06-07,Cayuga,2,6331,202,197557,0.009900990099009901,1.0,0.004040168534305457
3079,2021-06-08,Cayuga,1,6332,306,197863,0.0032679738562091504,1.0,0.0034164523811775387
3080,2021-06-09,Cayuga,1,6333,664,198527,0.0015060240963855422,1.0,0.0029896471910547395
3081,2021-06-10,Cayuga,3,6336,330,198857,0.00909090909090909,1.0,0.0033319982497381764
3082,2021-06-11,Cayuga,0,6336,489,199346,0.0,0.0,0.0029261540938940204
3083,2021-06-12,Cayuga,1,6337,277,199623,0.0036101083032490976,0.0,0.0026626425389123347
3084,2021-06-13,Cayuga,0,6337,96,199719,0.0,0.0,0.0019554289604116273
3085,2021-06-14,Cayuga,0,6337,182,199901,0.0,0.0,0.00124821538191092
3086,2021-06-15,Cayuga,0,6337,337,200238,0.0,0.0,0.0010147886778959806
3087,2021-06-16,Cayuga,1,6338,377,200615,0.002652519893899204,0.0,0.0010966812348612424
3088,2021-06-17,Cayuga,0,6338,339,200954,0.0,0.0,0.000447330585510593
3089,2021-06-18,Cayuga,0,6338,486,201440,0.0,0.0,0.000447330585510593
3090,2021-06-19,Cayuga,0,6338,209,201649,0.0,0.0,0.00018946570670708602
3091,2021-06-20,Cayuga,0,6338,97,201746,0.0,0.0,0.00018946570670708602
3092,2021-06-21,Cayuga,0,6338,141,201887,0.0,0.0,0.00018946570670708602
3093,2021-06-22,Cayuga,0,6338,203,202090,0.0,0.0,0.00018946570670708602
3094,2021-06-23,Cayuga,1,6339,297,202387,0.003367003367003367,0.0,0.00024050024050024048
3095,2021-06-24,Cayuga,1,6340,214,202601,0.004672897196261682,0.0,0.0005742786116617891
3096,2021-06-25,Cayuga,2,6342,302,202903,0.006622516556291391,0.0,0.0010473155085397457
3097,2021-06-26,Cayuga,2,6344,260,203163,0.007692307692307693,0.0,0.001596766057990295
3098,2021-06-27,Cayuga,1,6345,81,203244,0.012345679012345678,0.0,0.0024786002731578436
3099,2021-06-28,Cayuga,2,6347,97,203341,0.020618556701030927,0.0,0.003951354323231481
3100,2021-06-29,Cayuga,3,6350,195,203536,0.015384615384615385,0.0,0.005050255422132581
3101,2021-06-30,Cayuga,1,6351,264,203800,0.003787878787878788,0.0,0.00508031795219511
3102,2021-07-01,Cayuga,2,6353,355,204155,0.005633802816901409,0.0,0.005148954067955091
3103,2021-07-02,Cayuga,1,6354,298,204453,0.003355704697986577,0.0,0.004915610363790461
3104,2021-07-03,Cayuga,0,6354,231,204684,0.0,0.0,0.004366159814339911
3105,2021-07-04,Cayuga,3,6357,99,204783,0.030303030303030304,0.0,0.005648827763674528
3106,2021-07-05,Cayuga,0,6357,75,204858,0.0,0.0,0.00417607371360089
3107,2021-07-06,Cayuga,1,6358,100,204958,0.01,0.0,0.003791458328985506
3108,2021-07-07,Cayuga,1,6359,265,205223,0.0037735849056603774,0.0,0.0037904373373984766
3109,2021-07-08,Cayuga,1,6360,174,205397,0.005747126436781609,0.0,0.0037985318816756335
3110,2021-07-09,Cayuga,2,6362,295,205692,0.006779661016949152,0.0,0.00404310019017296
3111,2021-07-10,Cayuga,0,6362,189,205881,0.0,0.0,0.00404310019017296
3112,2021-07-11,Cayuga,0,6362,124,206005,0.0,0.0,0.0018785980256707956
3113,2021-07-12,Cayuga,1,6363,66,206071,0.015151515151515152,0.0,0.0029608491079218782
3114,2021-07-13,Cayuga,1,6364,264,206335,0.003787878787878788,0.0,0.002517126164198934
3115,2021-07-14,Cayuga,2,6366,178,206513,0.011235955056179775,0.0,0.003050152603521748
3116,2021-07-15,Cayuga,2,6368,233,206746,0.008583690987124463,0.0,0.0032527643571176666
3117,2021-07-16,Cayuga,1,6369,157,206903,0.006369426751592357,0.0,0.003223461909592181
3118,2021-07-17,Cayuga,4,6373,270,207173,0.014814814814814815,0.0,0.004281662967793239
3119,2021-07-18,Cayuga,0,6373,52,207225,0.0,0.0,0.004281662967793239
3120,2021-07-19,Cayuga,4,6377,92,207317,0.043478260869565216,1.0,0.006305001947653958
3121,2021-07-20,Cayuga,3,6380,220,207537,0.013636363636363636,1.0,0.0070084651511171615
3122,2021-07-21,Cayuga,3,6383,200,207737,0.015,1.0,0.007277325504247177
3123,2021-07-22,Cayuga,2,6385,179,207916,0.0111731843575419,1.0,0.007462289316419852
3124,2021-07-23,Cayuga,1,6386,221,208137,0.004524886877828055,1.0,0.0073305364682938285
3125,2021-07-24,Cayuga,9,6395,217,208354,0.041474654377880185,1.0,0.0092348107227985
3126,2021-07-25,Cayuga,1,6396,61,208415,0.01639344262295082,1.0,0.010405770910152129
3127,2021-07-26,Cayuga,7,6403,150,208565,0.04666666666666667,1.0,0.010633514181373663
3128,2021-07-27,Cayuga,8,6411,294,208859,0.027210884353741496,2.0,0.011603122804043508
3129,2021-07-28,Cayuga,6,6417,225,209084,0.02666666666666667,2.0,0.012436456137376843
3130,2021-07-29,Cayuga,3,6420,270,209354,0.011111111111111112,2.0,0.012432022334060355
3131,2021-07-30,Cayuga,1,6421,331,209685,0.0030211480362537764,2.0,0.012324612416805051
3132,2021-07-31,Cayuga,5,6426,228,209913,0.021929824561403508,2.0,0.010928553144199575
3133,2021-08-01,Cayuga,4,6430,79,209992,0.05063291139240506,2.0,0.013374229484874878
3134,2021-08-02,Cayuga,5,6435,164,210156,0.03048780487804878,2.0,0.0122185964999736
3135,2021-08-03,Cayuga,7,6442,282,210438,0.024822695035460994,2.0,0.01204801154866785
3136,2021-08-04,Cayuga,4,6446,199,210637,0.020100502512562814,2.0,0.011578999823374717
3137,2021-08-05,Cayuga,9,6455,243,210880,0.037037037037037035,2.0,0.013430851675226568
3138,2020-03-01,Chautauqua,0,0,0,0,,,
3139,2020-03-02,Chautauqua,0,0,0,0,,,
3140,2020-03-03,Chautauqua,0,0,0,0,,,
3141,2020-03-04,Chautauqua,0,0,0,0,,,
3142,2020-03-05,Chautauqua,0,0,0,0,,,
3143,2020-03-06,Chautauqua,0,0,0,0,,,
3144,2020-03-07,Chautauqua,0,0,0,0,,0.0,
3145,2020-03-08,Chautauqua,0,0,0,0,,0.0,
3146,2020-03-09,Chautauqua,0,0,0,0,,0.0,
3147,2020-03-10,Chautauqua,0,0,0,0,,0.0,
3148,2020-03-11,Chautauqua,0,0,0,0,,0.0,
3149,2020-03-12,Chautauqua,0,0,1,1,0.0,0.0,
3150,2020-03-13,Chautauqua,0,0,1,2,0.0,0.0,
3151,2020-03-14,Chautauqua,0,0,0,2,,0.0,
3152,2020-03-15,Chautauqua,0,0,1,3,0.0,0.0,
3153,2020-03-16,Chautauqua,0,0,0,3,,0.0,
3154,2020-03-17,Chautauqua,0,0,0,3,,0.0,
3155,2020-03-18,Chautauqua,0,0,3,6,0.0,0.0,
3156,2020-03-19,Chautauqua,0,0,1,7,0.0,0.0,
3157,2020-03-20,Chautauqua,0,0,2,9,0.0,0.0,
3158,2020-03-21,Chautauqua,0,0,4,13,0.0,0.0,
3159,2020-03-22,Chautauqua,0,0,12,25,0.0,0.0,
3160,2020-03-23,Chautauqua,0,0,4,29,0.0,0.0,
3161,2020-03-24,Chautauqua,1,1,3,32,0.3333333333333333,0.0,0.023809523809523808
3162,2020-03-25,Chautauqua,0,1,4,36,0.0,0.0,0.023809523809523808
3163,2020-03-26,Chautauqua,0,1,20,56,0.0,0.0,0.023809523809523808
3164,2020-03-27,Chautauqua,4,5,19,75,0.21052631578947367,0.0,0.038847117794486206
3165,2020-03-28,Chautauqua,0,5,20,95,0.0,0.0,0.038847117794486206
3166,2020-03-29,Chautauqua,0,5,3,98,0.0,0.0,0.038847117794486206
3167,2020-03-30,Chautauqua,1,6,9,107,0.1111111111111111,0.0,0.04678362573099415
3168,2020-03-31,Chautauqua,0,6,9,116,0.0,0.0,0.02297410192147034
3169,2020-04-01,Chautauqua,2,8,8,124,0.25,0.0,0.040831244778613204
3170,2020-04-02,Chautauqua,1,9,15,139,0.06666666666666667,0.0,0.04559314954051796
3171,2020-04-03,Chautauqua,1,10,20,159,0.05,0.0,0.03412698412698413
3172,2020-04-04,Chautauqua,1,11,28,187,0.03571428571428571,0.0,0.03667800453514739
3173,2020-04-05,Chautauqua,4,15,50,237,0.08,0.0,0.042392290249433105
3174,2020-04-06,Chautauqua,1,16,37,274,0.02702702702702703,0.0,0.036386284243427096
3175,2020-04-07,Chautauqua,1,17,6,280,0.16666666666666666,0.0,0.04829104614818901
3176,2020-04-08,Chautauqua,1,18,32,312,0.03125,0.0,0.032666046148189
3177,2020-04-09,Chautauqua,2,20,54,366,0.037037037037037035,0.0,0.030549644031786886
3178,2020-04-10,Chautauqua,1,21,67,433,0.014925373134328358,0.0,0.02804431354138177
3179,2020-04-11,Chautauqua,1,22,39,472,0.02564102564102564,0.0,0.027324794964720338
3180,2020-04-12,Chautauqua,1,23,25,497,0.04,0.0,0.02446765210757748
3181,2020-04-13,Chautauqua,0,23,8,505,0.0,0.0,0.02253715017707555
3182,2020-04-14,Chautauqua,1,24,19,524,0.05263157894736842,0.0,0.014391786768554246
3183,2020-04-15,Chautauqua,0,24,29,553,0.0,0.0,0.012159643911411389
3184,2020-04-16,Chautauqua,1,25,32,585,0.03125,0.0,0.011746284123051601
3185,2020-04-17,Chautauqua,0,25,22,607,0.0,0.0,0.010680186042028148
3186,2020-04-18,Chautauqua,0,25,20,627,0.0,0.0,0.008848684210526316
3187,2020-04-19,Chautauqua,0,25,9,636,0.0,0.0,0.005991541353383458
3188,2020-04-20,Chautauqua,0,25,3,639,0.0,0.0,0.005991541353383458
3189,2020-04-21,Chautauqua,1,26,26,665,0.038461538461538464,0.0,0.004979395604395605
3190,2020-04-22,Chautauqua,0,26,38,703,0.0,0.0,0.004979395604395605
3191,2020-04-23,Chautauqua,1,27,74,777,0.013513513513513514,0.0,0.0037125037125037125
3192,2020-04-24,Chautauqua,0,27,97,874,0.0,0.0,0.0037125037125037125
3193,2020-04-25,Chautauqua,2,29,56,930,0.03571428571428571,0.0,0.006263524120666978
3194,2020-04-26,Chautauqua,1,30,101,1031,0.009900990099009901,0.0,0.006970737699167685
3195,2020-04-27,Chautauqua,0,30,26,1057,0.0,0.0,0.006970737699167685
3196,2020-04-28,Chautauqua,1,31,64,1121,0.015625,0.0,0.005339556380486366
3197,2020-04-29,Chautauqua,2,33,39,1160,0.05128205128205128,0.0,0.009002560043490029
3198,2020-04-30,Chautauqua,2,35,47,1207,0.0425531914893617,0.0,0.011076822756050613
3199,2020-05-01,Chautauqua,0,35,53,1260,0.0,0.0,0.011076822756050613
3200,2020-05-02,Chautauqua,1,36,18,1278,0.05555555555555555,0.0,0.01249405631614132
3201,2020-05-03,Chautauqua,1,37,9,1287,0.1111111111111111,0.0,0.019723350674148547
3202,2020-05-04,Chautauqua,0,37,54,1341,0.0,0.0,0.019723350674148547
3203,2020-05-05,Chautauqua,1,38,88,1429,0.011363636363636364,0.0,0.01941896755726543
3204,2020-05-06,Chautauqua,2,40,80,1509,0.025,0.0,0.017541678179976053
3205,2020-05-07,Chautauqua,0,40,51,1560,0.0,0.0,0.014502164502164502
3206,2020-05-08,Chautauqua,0,40,97,1657,0.0,0.0,0.014502164502164502
3207,2020-05-09,Chautauqua,1,41,58,1715,0.017241379310344827,0.0,0.011765437627506592
3208,2020-05-10,Chautauqua,0,41,27,1742,0.0,0.0,0.0038289296909986567
3209,2020-05-11,Chautauqua,1,42,49,1791,0.02040816326530612,0.0,0.005286655638520522
3210,2020-05-12,Chautauqua,1,43,125,1916,0.008,0.0,0.005046395898260782
3211,2020-05-13,Chautauqua,1,44,125,2041,0.008,0.0,0.0038321101839750675
3212,2020-05-14,Chautauqua,1,45,139,2180,0.007194244604316547,0.0,0.0043459847985691065
3213,2020-05-15,Chautauqua,3,48,60,2240,0.05,0.0,0.00791741336999768
3214,2020-05-16,Chautauqua,0,48,91,2331,0.0,0.0,0.00668588627640162
3215,2020-05-17,Chautauqua,1,49,63,2394,0.015873015873015872,0.0,0.007819673124474182
3216,2020-05-18,Chautauqua,0,49,98,2492,0.0,0.0,0.006361947176952316
3217,2020-05-19,Chautauqua,1,50,90,2582,0.011111111111111112,0.0,0.006584169399174537
3218,2020-05-20,Chautauqua,8,58,273,2855,0.029304029304029304,1.0,0.008105885778033775
3219,2020-05-21,Chautauqua,5,63,190,3045,0.02631578947368421,1.0,0.009471710411560034
3220,2020-05-22,Chautauqua,9,72,217,3262,0.041474654377880185,1.0,0.008862757152837191
3221,2020-05-23,Chautauqua,3,75,134,3396,0.022388059701492536,1.0,0.010461904274372371
3222,2020-05-24,Chautauqua,0,75,38,3434,0.0,1.0,0.00932811742629981
3223,2020-05-25,Chautauqua,2,77,94,3528,0.02127659574468085,2.0,0.010847874265205585
3224,2020-05-26,Chautauqua,1,78,145,3673,0.006896551724137931,2.0,0.010546834308993214
3225,2020-05-27,Chautauqua,3,81,129,3802,0.023255813953488372,1.0,0.01011481892681172
3226,2020-05-28,Chautauqua,1,82,637,4439,0.0015698587127158557,1.0,0.008347252443885409
3227,2020-05-29,Chautauqua,1,83,272,4711,0.003676470588235294,0.0,0.005647382173196489
3228,2020-05-30,Chautauqua,1,84,637,5348,0.0015698587127158557,0.0,0.004160367816855297
3229,2020-05-31,Chautauqua,1,85,253,5601,0.003952569169960474,0.0,0.004442694186138188
3230,2020-06-01,Chautauqua,1,86,184,5785,0.005434782608695652,0.0,0.003311136104996388
3231,2020-06-02,Chautauqua,3,89,277,6062,0.010830324909747292,0.0,0.003592119903968485
3232,2020-06-03,Chautauqua,6,95,604,6666,0.009933774834437087,1.0,0.002640545681179108
3233,2020-06-04,Chautauqua,2,97,522,7188,0.0038314176245210726,1.0,0.0028020856034509096
3234,2020-06-05,Chautauqua,2,99,364,7552,0.005494505494505495,1.0,0.002931945239613067
3235,2020-06-06,Chautauqua,2,101,1131,8683,0.0017683465959328027,1.0,0.0029461229455571337
3236,2020-06-07,Chautauqua,0,101,343,9026,0.0,1.0,0.0026637965762742427
3237,2020-06-08,Chautauqua,2,103,250,9276,0.008,1.0,0.00284702638993884
3238,2020-06-09,Chautauqua,2,105,308,9584,0.006493506493506494,1.0,0.0025372536459216393
3239,2020-06-10,Chautauqua,1,106,778,10362,0.0012853470437017994,0.0,0.0019195088037262619
3240,2020-06-11,Chautauqua,0,106,487,10849,0.0,0.0,0.001645836116260471
3241,2020-06-12,Chautauqua,0,106,370,11219,0.0,0.0,0.001253371438081507
3242,2020-06-13,Chautauqua,1,107,723,11942,0.0013831258644536654,0.0,0.0012258556715472827
3243,2020-06-14,Chautauqua,0,107,261,12203,0.0,0.0,0.0012258556715472827
3244,2020-06-15,Chautauqua,1,108,607,12810,0.0016474464579901153,0.0,0.0007721018471180052
3245,2020-06-16,Chautauqua,0,108,439,13249,0.0,0.0,0.00030827995472468425
3246,2020-06-17,Chautauqua,2,110,511,13760,0.003913894324853229,0.0,0.0004960333319497863
3247,2020-06-18,Chautauqua,2,112,407,14167,0.004914004914004914,0.0,0.0008470336829501373
3248,2020-06-19,Chautauqua,3,115,281,14448,0.010676156583629894,0.0,0.0016096162960665581
3249,2020-06-20,Chautauqua,1,116,511,14959,0.0019569471624266144,0.0,0.0016506035316360547
3250,2020-06-21,Chautauqua,0,116,318,15277,0.0,0.0,0.0016506035316360547
3251,2020-06-22,Chautauqua,0,116,393,15670,0.0,0.0,0.0015329287846367608
3252,2020-06-23,Chautauqua,2,118,316,15986,0.006329113924050633,0.0,0.0019850083506403773
3253,2020-06-24,Chautauqua,3,121,332,16318,0.009036144578313253,0.0,0.002350883368744665
3254,2020-06-25,Chautauqua,1,122,586,16904,0.0017064846416382253,0.0,0.00212177477786133
3255,2020-06-26,Chautauqua,1,123,207,17111,0.004830917874396135,0.0,0.0017042577272017756
3256,2020-06-27,Chautauqua,0,123,284,17395,0.0,0.0,0.0015644757870284462
3257,2020-06-28,Chautauqua,0,123,372,17767,0.0,0.0,0.0015644757870284462
3258,2020-06-29,Chautauqua,4,127,568,18335,0.007042253521126761,0.0,0.0020674938956803572
3259,2020-06-30,Chautauqua,0,127,492,18827,0.0,0.0,0.001615414329676741
3260,2020-07-01,Chautauqua,0,127,292,19119,0.0,0.0,0.0009699754312257943
3261,2020-07-02,Chautauqua,2,129,227,19346,0.00881057268722467,0.0,0.0014774102916248262
3262,2020-07-03,Chautauqua,2,131,107,19453,0.018691588785046728,0.0,0.002467458213814154
3263,2020-07-04,Chautauqua,1,132,287,19740,0.003484320557491289,0.0,0.0027163382536349603
3264,2020-07-05,Chautauqua,2,134,582,20322,0.003436426116838488,0.0,0.002961797261980567
3265,2020-07-06,Chautauqua,1,135,428,20750,0.002336448598130841,0.0,0.00262566833890943
3266,2020-07-07,Chautauqua,14,149,318,21068,0.0440251572327044,1.0,0.005770322426959744
3267,2020-07-08,Chautauqua,3,152,193,21261,0.015544041450777202,1.0,0.006880611102015258
3268,2020-07-09,Chautauqua,3,155,606,21867,0.0049504950495049506,1.0,0.006604891270749564
3269,2020-07-10,Chautauqua,15,170,352,22219,0.04261363636363636,2.0,0.008313608954934538
3270,2020-07-11,Chautauqua,0,170,267,22486,0.0,2.0,0.008064728915113731
3271,2020-07-12,Chautauqua,1,171,192,22678,0.005208333333333333,2.0,0.008191293716291934
3272,2020-07-13,Chautauqua,9,180,573,23251,0.015706806282722512,3.0,0.00914631926519134
3273,2020-07-14,Chautauqua,6,186,479,23730,0.012526096033402923,2.0,0.006896386322384092
3274,2020-07-15,Chautauqua,5,191,575,24305,0.008695652173913044,2.0,0.006407215659750938
3275,2020-07-16,Chautauqua,1,192,670,24975,0.0014925373134328358,2.0,0.0061602186786029285
3276,2020-07-17,Chautauqua,2,194,275,25250,0.007272727272727273,1.0,0.0036358680292522803
3277,2020-07-18,Chautauqua,0,194,295,25545,0.0,1.0,0.0036358680292522803
3278,2020-07-19,Chautauqua,0,194,199,25744,0.0,1.0,0.0032638442197284703
3279,2020-07-20,Chautauqua,12,206,769,26513,0.015604681404421327,1.0,0.0032565495855641008
3280,2020-07-21,Chautauqua,4,210,692,27205,0.005780346820809248,1.0,0.0027747103560931234
3281,2020-07-22,Chautauqua,2,212,385,27590,0.005194805194805195,1.0,0.0025246498575854197
3282,2020-07-23,Chautauqua,0,212,629,28219,0.0,1.0,0.002418040049483074
3283,2020-07-24,Chautauqua,4,216,408,28627,0.00980392156862745,1.0,0.0025988396420473727
3284,2020-07-25,Chautauqua,2,218,118,28745,0.01694915254237288,1.0,0.0038094933950740067
3285,2020-07-26,Chautauqua,0,218,57,28802,0.0,1.0,0.0038094933950740067
3286,2020-07-27,Chautauqua,1,219,339,29141,0.0029498525073746312,0.0,0.002905577045284957
3287,2020-07-28,Chautauqua,4,223,386,29527,0.010362694300518135,0.0,0.003232887579549878
3288,2020-07-29,Chautauqua,1,224,471,29998,0.0021231422505307855,0.0,0.0030134830835302773
3289,2020-07-30,Chautauqua,4,228,422,30420,0.009478672985781991,1.0,0.0036905311539432773
3290,2020-07-31,Chautauqua,3,231,729,31149,0.00411522633744856,1.0,0.0032841957802876415
3291,2020-08-01,Chautauqua,1,232,262,31411,0.003816793893129771,1.0,0.0023461701624845625
3292,2020-08-02,Chautauqua,2,234,230,31641,0.008695652173913044,1.0,0.002967288174906923
3293,2020-08-03,Chautauqua,7,241,295,31936,0.023728813559322035,1.0,0.0044514996786174515
3294,2020-08-04,Chautauqua,0,241,298,32234,0.0,1.0,0.003711307228580442
3295,2020-08-05,Chautauqua,3,244,232,32466,0.01293103448275862,1.0,0.00448329953088243
3296,2020-08-06,Chautauqua,5,249,330,32796,0.015151515151515152,1.0,0.004888502542720512
3297,2020-08-07,Chautauqua,4,253,530,33326,0.007547169811320755,1.0,0.0051336413622828135
3298,2020-08-08,Chautauqua,0,253,350,33676,0.0,1.0,0.004861013227059258
3299,2020-08-09,Chautauqua,4,257,418,34094,0.009569377990430622,1.0,0.00492342221395337
3300,2020-08-10,Chautauqua,1,258,706,34800,0.00141643059490085,1.0,0.0033296805736375717
3301,2020-08-11,Chautauqua,0,258,949,35749,0.0,1.0,0.0033296805736375717
3302,2020-08-12,Chautauqua,2,260,530,36279,0.0037735849056603774,1.0,0.0026755770324162686
3303,2020-08-13,Chautauqua,0,260,376,36655,0.0,0.0,0.001593325950165186
3304,2020-08-14,Chautauqua,3,263,396,37051,0.007575757575757576,0.0,0.0015953679333392445
3305,2020-08-15,Chautauqua,0,263,194,37245,0.0,0.0,0.0015953679333392445
3306,2020-08-16,Chautauqua,2,265,167,37412,0.011976047904191617,0.0,0.0017672729271793158
3307,2020-08-17,Chautauqua,6,271,1028,38440,0.005836575875486381,0.0,0.0020829975900782823
3308,2020-08-18,Chautauqua,1,272,259,38699,0.003861003861003861,1.0,0.002358783580149987
3309,2020-08-19,Chautauqua,3,275,238,38937,0.012605042016806723,1.0,0.0029896019452318686
3310,2020-08-20,Chautauqua,3,278,497,39434,0.006036217303822937,1.0,0.0034207603240763644
3311,2020-08-21,Chautauqua,9,287,393,39827,0.022900763358778626,1.0,0.004515403594292153
3312,2020-08-22,Chautauqua,2,289,308,40135,0.006493506493506494,1.0,0.0049792254866854735
3313,2020-08-23,Chautauqua,0,289,587,40722,0.0,1.0,0.004123793493528929
3314,2020-08-24,Chautauqua,16,305,415,41137,0.03855421686746988,2.0,0.00646076785009918
3315,2020-08-25,Chautauqua,5,310,204,41341,0.024509803921568627,2.0,0.007935682140139521
3316,2020-08-26,Chautauqua,30,340,683,42024,0.043923865300146414,4.0,0.010172740946092357
3317,2020-08-27,Chautauqua,15,355,665,42689,0.022556390977443608,5.0,0.011352753351350975
3318,2020-08-28,Chautauqua,18,373,492,43181,0.036585365853658534,6.0,0.01233022495812811
3319,2020-08-29,Chautauqua,9,382,361,43542,0.024930747922437674,6.0,0.01364717077448034
3320,2020-08-30,Chautauqua,12,394,676,44218,0.01775147928994083,7.0,0.014915133580904683
3321,2020-08-31,Chautauqua,11,405,747,44965,0.014725568942436412,7.0,0.013213087300545148
3322,2020-09-01,Chautauqua,23,428,653,45618,0.03522205206738132,8.0,0.013978247882388913
3323,2020-09-02,Chautauqua,24,452,543,46161,0.04419889502762431,8.0,0.01399789286292305
3324,2020-09-03,Chautauqua,12,464,557,46718,0.02154398563734291,7.0,0.013925578195773001
3325,2020-09-04,Chautauqua,7,471,459,47177,0.015250544662309368,7.0,0.012401662396390916
3326,2020-09-05,Chautauqua,4,475,522,47699,0.007662835249042145,6.0,0.01116824006257695
3327,2020-09-06,Chautauqua,1,476,430,48129,0.002325581395348837,5.0,0.010066390212963235
3328,2020-09-07,Chautauqua,1,477,207,48336,0.004830917874396135,5.0,0.009359629422388929
3329,2020-09-08,Chautauqua,1,478,261,48597,0.0038314176245210726,3.0,0.007117441247898912
3330,2020-09-09,Chautauqua,14,492,530,49127,0.026415094339622643,2.0,0.005847169770184508
3331,2020-09-10,Chautauqua,4,496,399,49526,0.010025062656641603,2.0,0.005024389557277272
3332,2020-09-11,Chautauqua,11,507,514,50040,0.021400778210116732,2.0,0.005463691953549225
3333,2020-09-12,Chautauqua,8,515,376,50416,0.02127659574468085,2.0,0.006436103417523419
3334,2020-09-13,Chautauqua,1,516,140,50556,0.007142857142857143,2.0,0.006780194542345442
3335,2020-09-14,Chautauqua,7,523,420,50976,0.016666666666666666,3.0,0.007625605170364765
3336,2020-09-15,Chautauqua,4,527,630,51606,0.006349206349206349,3.0,0.007805447222127999
3337,2020-09-16,Chautauqua,6,533,536,52142,0.011194029850746268,2.0,0.0067182283300654
3338,2020-09-17,Chautauqua,2,535,463,52605,0.004319654427645789,2.0,0.006310699170851415
3339,2020-09-18,Chautauqua,1,536,387,52992,0.002583979328165375,2.0,0.004966642107854889
3340,2020-09-19,Chautauqua,1,537,388,53380,0.002577319587628866,1.0,0.0036309795252083186
3341,2020-09-20,Chautauqua,4,541,451,53831,0.008869179600886918,1.0,0.0037542882722104453
3342,2020-09-21,Chautauqua,6,547,607,54438,0.009884678747940691,1.0,0.0032698605637300183
3343,2020-09-22,Chautauqua,4,551,530,54968,0.007547169811320755,1.0,0.0033554293824524756
3344,2020-09-23,Chautauqua,3,554,276,55244,0.010869565217391304,1.0,0.003332253337212835
3345,2020-09-24,Chautauqua,7,561,762,56006,0.009186351706036745,1.0,0.0036798745713836176
3346,2020-09-25,Chautauqua,7,568,502,56508,0.013944223107569721,2.0,0.004491320555626786
3347,2020-09-26,Chautauqua,5,573,608,57116,0.008223684210526315,2.0,0.004894632314405174
3348,2020-09-27,Chautauqua,5,578,343,57459,0.014577259475218658,2.0,0.005302352305428871
3349,2020-09-28,Chautauqua,7,585,774,58233,0.00904392764857881,2.0,0.005242298655474451
3350,2020-09-29,Chautauqua,5,590,486,58719,0.0102880658436214,2.0,0.005438076943495925
3351,2020-09-30,Chautauqua,12,602,600,59319,0.02,3.0,0.006090250856539402
3352,2020-10-01,Chautauqua,2,604,588,59907,0.003401360544217687,3.0,0.005677037202123757
3353,2020-10-02,Chautauqua,7,611,1057,60964,0.006622516556291391,3.0,0.005154058162746733
3354,2020-10-03,Chautauqua,18,629,759,61723,0.023715415019762844,4.0,0.006260610363406485
3355,2020-10-04,Chautauqua,3,632,390,62113,0.007692307692307693,3.0,0.005768828093198558
3356,2020-10-05,Chautauqua,4,636,278,62391,0.014388489208633094,3.0,0.006150582490345293
3357,2020-10-06,Chautauqua,5,641,423,62814,0.01182033096926714,3.0,0.00626002999931999
3358,2020-10-07,Chautauqua,15,656,695,63509,0.02158273381294964,3.0,0.006373082414530678
3359,2020-10-08,Chautauqua,12,668,620,64129,0.01935483870967742,4.0,0.0075126165692063745
3360,2020-10-09,Chautauqua,14,682,927,65056,0.015102481121898598,5.0,0.008118328323892603
3361,2020-10-10,Chautauqua,9,691,1167,66223,0.007712082262210797,4.0,0.006975233126924599
3362,2020-10-11,Chautauqua,4,695,288,66511,0.013888888888888888,4.0,0.007417846069537542
3363,2020-10-12,Chautauqua,37,732,413,66924,0.08958837772397095,6.0,0.012789266677775957
3364,2020-10-13,Chautauqua,16,748,406,67330,0.03940886699507389,7.0,0.014759876393905013
3365,2020-10-14,Chautauqua,10,758,285,67615,0.03508771929824561,7.0,0.015724518214283296
3366,2020-10-15,Chautauqua,13,771,640,68255,0.0203125,7.0,0.015792922592163482
3367,2020-10-16,Chautauqua,18,789,548,68803,0.032846715328467155,7.0,0.017060367892632666
3368,2020-10-17,Chautauqua,7,796,368,69171,0.019021739130434784,7.0,0.017868200526077235
3369,2020-10-18,Chautauqua,3,799,513,69684,0.005847953216374269,7.0,0.017293847978040476
3370,2020-10-19,Chautauqua,6,805,558,70242,0.010752688172043012,5.0,0.011662727295759909
3371,2020-10-20,Chautauqua,40,845,540,70782,0.07407407407407407,6.0,0.014138813515688494
3372,2020-10-21,Chautauqua,13,858,932,71714,0.013948497854077254,7.0,0.012628869126819325
3373,2020-10-22,Chautauqua,10,868,488,72202,0.020491803278688523,6.0,0.012641676503868505
3374,2020-10-23,Chautauqua,9,877,910,73112,0.00989010989010989,6.0,0.01100191897255727
3375,2020-10-24,Chautauqua,7,884,769,73881,0.009102730819245773,6.0,0.010293418378900913
3376,2020-10-25,Chautauqua,3,887,433,74314,0.006928406466512702,6.0,0.01037059361105366
3377,2020-10-26,Chautauqua,18,905,793,75107,0.02269861286254729,7.0,0.011223873946089678
3378,2020-10-27,Chautauqua,19,924,622,75729,0.03054662379421222,5.0,0.008114770354670975
3379,2020-10-28,Chautauqua,31,955,1345,77074,0.023048327137546468,6.0,0.008764758160633062
3380,2020-10-29,Chautauqua,21,976,691,77765,0.030390738060781478,7.0,0.009471824930782557
3381,2020-10-30,Chautauqua,18,994,671,78436,0.026825633383010434,8.0,0.010681505180275457
3382,2020-10-31,Chautauqua,23,1017,950,79386,0.024210526315789474,9.0,0.011760633430028576
3383,2020-11-01,Chautauqua,6,1023,706,80092,0.0084985835694051,9.0,0.011872788937378033
3384,2020-11-02,Chautauqua,17,1040,639,80731,0.026604068857589983,9.0,0.012151750079881082
3385,2020-11-03,Chautauqua,11,1051,528,81259,0.020833333333333332,9.0,0.011457943618389735
3386,2020-11-04,Chautauqua,30,1081,1009,82268,0.02973240832507433,9.0,0.011935377988927437
3387,2020-11-05,Chautauqua,13,1094,1187,83455,0.010951979780960405,8.0,0.010546895254654505
3388,2020-11-06,Chautauqua,9,1103,919,84374,0.009793253536452665,7.0,0.00933029669418609
3389,2020-11-07,Chautauqua,11,1114,1006,85380,0.010934393638170975,6.0,0.008382001502927627
3390,2020-11-08,Chautauqua,4,1118,261,85641,0.01532567049808429,6.0,0.008869650569261856
3391,2020-11-09,Chautauqua,18,1136,574,86215,0.0313588850174216,6.0,0.009209280294964114
3392,2020-11-10,Chautauqua,25,1161,1816,88031,0.013766519823788546,7.0,0.008704507901425202
3393,2020-11-11,Chautauqua,26,1187,1245,89276,0.020883534136546186,7.0,0.008072445459387477
3394,2020-11-12,Chautauqua,23,1210,3147,92423,0.0073085478233238,8.0,0.00781220031955629
3395,2020-11-13,Chautauqua,24,1234,2006,94429,0.011964107676969093,9.0,0.007967261329593179
3396,2020-11-14,Chautauqua,5,1239,300,94729,0.016666666666666666,8.0,0.008376709403057157
3397,2020-11-15,Chautauqua,9,1248,515,95244,0.017475728155339806,9.0,0.008530284950003977
3398,2020-11-16,Chautauqua,17,1265,709,95953,0.023977433004231313,9.0,0.008003038377633243
3399,2020-11-17,Chautauqua,39,1304,1817,97770,0.02146395156851954,10.0,0.008552854930828314
3400,2020-11-18,Chautauqua,12,1316,769,98539,0.015604681404421327,9.0,0.008175794021390823
3401,2020-11-19,Chautauqua,35,1351,1291,99830,0.027110766847405113,10.0,0.009590238237396633
3402,2020-11-20,Chautauqua,11,1362,608,100438,0.018092105263157895,9.0,0.010027952350695831
3403,2020-11-21,Chautauqua,30,1392,970,101408,0.030927835051546393,10.0,0.011046607235330099
3404,2020-11-22,Chautauqua,11,1403,400,101808,0.0275,11.0,0.011762626652805825
3405,2020-11-23,Chautauqua,11,1414,433,102241,0.025404157043879907,10.0,0.011864535512780728
3406,2020-11-24,Chautauqua,35,1449,1313,103554,0.026656511805026657,10.0,0.012235432672531235
3407,2020-11-25,Chautauqua,31,1480,833,104387,0.03721488595438175,11.0,0.013779018711814124
3408,2020-11-26,Chautauqua,36,1516,977,105364,0.0368474923234391,11.0,0.014474499102959408
3409,2020-11-27,Chautauqua,23,1539,197,105561,0.116751269035533,12.0,0.02152158222955763
3410,2020-11-28,Chautauqua,23,1562,516,106077,0.044573643410852716,12.0,0.022496282826650938
3411,2020-11-29,Chautauqua,18,1580,520,106597,0.03461538461538462,12.0,0.023004524584892695
3412,2020-11-30,Chautauqua,29,1609,509,107106,0.05697445972495088,13.0,0.025259546204969195
3413,2020-12-01,Chautauqua,22,1631,821,107927,0.02679658952496955,13.0,0.02526955175639369
3414,2020-12-02,Chautauqua,61,1692,988,108915,0.06174089068825911,15.0,0.027021409237384924
3415,2020-12-03,Chautauqua,85,1777,1592,110507,0.05339195979899498,18.0,0.02820315691421035
3416,2020-12-04,Chautauqua,64,1841,1151,111658,0.05560382276281494,21.0,0.02383548218044477
3417,2020-12-05,Chautauqua,52,1893,683,112341,0.07613469985358712,23.0,0.026089843354925795
3418,2020-12-06,Chautauqua,24,1917,311,112652,0.07717041800643087,24.0,0.02912948859714339
3419,2020-12-07,Chautauqua,43,1960,1015,113667,0.042364532019704436,25.0,0.028085922332482926
3420,2020-12-08,Chautauqua,67,2027,633,114300,0.10584518167456557,28.0,0.03373225034316836
3421,2020-12-09,Chautauqua,72,2099,1125,115425,0.064,29.0,0.033893615294006994
3422,2020-12-10,Chautauqua,121,2220,846,116271,0.1430260047281324,31.0,0.04029604707465967
3423,2020-12-11,Chautauqua,51,2271,869,117140,0.05868814729574223,30.0,0.04051635596986875
3424,2020-12-12,Chautauqua,52,2323,632,117772,0.08227848101265822,30.0,0.040955197481230984
3425,2020-12-13,Chautauqua,42,2365,318,118090,0.1320754716981132,32.0,0.04487698703063686
3426,2020-12-14,Chautauqua,58,2423,716,118806,0.08100558659217877,33.0,0.047637062357242174
3427,2020-12-15,Chautauqua,35,2458,408,119214,0.0857843137254902,30.0,0.0462041432180225
3428,2020-12-16,Chautauqua,38,2496,1290,120504,0.02945736434108527,28.0,0.0437368120995286
3429,2020-12-17,Chautauqua,128,2624,1015,121519,0.12610837438423644,28.0,0.04252840993210745
3430,2020-12-18,Chautauqua,96,2720,1554,123073,0.06177606177606178,32.0,0.04274897525213028
3431,2020-12-19,Chautauqua,50,2770,1350,124423,0.037037037037037035,31.0,0.03951744353958591
3432,2020-12-20,Chautauqua,53,2823,487,124910,0.10882956878850103,32.0,0.03785702190318504
3433,2020-12-21,Chautauqua,47,2870,188,125098,0.25,31.0,0.04992805143231512
3434,2020-12-22,Chautauqua,47,2917,1037,126135,0.04532304725168756,32.0,0.047037960969900657
3435,2020-12-23,Chautauqua,70,2987,924,127059,0.07575757575757576,35.0,0.050345118928221404
3436,2020-12-24,Chautauqua,113,3100,1066,128125,0.10600375234521577,34.0,0.04890907449686278
3437,2020-12-25,Chautauqua,62,3162,686,128811,0.09037900874635568,31.0,0.05095214213759806
3438,2020-12-26,Chautauqua,13,3175,270,129081,0.04814814814814815,28.0,0.051745792931248855
3439,2020-12-27,Chautauqua,86,3261,350,129431,0.24571428571428572,31.0,0.061523272711662046
3440,2020-12-28,Chautauqua,76,3337,787,130218,0.096569250317662,33.0,0.05056393344863791
3441,2020-12-29,Chautauqua,67,3404,475,130693,0.14105263157894737,34.0,0.057401760900585026
3442,2020-12-30,Chautauqua,114,3518,1273,131966,0.08955223880597014,37.0,0.05838709397547034
3443,2020-12-31,Chautauqua,107,3625,1006,132972,0.10636182902584493,37.0,0.058412670881229575
3444,2021-01-01,Chautauqua,96,3721,1329,134301,0.07223476297968397,39.0,0.05711665332646731
3445,2021-01-02,Chautauqua,64,3785,410,134711,0.15609756097560976,43.0,0.064827325671286
3446,2021-01-03,Chautauqua,130,3915,663,135374,0.19607843137254902,46.0,0.06128190750401909
3447,2021-01-04,Chautauqua,102,4017,432,135806,0.2361111111111111,48.0,0.07124918327497974
3448,2021-01-05,Chautauqua,109,4126,694,136500,0.15706051873198848,51.0,0.07239260378591125
3449,2021-01-06,Chautauqua,61,4187,1432,137932,0.04259776536312849,47.0,0.06903871282570827
3450,2021-01-07,Chautauqua,240,4427,1256,139188,0.1910828025477707,57.0,0.07509021093441724
3451,2021-01-08,Chautauqua,134,4561,1256,140444,0.10668789808917198,60.0,0.07755114915652353
3452,2021-01-09,Chautauqua,147,4708,1158,141602,0.12694300518134716,65.0,0.07546868088550478
3453,2021-01-10,Chautauqua,99,4807,923,142525,0.10725893824485373,63.0,0.06912443137638369
3454,2021-01-11,Chautauqua,119,4926,933,143458,0.12754555198285103,64.0,0.06136974858150797
3455,2021-01-12,Chautauqua,78,5004,558,144016,0.13978494623655913,62.0,0.06013577911754874
3456,2021-01-13,Chautauqua,87,5091,1131,145147,0.07692307692307693,64.0,0.06258758708611648
3457,2021-01-14,Chautauqua,130,5221,1271,146418,0.1022816679779701,56.0,0.0562446489025593
3458,2021-01-15,Chautauqua,129,5350,1036,147454,0.12451737451737452,56.0,0.05751818293314519
3459,2021-01-16,Chautauqua,110,5460,1476,148930,0.07452574525745258,53.0,0.053774092938581285
3460,2021-01-17,Chautauqua,81,5541,716,149646,0.11312849162011174,52.0,0.05419334675109972
3461,2021-01-18,Chautauqua,60,5601,630,150276,0.09523809523809523,48.0,0.051885671269331454
3462,2021-01-19,Chautauqua,59,5660,784,151060,0.07525510204081633,46.0,0.04727639668392125
3463,2021-01-20,Chautauqua,82,5742,1180,152240,0.06949152542372881,46.0,0.046745571576824956
3464,2021-01-21,Chautauqua,102,5844,1041,153281,0.09798270893371758,44.0,0.04643850307366405
3465,2021-01-22,Chautauqua,103,5947,859,154140,0.119906868451688,42.0,0.04610918121182931
3466,2021-01-23,Chautauqua,66,6013,1570,155710,0.04203821656050955,39.0,0.04378864344776195
3467,2021-01-24,Chautauqua,40,6053,783,156493,0.05108556832694764,36.0,0.0393570060696788
3468,2021-01-25,Chautauqua,43,6096,656,157149,0.06554878048780488,35.0,0.037236340730372346
3469,2021-01-26,Chautauqua,84,6180,956,158105,0.08786610878661087,37.0,0.03813712692650052
3470,2021-01-27,Chautauqua,99,6279,1331,159436,0.0743801652892562,38.0,0.038486315488323916
3471,2021-01-28,Chautauqua,62,6341,1077,160513,0.057567316620241414,35.0,0.03559950175164704
3472,2021-01-29,Chautauqua,50,6391,981,161494,0.0509683995922528,31.0,0.03067532540454453
3473,2021-01-30,Chautauqua,90,6481,2459,163953,0.036600244001626675,33.0,0.030286898793195748
3474,2021-01-31,Chautauqua,33,6514,395,164348,0.08354430379746836,32.0,0.03260537989823294
3475,2021-02-01,Chautauqua,46,6560,443,164791,0.1038374717832957,33.0,0.03534028641933943
3476,2021-02-02,Chautauqua,36,6596,766,165557,0.04699738903394256,29.0,0.03242109215129169
3477,2021-02-03,Chautauqua,71,6667,1267,166824,0.056037884767166535,27.0,0.031110929256856715
3478,2021-02-04,Chautauqua,69,6736,1273,168097,0.05420267085624509,28.0,0.030870597416571267
3479,2021-02-05,Chautauqua,46,6782,1239,169336,0.03712671509281679,27.0,0.029881905666611554
3480,2021-02-06,Chautauqua,37,6819,784,170120,0.047193877551020405,24.0,0.030638593777282532
3481,2021-02-07,Chautauqua,27,6846,646,170766,0.04179566563467492,23.0,0.027656548194225857
3482,2021-02-08,Chautauqua,14,6860,318,171084,0.0440251572327044,21.0,0.023384240012040765
3483,2021-02-09,Chautauqua,49,6909,1515,172599,0.03234323432343234,22.0,0.022337514675575747
3484,2021-02-10,Chautauqua,31,6940,2663,175262,0.011641006383777694,19.0,0.01916630907676226
3485,2021-02-11,Chautauqua,33,6973,788,176050,0.04187817258883249,16.0,0.018285987771947072
3486,2021-02-12,Chautauqua,31,7004,1632,177682,0.018995098039215685,15.0,0.016990872268118424
3487,2021-02-13,Chautauqua,40,7044,3020,180702,0.013245033112582781,16.0,0.014565954808230022
3488,2021-02-14,Chautauqua,14,7058,357,181059,0.0392156862745098,15.0,0.014381670568218227
3489,2021-02-15,Chautauqua,13,7071,344,181403,0.0377906976744186,15.0,0.013936352028340671
3490,2021-02-16,Chautauqua,16,7087,1123,182526,0.014247551202137132,12.0,0.012643803233962442
3491,2021-02-17,Chautauqua,35,7122,962,183488,0.036382536382536385,13.0,0.014411055376730918
3492,2021-02-18,Chautauqua,18,7140,2448,185936,0.007352941176470588,11.0,0.01194496741870507
3493,2021-02-19,Chautauqua,12,7152,2963,188899,0.004049949375632805,10.0,0.010877456799877722
3494,2021-02-20,Chautauqua,33,7185,2031,190930,0.01624815361890694,10.0,0.011091965407472303
3495,2021-02-21,Chautauqua,12,7197,786,191716,0.015267175572519083,9.0,0.009381357500187251
3496,2021-02-22,Chautauqua,4,7201,225,191941,0.017777777777777778,9.0,0.007951863221855765
3497,2021-02-23,Chautauqua,12,7213,1055,192996,0.011374407582938388,9.0,0.007746638677627283
3498,2021-02-24,Chautauqua,44,7257,2453,195449,0.017937219730941704,9.0,0.006429116059656235
3499,2021-02-25,Chautauqua,11,7268,2430,197879,0.004526748971193415,9.0,0.006227245187850722
3500,2021-02-26,Chautauqua,20,7288,2111,199990,0.009474182851729039,9.0,0.00661469043614331
3501,2021-02-27,Chautauqua,33,7321,2340,202330,0.014102564102564103,9.0,0.006461434042118822
3502,2021-02-28,Chautauqua,15,7336,574,202904,0.02613240418118467,9.0,0.007237521799880651
3503,2021-03-01,Chautauqua,5,7341,132,203036,0.03787878787878788,10.0,0.008673308235667086
3504,2021-03-02,Chautauqua,20,7361,1555,204591,0.012861736334405145,10.0,0.008779546003628997
3505,2021-03-03,Chautauqua,18,7379,1729,206320,0.010410641989589358,8.0,0.008241933307818116
3506,2021-03-04,Chautauqua,23,7402,2080,208400,0.011057692307692308,9.0,0.00870842926042518
3507,2021-03-05,Chautauqua,23,7425,1434,209834,0.01603905160390516,9.0,0.009177348457009188
3508,2021-03-06,Chautauqua,18,7443,2814,212648,0.006396588486140725,8.0,0.008626921627264661
3509,2021-03-07,Chautauqua,12,7455,281,212929,0.042704626334519574,8.0,0.009810651781074296
3510,2021-03-08,Chautauqua,21,7476,1001,213930,0.02097902097902098,9.0,0.008603525573948088
3511,2021-03-09,Chautauqua,10,7486,2272,216202,0.0044014084507042256,8.0,0.007999216439398023
3512,2021-03-10,Chautauqua,8,7494,2168,218370,0.0036900369003690036,8.0,0.007519173218739426
3513,2021-03-11,Chautauqua,23,7517,1997,220367,0.011517275913870806,8.0,0.007552000619180747
3514,2021-03-12,Chautauqua,10,7527,1943,222310,0.0051466803911477095,7.0,0.006773974103983787
3515,2021-03-13,Chautauqua,11,7538,2428,224738,0.004530477759472817,6.0,0.006640680480650365
3516,2021-03-14,Chautauqua,24,7562,532,225270,0.045112781954887216,7.0,0.0068126915963909115
3517,2021-03-15,Chautauqua,20,7582,219,225489,0.091324200913242,7.0,0.011837347305978128
3518,2021-03-16,Chautauqua,16,7598,1755,227244,0.009116809116809116,8.0,0.012174161639271335
3519,2021-03-17,Chautauqua,37,7635,1915,229159,0.019321148825065273,10.0,0.013290669633892497
3520,2021-03-18,Chautauqua,25,7660,1827,230986,0.013683634373289545,10.0,0.013445409523850978
3521,2021-03-19,Chautauqua,21,7681,1989,232975,0.010558069381598794,11.0,0.013831937308883198
3522,2021-03-20,Chautauqua,29,7710,2380,235355,0.012184873949579832,12.0,0.014378679893890842
3523,2021-03-21,Chautauqua,10,7720,512,235867,0.01953125,11.0,0.012551427611398897
3524,2021-03-22,Chautauqua,22,7742,441,236308,0.049886621315192746,11.0,0.009591600497252523
3525,2021-03-23,Chautauqua,14,7756,1489,237797,0.009402283411685695,11.0,0.009611991518315136
3526,2021-03-24,Chautauqua,36,7792,3991,241788,0.009020295665246805,11.0,0.008876216292613816
3527,2021-03-25,Chautauqua,25,7817,3293,245081,0.007591861524445794,11.0,0.008441089660553546
3528,2021-03-26,Chautauqua,17,7834,1168,246249,0.014554794520547944,10.0,0.008726570027621344
3529,2021-03-27,Chautauqua,20,7854,1608,247857,0.012437810945273632,10.0,0.008744636955885187
3530,2021-03-28,Chautauqua,13,7867,820,248677,0.015853658536585366,10.0,0.00848195185135557
3531,2021-03-29,Chautauqua,35,7902,518,249195,0.06756756756756757,11.0,0.009744876583668058
3532,2021-03-30,Chautauqua,25,7927,1881,251076,0.013290802764486975,12.0,0.010022627966011008
3533,2021-03-31,Chautauqua,23,7950,919,251995,0.025027203482045703,11.0,0.011165978524353786
3534,2021-04-01,Chautauqua,20,7970,3492,255487,0.0057273768613974796,10.0,0.011032801048421761
3535,2021-04-02,Chautauqua,18,7988,964,256451,0.01867219917012448,11.0,0.011326901380534373
3536,2021-04-03,Chautauqua,12,8000,1230,257681,0.00975609756097561,10.0,0.011135350424513083
3537,2021-04-04,Chautauqua,50,8050,411,258092,0.12165450121654502,13.0,0.01869255347308163
3538,2021-04-05,Chautauqua,9,8059,437,258529,0.020594965675057208,11.0,0.015337367623616606
3539,2021-04-06,Chautauqua,18,8077,862,259391,0.02088167053364269,10.0,0.015879572464270585
3540,2021-04-07,Chautauqua,22,8099,1146,260537,0.019197207678883072,10.0,0.015463144192616112
3541,2021-04-08,Chautauqua,24,8123,1736,262273,0.013824884792626729,10.0,0.01604153761627534
3542,2021-04-09,Chautauqua,26,8149,716,262989,0.036312849162011177,11.0,0.01730158404426725
3543,2021-04-10,Chautauqua,29,8178,1517,264506,0.01911667765326302,12.0,0.017970196908002063
3544,2021-04-11,Chautauqua,27,8205,703,265209,0.03840682788051209,11.0,0.012023934526856853
3545,2021-04-12,Chautauqua,22,8227,342,265551,0.06432748538011696,12.0,0.015147685934361122
3546,2021-04-13,Chautauqua,29,8256,1784,267335,0.016255605381165918,12.0,0.014817252709184213
3547,2021-04-14,Chautauqua,48,8304,2810,270145,0.01708185053380783,14.0,0.014666155770250267
3548,2021-04-15,Chautauqua,24,8328,1155,271300,0.02077922077922078,14.0,0.015162894055006985
3549,2021-04-16,Chautauqua,50,8378,1333,272633,0.037509377344336084,16.0,0.015248360353744477
3550,2021-04-17,Chautauqua,41,8419,1824,274457,0.022478070175438597,17.0,0.01548845981961416
3551,2021-04-18,Chautauqua,9,8428,408,274865,0.022058823529411766,15.0,0.014320745223106996
3552,2021-04-19,Chautauqua,13,8441,198,275063,0.06565656565656566,15.0,0.01441567952856762
3553,2021-04-20,Chautauqua,18,8459,1786,276849,0.010078387458006719,14.0,0.01397444967691339
3554,2021-04-21,Chautauqua,30,8489,1275,278124,0.023529411764705882,13.0,0.014434989764834677
3555,2021-04-22,Chautauqua,15,8504,1521,279645,0.009861932938856016,12.0,0.013655183490522907
3556,2021-04-23,Chautauqua,11,8515,538,280183,0.020446096654275093,9.0,0.012436377726947124
3557,2021-04-24,Chautauqua,16,8531,1342,281525,0.011922503725782414,8.0,0.011682408694828825
3558,2021-04-25,Chautauqua,5,8536,905,282430,0.0055248618784530384,7.0,0.010501411434046062
3559,2021-04-26,Chautauqua,9,8545,277,282707,0.032490974729241874,7.0,0.008132440653522931
3560,2021-04-27,Chautauqua,17,8562,561,283268,0.030303030303030304,7.0,0.009577057999596045
3561,2021-04-28,Chautauqua,27,8589,1323,284591,0.02040816326530612,7.0,0.009354111678210347
3562,2021-04-29,Chautauqua,30,8619,1029,285620,0.029154518950437316,8.0,0.010732153536180442
3563,2021-04-30,Chautauqua,16,8635,1416,287036,0.011299435028248588,8.0,0.010078820562892832
3564,2021-05-01,Chautauqua,6,8641,805,287841,0.007453416149068323,7.0,0.009759600021698967
3565,2021-05-02,Chautauqua,15,8656,300,288141,0.05,8.0,0.012936395601809467
3566,2021-05-03,Chautauqua,14,8670,510,288651,0.027450980392156862,8.0,0.012576396006303392
3567,2021-05-04,Chautauqua,12,8682,416,289067,0.028846153846153848,8.0,0.012472333402240788
3568,2021-05-05,Chautauqua,13,8695,1247,290314,0.010425020048115477,7.0,0.011759251743870032
3569,2021-05-06,Chautauqua,8,8703,668,290982,0.011976047904191617,6.0,0.010532218097709625
3570,2021-05-07,Chautauqua,11,8714,1907,292889,0.0057682223387519665,5.0,0.010137131477031294
3571,2021-05-08,Chautauqua,22,8736,738,293627,0.02981029810298103,6.0,0.011734051616596486
3572,2021-05-09,Chautauqua,7,8743,592,294219,0.011824324324324325,6.0,0.009007217639762508
3573,2021-05-10,Chautauqua,6,8749,162,294381,0.037037037037037035,5.0,0.009691935971539663
3574,2021-05-11,Chautauqua,18,8767,621,295002,0.028985507246376812,6.0,0.009701889785841303
3575,2021-05-12,Chautauqua,9,8776,1269,296271,0.0070921985815602835,5.0,0.00946383110965879
3576,2021-05-13,Chautauqua,12,8788,977,297248,0.012282497441146366,6.0,0.009485720362298417
3577,2021-05-14,Chautauqua,19,8807,1342,298590,0.014157973174366617,6.0,0.010084988279128033
3578,2021-05-15,Chautauqua,7,8814,493,299083,0.014198782961460446,5.0,0.008969880054733705
3579,2021-05-16,Chautauqua,6,8820,396,299479,0.015151515151515152,5.0,0.009207536542390192
3580,2021-05-17,Chautauqua,2,8822,523,300002,0.0038240917782026767,5.0,0.006835183309616312
3581,2021-05-18,Chautauqua,12,8834,422,300424,0.02843601895734597,4.0,0.006795934146114108
3582,2021-05-19,Chautauqua,5,8839,1052,301476,0.004752851711026616,4.0,0.006628837941075989
3583,2021-05-20,Chautauqua,10,8849,1002,302478,0.00998003992015968,4.0,0.006464376689576941
3584,2021-05-21,Chautauqua,12,8861,635,303113,0.01889763779527559,3.0,0.006802924162499009
3585,2021-05-22,Chautauqua,4,8865,526,303639,0.0076045627376425855,3.0,0.006331908432226305
3586,2021-05-23,Chautauqua,8,8873,638,304277,0.012539184952978056,3.0,0.006145313418045083
3587,2021-05-24,Chautauqua,15,8888,106,304383,0.14150943396226415,4.0,0.01597998071690662
3588,2021-05-25,Chautauqua,9,8897,422,304805,0.02132701421800948,4.0,0.015472194664096871
3589,2021-05-26,Chautauqua,3,8900,670,305475,0.004477611940298508,4.0,0.015452534680473433
3590,2021-05-27,Chautauqua,3,8903,757,306232,0.003963011889035667,3.0,0.015022746963964575
3591,2021-05-28,Chautauqua,7,8910,470,306702,0.014893617021276596,3.0,0.014736745480107505
3592,2021-05-29,Chautauqua,7,8917,809,307511,0.00865265760197775,3.0,0.014811609398988587
3593,2021-05-30,Chautauqua,1,8918,89,307600,0.011235955056179775,3.0,0.01471852154921728
3594,2021-05-31,Chautauqua,0,8918,42,307642,0.0,2.0,0.004610704837626984
3595,2021-06-01,Chautauqua,1,8919,242,307884,0.004132231404958678,1.0,0.003382506065266212
3596,2021-06-02,Chautauqua,2,8921,762,308646,0.0026246719160104987,1.0,0.0032501532063884974
3597,2021-06-03,Chautauqua,3,8924,586,309232,0.005119453924914676,1.0,0.0033327562089512834
3598,2021-06-04,Chautauqua,7,8931,768,310000,0.009114583333333334,1.0,0.0029199680883839085
3599,2021-06-05,Chautauqua,0,8931,497,310497,0.0,1.0,0.0023019211168140686
3600,2021-06-06,Chautauqua,5,8936,320,310817,0.015625,1.0,0.002615424327086942
3601,2021-06-07,Chautauqua,2,8938,727,311544,0.002751031636863824,1.0,0.002811926586862929
3602,2021-06-08,Chautauqua,2,8940,355,311899,0.005633802816901409,1.0,0.0029191816877159817
3603,2021-06-09,Chautauqua,5,8945,736,312635,0.006793478260869565,1.0,0.003216953569491629
3604,2021-06-10,Chautauqua,3,8948,492,313127,0.006097560975609756,1.0,0.0032868183588269924
3605,2021-06-11,Chautauqua,1,8949,763,313890,0.001310615989515072,1.0,0.0027293921199828303
3606,2021-06-12,Chautauqua,1,8950,241,314131,0.004149377593360996,1.0,0.00302577623379433
3607,2021-06-13,Chautauqua,1,8951,491,314622,0.002036659877800407,1.0,0.0020551805107800734
3608,2021-06-14,Chautauqua,0,8951,136,314758,0.0,0.0,0.0018586782510040861
3609,2021-06-15,Chautauqua,1,8952,205,314963,0.004878048780487805,0.0,0.0018046958198316859
3610,2021-06-16,Chautauqua,4,8956,378,315341,0.010582010582010581,0.0,0.0020753052713417585
3611,2021-06-17,Chautauqua,1,8957,402,315743,0.0024875621890547263,0.0,0.0018174482151592562
3612,2021-06-18,Chautauqua,1,8958,206,315949,0.0048543689320388345,0.0,0.0020705734253395254
3613,2021-06-19,Chautauqua,0,8958,214,316163,0.0,0.0,0.0017741893115280256
3614,2021-06-20,Chautauqua,1,8959,247,316410,0.004048582995951417,0.0,0.001917898105681669
3615,2021-06-21,Chautauqua,0,8959,209,316619,0.0,0.0,0.001917898105681669
3616,2021-06-22,Chautauqua,0,8959,177,316796,0.0,0.0,0.00156946604993254
3617,2021-06-23,Chautauqua,0,8959,259,317055,0.0,0.0,0.0008136081512174984
3618,2021-06-24,Chautauqua,0,8959,371,317426,0.0,0.0,0.0006359251377135894
3619,2021-06-25,Chautauqua,0,8959,272,317698,0.0,0.0,0.0002891844997108155
3620,2021-06-26,Chautauqua,2,8961,198,317896,0.010101010101010102,0.0,0.001010685221211537
3621,2021-06-27,Chautauqua,0,8961,145,318041,0.0,0.0,0.0007215007215007216
3622,2021-06-28,Chautauqua,0,8961,87,318128,0.0,0.0,0.0007215007215007216
3623,2021-06-29,Chautauqua,1,8962,191,318319,0.005235602094240838,0.0,0.0010954722996607813
3624,2021-06-30,Chautauqua,1,8963,229,318548,0.004366812227074236,0.0,0.0014073874587375126
3625,2021-07-01,Chautauqua,1,8964,333,318881,0.003003003003003003,0.0,0.0016218876732377269
3626,2021-07-02,Chautauqua,1,8965,226,319107,0.004424778761061947,0.0,0.001937943299027866
3627,2021-07-03,Chautauqua,1,8966,146,319253,0.00684931506849315,0.0,0.0017056793681337978
3628,2021-07-04,Chautauqua,0,8966,214,319467,0.0,0.0,0.0017056793681337978
3629,2021-07-05,Chautauqua,0,8966,103,319570,0.0,0.0,0.0017056793681337978
3630,2021-07-06,Chautauqua,0,8966,191,319761,0.0,0.0,0.0013317077899737382
3631,2021-07-07,Chautauqua,1,8967,332,320093,0.0030120481927710845,0.0,0.0012349389303806559
3632,2021-07-08,Chautauqua,3,8970,211,320304,0.014218009478672985,0.0,0.0020360108214999405
3633,2021-07-09,Chautauqua,1,8971,353,320657,0.0028328611898017,0.0,0.00192230242355278
3634,2021-07-10,Chautauqua,0,8971,224,320881,0.0,0.0,0.0014330656329461264
3635,2021-07-11,Chautauqua,0,8971,142,321023,0.0,0.0,0.0014330656329461264
3636,2021-07-12,Chautauqua,2,8973,58,321081,0.034482758620689655,0.0,0.003896119820138245
3637,2021-07-13,Chautauqua,2,8975,118,321199,0.01694915254237288,0.0,0.005106773573164879
3638,2021-07-14,Chautauqua,0,8975,276,321475,0.0,0.0,0.00489162727368123
3639,2021-07-15,Chautauqua,2,8977,163,321638,0.012269938650306749,0.0,0.004752479357369356
3640,2021-07-16,Chautauqua,0,8977,105,321743,0.0,0.0,0.0045501321295263785
3641,2021-07-17,Chautauqua,4,8981,214,321957,0.018691588785046728,0.0,0.005885245614172572
3642,2021-07-18,Chautauqua,1,8982,47,322004,0.02127659574468085,0.0,0.007405002453078347
3643,2021-07-19,Chautauqua,0,8982,117,322121,0.0,0.0,0.0049419482658862295
3644,2021-07-20,Chautauqua,2,8984,118,322239,0.01694915254237288,0.0,0.0049419482658862295
3645,2021-07-21,Chautauqua,2,8986,112,322351,0.017857142857142856,0.0,0.006217458469967863
3646,2021-07-22,Chautauqua,3,8989,201,322552,0.014925373134328358,0.0,0.006407132361683692
3647,2021-07-23,Chautauqua,1,8990,66,322618,0.015151515151515152,0.0,0.007489383443934774
3648,2021-07-24,Chautauqua,0,8990,168,322786,0.0,0.0,0.006154269959288579
3649,2021-07-25,Chautauqua,3,8993,47,322833,0.06382978723404255,0.0,0.00919378363710013
3650,2021-07-26,Chautauqua,4,8997,161,322994,0.024844720496894408,1.0,0.010968406529735445
3651,2021-07-27,Chautauqua,3,9000,131,323125,0.022900763358778626,1.0,0.011393521588050138
3652,2021-07-28,Chautauqua,4,9004,186,323311,0.021505376344086023,1.0,0.011654109694260364
3653,2021-07-29,Chautauqua,4,9008,235,323546,0.01702127659574468,1.0,0.011803817084361531
3654,2021-07-30,Chautauqua,2,9010,117,323663,0.017094017094017096,1.0,0.011942567223111671
3655,2021-07-31,Chautauqua,4,9014,156,323819,0.02564102564102564,1.0,0.0137740690546135
3656,2021-08-01,Chautauqua,1,9015,45,323864,0.022222222222222223,1.0,0.010802100125197764
3657,2021-08-02,Chautauqua,9,9024,172,324036,0.05232558139534884,1.0,0.012765018760801652
3658,2021-08-03,Chautauqua,8,9032,212,324248,0.03773584905660377,2.0,0.013824667739217733
3659,2021-08-04,Chautauqua,9,9041,270,324518,0.03333333333333333,2.0,0.014669521809878254
3660,2021-08-05,Chautauqua,5,9046,226,324744,0.022123893805309734,2.0,0.01503399446770433
3661,2020-03-01,Chemung,0,0,0,0,,,
3662,2020-03-02,Chemung,0,0,0,0,,,
3663,2020-03-03,Chemung,0,0,0,0,,,
3664,2020-03-04,Chemung,0,0,0,0,,,
3665,2020-03-05,Chemung,0,0,0,0,,,
3666,2020-03-06,Chemung,0,0,0,0,,,
3667,2020-03-07,Chemung,0,0,0,0,,0.0,
3668,2020-03-08,Chemung,0,0,0,0,,0.0,
3669,2020-03-09,Chemung,0,0,0,0,,0.0,
3670,2020-03-10,Chemung,0,0,1,1,0.0,0.0,
3671,2020-03-11,Chemung,0,0,0,1,,0.0,
3672,2020-03-12,Chemung,0,0,0,1,,0.0,
3673,2020-03-13,Chemung,0,0,0,1,,0.0,
3674,2020-03-14,Chemung,0,0,0,1,,0.0,
3675,2020-03-15,Chemung,0,0,1,2,0.0,0.0,
3676,2020-03-16,Chemung,0,0,0,2,,0.0,
3677,2020-03-17,Chemung,0,0,0,2,,0.0,
3678,2020-03-18,Chemung,0,0,2,4,0.0,0.0,
3679,2020-03-19,Chemung,0,0,6,10,0.0,0.0,
3680,2020-03-20,Chemung,0,0,10,20,0.0,0.0,
3681,2020-03-21,Chemung,0,0,2,22,0.0,0.0,
3682,2020-03-22,Chemung,0,0,17,39,0.0,0.0,
3683,2020-03-23,Chemung,1,1,17,56,0.058823529411764705,0.0,
3684,2020-03-24,Chemung,0,1,5,61,0.0,0.0,0.004201680672268907
3685,2020-03-25,Chemung,6,7,57,118,0.10526315789473684,0.0,0.01172047766475011
3686,2020-03-26,Chemung,4,11,48,166,0.08333333333333333,0.0,0.01767285861713106
3687,2020-03-27,Chemung,1,12,48,214,0.020833333333333332,0.0,0.019160953855226297
3688,2020-03-28,Chemung,3,15,25,239,0.12,1.0,0.027732382426654874
3689,2020-03-29,Chemung,0,15,7,246,0.0,1.0,0.027732382426654874
3690,2020-03-30,Chemung,5,20,47,293,0.10638297872340426,1.0,0.03112948594891484
3691,2020-03-31,Chemung,2,22,42,335,0.047619047619047616,1.0,0.034530846493132525
3692,2020-04-01,Chemung,0,22,14,349,0.0,1.0,0.02701204950065132
3693,2020-04-02,Chemung,13,35,84,433,0.15476190476190477,1.0,0.03211409031697785
3694,2020-04-03,Chemung,1,36,28,461,0.03571428571428571,1.0,0.03317701548704588
3695,2020-04-04,Chemung,2,38,35,496,0.05714285714285714,1.0,0.028687219568678535
3696,2020-04-05,Chemung,9,47,50,546,0.18,2.0,0.04154436242582139
3697,2020-04-06,Chemung,2,49,22,568,0.09090909090909091,2.0,0.040439084724799006
3698,2020-04-07,Chemung,6,55,56,624,0.10714285714285714,2.0,0.04469078540507111
3699,2020-04-08,Chemung,4,59,38,662,0.10526315789473684,2.0,0.052209582397552315
3700,2020-04-09,Chemung,0,59,39,701,0.0,1.0,0.041155160628844834
3701,2020-04-10,Chemung,1,60,26,727,0.038461538461538464,1.0,0.04135139296793432
3702,2020-04-11,Chemung,0,60,6,733,0.0,1.0,0.03726976031487309
3703,2020-04-12,Chemung,0,60,9,742,0.0,0.0,0.024412617457730237
3704,2020-04-13,Chemung,4,64,40,782,0.1,1.0,0.02506196810708089
3705,2020-04-14,Chemung,5,69,43,825,0.11627906976744186,1.0,0.025714554723122656
3706,2020-04-15,Chemung,1,70,18,843,0.05555555555555555,0.0,0.022164011698895418
3707,2020-04-16,Chemung,1,71,9,852,0.1111111111111111,0.0,0.030100519635403358
3708,2020-04-17,Chemung,1,72,32,884,0.03125,0.0,0.02958540974529347
3709,2020-04-18,Chemung,1,73,15,899,0.06666666666666667,0.0,0.034347314507198225
3710,2020-04-19,Chemung,0,73,17,916,0.0,0.0,0.034347314507198225
3711,2020-04-20,Chemung,2,75,32,948,0.0625,0.0,0.03166874307862679
3712,2020-04-21,Chemung,0,75,38,986,0.0,0.0,0.023363095238095235
3713,2020-04-22,Chemung,1,76,29,1015,0.034482758620689655,0.0,0.02185789545703339
3714,2020-04-23,Chemung,3,79,39,1054,0.07692307692307693,0.0,0.019415893015030945
3715,2020-04-24,Chemung,24,103,228,1282,0.10526315789473684,2.0,0.02470254715036929
3716,2020-04-25,Chemung,3,106,17,1299,0.17647058823529413,2.0,0.03254568440527126
3717,2020-04-26,Chemung,2,108,20,1319,0.1,2.0,0.0396885415481284
3718,2020-04-27,Chemung,5,113,64,1383,0.078125,2.0,0.040804612976699815
3719,2020-04-28,Chemung,6,119,96,1479,0.0625,3.0,0.045268898690985535
3720,2020-04-29,Chemung,3,122,84,1563,0.03571428571428571,3.0,0.04535686491195669
3721,2020-04-30,Chemung,1,123,54,1617,0.018518518518518517,3.0,0.04118511074020252
3722,2020-05-01,Chemung,1,124,36,1653,0.027777777777777776,1.0,0.035650440731848296
3723,2020-05-02,Chemung,1,125,26,1679,0.038461538461538464,1.0,0.02579265146229432
3724,2020-05-03,Chemung,1,126,244,1923,0.004098360655737705,1.0,0.018942534366275583
3725,2020-05-04,Chemung,0,126,154,2077,0.0,0.0,0.013362177223418441
3726,2020-05-05,Chemung,2,128,143,2220,0.013986013986013986,0.0,0.009896892508133725
3727,2020-05-06,Chemung,1,129,89,2309,0.011235955056179775,0.0,0.008148440318269017
3728,2020-05-07,Chemung,1,130,46,2355,0.021739130434782608,0.0,0.008378484026573593
3729,2020-05-08,Chemung,1,131,108,2463,0.009259259259259259,0.0,0.007055732703822272
3730,2020-05-09,Chemung,0,131,125,2588,0.0,0.0,0.004308479956569524
3731,2020-05-10,Chemung,0,131,174,2762,0.0,0.0,0.004015739909731116
3732,2020-05-11,Chemung,0,131,68,2830,0.0,0.0,0.004015739909731116
3733,2020-05-12,Chemung,1,132,282,3112,0.0035460992907801418,0.0,0.003270031717214413
3734,2020-05-13,Chemung,0,132,312,3424,0.0,0.0,0.0024674634989158574
3735,2020-05-14,Chemung,1,133,234,3658,0.004273504273504274,0.0,0.0012199187731102624
3736,2020-05-15,Chemung,1,134,240,3898,0.004166666666666667,0.0,0.0008561621593536488
3737,2020-05-16,Chemung,0,134,106,4004,0.0,0.0,0.0008561621593536488
3738,2020-05-17,Chemung,0,134,68,4072,0.0,0.0,0.0008561621593536488
3739,2020-05-18,Chemung,0,134,118,4190,0.0,0.0,0.0008561621593536488
3740,2020-05-19,Chemung,0,134,113,4303,0.0,0.0,0.000602869352869353
3741,2020-05-20,Chemung,0,134,91,4394,0.0,0.0,0.000602869352869353
3742,2020-05-21,Chemung,1,135,141,4535,0.0070921985815602835,0.0,0.0008042046605876393
3743,2020-05-22,Chemung,1,136,233,4768,0.004291845493562232,0.0,0.000813146005365894
3744,2020-05-23,Chemung,0,136,215,4983,0.0,0.0,0.000813146005365894
3745,2020-05-24,Chemung,0,136,196,5179,0.0,0.0,0.000813146005365894
3746,2020-05-25,Chemung,0,136,96,5275,0.0,0.0,0.000813146005365894
3747,2020-05-26,Chemung,0,136,295,5570,0.0,0.0,0.000813146005365894
3748,2020-05-27,Chemung,0,136,63,5633,0.0,0.0,0.000813146005365894
3749,2020-05-28,Chemung,1,137,99,5732,0.010101010101010102,0.0,0.0010280611138980239
3750,2020-05-29,Chemung,0,137,451,6183,0.0,0.0,0.0007215007215007216
3751,2020-05-30,Chemung,0,137,337,6520,0.0,0.0,0.0007215007215007216
3752,2020-05-31,Chemung,0,137,73,6593,0.0,0.0,0.0007215007215007216
3753,2020-06-01,Chemung,0,137,145,6738,0.0,0.0,0.0007215007215007216
3754,2020-06-02,Chemung,0,137,247,6985,0.0,0.0,0.0007215007215007216
3755,2020-06-03,Chemung,0,137,219,7204,0.0,0.0,0.0007215007215007216
3756,2020-06-04,Chemung,0,137,114,7318,0.0,0.0,0.0
3757,2020-06-05,Chemung,0,137,853,8171,0.0,0.0,0.0
3758,2020-06-06,Chemung,0,137,263,8434,0.0,0.0,0.0
3759,2020-06-07,Chemung,0,137,217,8651,0.0,0.0,0.0
3760,2020-06-08,Chemung,1,138,544,9195,0.001838235294117647,0.0,0.00013130252100840336
3761,2020-06-09,Chemung,0,138,296,9491,0.0,0.0,0.00013130252100840336
3762,2020-06-10,Chemung,0,138,437,9928,0.0,0.0,0.00013130252100840336
3763,2020-06-11,Chemung,0,138,169,10097,0.0,0.0,0.00013130252100840336
3764,2020-06-12,Chemung,0,138,380,10477,0.0,0.0,0.00013130252100840336
3765,2020-06-13,Chemung,0,138,157,10634,0.0,0.0,0.00013130252100840336
3766,2020-06-14,Chemung,0,138,106,10740,0.0,0.0,0.00013130252100840336
3767,2020-06-15,Chemung,0,138,219,10959,0.0,0.0,0.0
3768,2020-06-16,Chemung,0,138,325,11284,0.0,0.0,0.0
3769,2020-06-17,Chemung,0,138,317,11601,0.0,0.0,0.0
3770,2020-06-18,Chemung,1,139,372,11973,0.002688172043010753,0.0,0.00019201228878648236
3771,2020-06-19,Chemung,0,139,267,12240,0.0,0.0,0.00019201228878648236
3772,2020-06-20,Chemung,0,139,108,12348,0.0,0.0,0.00019201228878648236
3773,2020-06-21,Chemung,0,139,198,12546,0.0,0.0,0.00019201228878648236
3774,2020-06-22,Chemung,0,139,237,12783,0.0,0.0,0.00019201228878648236
3775,2020-06-23,Chemung,0,139,275,13058,0.0,0.0,0.00019201228878648236
3776,2020-06-24,Chemung,0,139,306,13364,0.0,0.0,0.00019201228878648236
3777,2020-06-25,Chemung,0,139,148,13512,0.0,0.0,0.0
3778,2020-06-26,Chemung,0,139,340,13852,0.0,0.0,0.0
3779,2020-06-27,Chemung,1,140,276,14128,0.0036231884057971015,0.0,0.0002587991718426501
3780,2020-06-28,Chemung,0,140,231,14359,0.0,0.0,0.0002587991718426501
3781,2020-06-29,Chemung,1,141,167,14526,0.005988023952095809,0.0,0.0006865151684209222
3782,2020-06-30,Chemung,3,144,278,14804,0.01079136690647482,0.0,0.0014573270903119808
3783,2020-07-01,Chemung,0,144,194,14998,0.0,0.0,0.0014573270903119808
3784,2020-07-02,Chemung,1,145,205,15203,0.004878048780487805,0.0,0.0018057591460611095
3785,2020-07-03,Chemung,1,146,419,15622,0.002386634844868735,0.0,0.0019762330635517333
3786,2020-07-04,Chemung,0,146,257,15879,0.0,0.0,0.0017174338917090835
3787,2020-07-05,Chemung,0,146,250,16129,0.0,0.0,0.0017174338917090835
3788,2020-07-06,Chemung,1,147,244,16373,0.004098360655737705,0.0,0.0015824579419692188
3789,2020-07-07,Chemung,0,147,276,16649,0.0,0.0,0.0008116460200781603
3790,2020-07-08,Chemung,1,148,179,16828,0.00558659217877095,0.0,0.0012106883185617997
3791,2020-07-09,Chemung,0,148,308,17136,0.0,0.0,0.0008622562628126707
3792,2020-07-10,Chemung,0,148,268,17404,0.0,0.0,0.0006917823453220468
3793,2020-07-11,Chemung,0,148,378,17782,0.0,0.0,0.0006917823453220468
3794,2020-07-12,Chemung,0,148,190,17972,0.0,0.0,0.0006917823453220468
3795,2020-07-13,Chemung,1,149,332,18304,0.0030120481927710845,0.0,0.0006141885979672882
3796,2020-07-14,Chemung,2,151,464,18768,0.004310344827586207,0.0,0.0009220703713663029
3797,2020-07-15,Chemung,0,151,422,19190,0.0,0.0,0.0005230280728826637
3798,2020-07-16,Chemung,0,151,473,19663,0.0,0.0,0.0005230280728826637
3799,2020-07-17,Chemung,2,153,284,19947,0.007042253521126761,0.0,0.001026046181534575
3800,2020-07-18,Chemung,1,154,213,20160,0.004694835680751174,0.0,0.0013613915873025159
3801,2020-07-19,Chemung,1,155,139,20299,0.007194244604316547,0.0,0.0018752662018965552
3802,2020-07-20,Chemung,0,155,188,20487,0.0,0.0,0.0016601199024129064
3803,2020-07-21,Chemung,1,156,273,20760,0.003663003663003663,0.0,0.0016138812477998674
3804,2020-07-22,Chemung,1,157,506,21266,0.001976284584980237,0.0,0.0017550444324413129
3805,2020-07-23,Chemung,1,158,640,21906,0.0015625,0.0,0.0018666515752984558
3806,2020-07-24,Chemung,2,160,336,22242,0.005952380952380952,0.0,0.0017888035346737552
3807,2020-07-25,Chemung,0,160,146,22388,0.0,0.0,0.0014534581289058143
3808,2020-07-26,Chemung,0,160,109,22497,0.0,0.0,0.0009395835143117753
3809,2020-07-27,Chemung,0,160,142,22639,0.0,0.0,0.0009395835143117753
3810,2020-07-28,Chemung,1,161,413,23052,0.002421307506053269,0.0,0.0008508909316724614
3811,2020-07-29,Chemung,1,162,387,23439,0.002583979328165375,0.0,0.0008942976990428282
3812,2020-07-30,Chemung,1,163,409,23848,0.0024449877750611247,0.0,0.0009573325401186229
3813,2020-07-31,Chemung,0,163,232,24080,0.0,0.0,0.000532162472091412
3814,2020-08-01,Chemung,0,163,196,24276,0.0,0.0,0.000532162472091412
3815,2020-08-02,Chemung,0,163,90,24366,0.0,0.0,0.000532162472091412
3816,2020-08-03,Chemung,0,163,101,24467,0.0,0.0,0.000532162472091412
3817,2020-08-04,Chemung,2,165,570,25037,0.0035087719298245615,0.0,0.00060983850236079
3818,2020-08-05,Chemung,0,165,417,25454,0.0,0.0,0.00042526855034897757
3819,2020-08-06,Chemung,3,168,376,25830,0.007978723404255319,0.0,0.0008205353810057058
3820,2020-08-07,Chemung,3,171,387,26217,0.007751937984496124,0.0,0.001374245237041143
3821,2020-08-08,Chemung,0,171,264,26481,0.0,0.0,0.001374245237041143
3822,2020-08-09,Chemung,1,172,181,26662,0.0055248618784530384,0.0,0.0017688782283592172
3823,2020-08-10,Chemung,4,176,273,26935,0.014652014652014652,0.0,0.002815450703503121
3824,2020-08-11,Chemung,1,177,443,27378,0.002257336343115124,0.0,0.00272606244730959
3825,2020-08-12,Chemung,7,184,472,27850,0.014830508474576272,1.0,0.003785384481207895
3826,2020-08-13,Chemung,3,187,396,28246,0.007575757575757576,1.0,0.003756601207743771
3827,2020-08-14,Chemung,1,188,476,28722,0.0021008403361344537,1.0,0.0033529513757179366
3828,2020-08-15,Chemung,1,189,253,28975,0.003952569169960474,1.0,0.003635277745000828
3829,2020-08-16,Chemung,1,190,149,29124,0.006711409395973154,1.0,0.003720031139109407
3830,2020-08-17,Chemung,0,190,155,29279,0.0,1.0,0.0026734586639655038
3831,2020-08-18,Chemung,1,191,320,29599,0.003125,1.0,0.0027354346394572807
3832,2020-08-19,Chemung,2,193,247,29846,0.008097165991902834,0.0,0.0022544816049806064
3833,2020-08-20,Chemung,0,193,573,30419,0.0,0.0,0.0017133560638550652
3834,2020-08-21,Chemung,1,194,407,30826,0.002457002457002457,0.0,0.0017387962153456369
3835,2020-08-22,Chemung,0,194,264,31090,0.0,0.0,0.001456469846062746
3836,2020-08-23,Chemung,0,194,164,31254,0.0,0.0,0.000977083460636092
3837,2020-08-24,Chemung,0,194,103,31357,0.0,0.0,0.000977083460636092
3838,2020-08-25,Chemung,0,194,430,31787,0.0,0.0,0.0007538691749218064
3839,2020-08-26,Chemung,0,194,371,32158,0.0,0.0,0.0001755001755001755
3840,2020-08-27,Chemung,2,196,525,32683,0.0038095238095238095,0.0,0.0004476090190375904
3841,2020-08-28,Chemung,0,196,302,32985,0.0,0.0,0.00027210884353741496
3842,2020-08-29,Chemung,4,200,218,33203,0.01834862385321101,0.0,0.0015827248330524872
3843,2020-08-30,Chemung,3,203,146,33349,0.02054794520547945,0.0,0.003050435204872448
3844,2020-08-31,Chemung,2,205,95,33444,0.021052631578947368,0.0,0.004554194603368688
3845,2020-09-01,Chemung,0,205,338,33782,0.0,0.0,0.004554194603368688
3846,2020-09-02,Chemung,0,205,554,34336,0.0,0.0,0.004554194603368688
3847,2020-09-03,Chemung,1,206,243,34579,0.00411522633744856,0.0,0.004576030498220455
3848,2020-09-04,Chemung,0,206,239,34818,0.0,0.0,0.004576030498220455
3849,2020-09-05,Chemung,2,208,176,34994,0.011363636363636364,0.0,0.004077102820393696
3850,2020-09-06,Chemung,2,210,105,35099,0.01904761904761905,0.0,0.00396993666626081
3851,2020-09-07,Chemung,1,211,141,35240,0.0070921985815602835,0.0,0.002972762880733161
3852,2020-09-08,Chemung,3,214,159,35399,0.018867924528301886,0.0,0.0043204717756118675
3853,2020-09-09,Chemung,4,218,677,36076,0.005908419497784343,0.0,0.004742501739739321
3854,2020-09-10,Chemung,21,239,427,36503,0.04918032786885246,2.0,0.007961437563411026
3855,2020-09-11,Chemung,8,247,379,36882,0.021108179419525065,2.0,0.009469164664805673
3856,2020-09-12,Chemung,4,251,134,37016,0.029850746268656716,3.0,0.010789672515164273
3857,2020-09-13,Chemung,0,251,325,37341,0.0,2.0,0.009429128297477196
3858,2020-09-14,Chemung,18,269,444,37785,0.04054054054054054,4.0,0.0118182955802615
3859,2020-09-15,Chemung,6,275,365,38150,0.01643835616438356,4.0,0.011644754982838764
3860,2020-09-16,Chemung,19,294,728,38878,0.0260989010989011,5.0,0.013086932240061388
3861,2020-09-17,Chemung,11,305,653,39531,0.016845329249617153,4.0,0.010777289481544581
3862,2020-09-18,Chemung,17,322,621,40152,0.027375201288244767,5.0,0.011224933900738848
3863,2020-09-19,Chemung,8,330,273,40425,0.029304029304029304,5.0,0.011185882688979746
3864,2020-09-20,Chemung,8,338,179,40604,0.0446927374301676,6.0,0.014378221076848857
3865,2020-09-21,Chemung,11,349,243,40847,0.04526748971193416,5.0,0.014715860303376974
3866,2020-09-22,Chemung,12,361,825,41672,0.014545454545454545,6.0,0.014580653044882045
3867,2020-09-23,Chemung,26,387,750,42422,0.034666666666666665,6.0,0.015192636299722442
3868,2020-09-24,Chemung,28,415,706,43128,0.039660056657223795,7.0,0.01682225968598006
3869,2020-09-25,Chemung,25,440,599,43727,0.041736227045075125,8.0,0.017848047240039373
3870,2020-09-26,Chemung,21,461,413,44140,0.05084745762711865,9.0,0.019386863548831467
3871,2020-09-27,Chemung,9,470,152,44292,0.05921052631578947,9.0,0.02042384846923303
3872,2020-09-28,Chemung,22,492,384,44676,0.057291666666666664,10.0,0.021282718251713923
3873,2020-09-29,Chemung,18,510,582,45258,0.030927835051546393,10.0,0.02245288828786334
3874,2020-09-30,Chemung,50,560,742,46000,0.0673854447439353,12.0,0.0247899438648111
3875,2020-10-01,Chemung,31,591,590,46590,0.05254237288135593,12.0,0.025710109309391965
3876,2020-10-02,Chemung,60,651,824,47414,0.07281553398058252,15.0,0.027930059804785357
3877,2020-10-03,Chemung,70,721,744,48158,0.09408602150537634,18.0,0.031018528653232336
3878,2020-10-04,Chemung,26,747,302,48460,0.08609271523178808,19.0,0.03293868500437509
3879,2020-10-05,Chemung,38,785,499,48959,0.07615230460921844,20.0,0.034285873428843074
3880,2020-10-06,Chemung,31,816,664,49623,0.046686746987951805,21.0,0.03541150999572917
3881,2020-10-07,Chemung,39,855,869,50492,0.04487917146144994,21.0,0.03380391904698022
3882,2020-10-08,Chemung,33,888,769,51261,0.04291287386215865,21.0,0.03311609768846613
3883,2020-10-09,Chemung,41,929,930,52191,0.04408602150537634,19.0,0.031063989654522832
3884,2020-10-10,Chemung,29,958,677,52868,0.04283604135893648,16.0,0.02740327678691998
3885,2020-10-11,Chemung,27,985,401,53269,0.06733167082294264,17.0,0.026063202186288163
3886,2020-10-12,Chemung,30,1015,491,53760,0.06109979633401222,16.0,0.02498802302377343
3887,2020-10-13,Chemung,46,1061,815,54575,0.05644171779141104,17.0,0.02568480665259195
3888,2020-10-14,Chemung,43,1104,604,55179,0.07119205298013245,17.0,0.0275642981896407
3889,2020-10-15,Chemung,52,1156,994,56173,0.052313883299798795,19.0,0.028235798863757853
3890,2020-10-16,Chemung,43,1199,792,56965,0.054292929292929296,19.0,0.028964863705725923
3891,2020-10-17,Chemung,45,1244,808,57773,0.055693069306930694,20.0,0.029883222844868367
3892,2020-10-18,Chemung,48,1292,429,58202,0.11188811188811189,21.0,0.03306582577809474
3893,2020-10-19,Chemung,40,1332,482,58684,0.08298755186721991,22.0,0.034629236887609584
3894,2020-10-20,Chemung,49,1381,942,59626,0.05201698513800425,22.0,0.03431318455522338
3895,2020-10-21,Chemung,75,1456,1127,60753,0.06654835847382432,25.0,0.03398149209048708
3896,2020-10-22,Chemung,54,1510,1150,61903,0.04695652173913043,25.0,0.0335988234075822
3897,2020-10-23,Chemung,34,1544,891,62794,0.038159371492704826,24.0,0.03244642642185187
3898,2020-10-24,Chemung,96,1640,1206,64000,0.07960199004975124,28.0,0.034154206474910485
3899,2020-10-25,Chemung,22,1662,311,64311,0.0707395498392283,26.0,0.0312150234714188
3900,2020-10-26,Chemung,48,1710,687,64998,0.06986899563318777,27.0,0.030277983740416514
3901,2020-10-27,Chemung,33,1743,575,65573,0.057391304347826085,25.0,0.030661863683975214
3902,2020-10-28,Chemung,34,1777,995,66568,0.034170854271356785,22.0,0.028349184812370393
3903,2020-10-29,Chemung,20,1797,913,67481,0.02190580503833516,20.0,0.02655984790517072
3904,2020-10-30,Chemung,29,1826,606,68087,0.04785478547854786,20.0,0.027252377475588088
3905,2020-10-31,Chemung,26,1852,754,68841,0.034482758620689655,15.0,0.024029575230655114
3906,2020-11-01,Chemung,38,1890,391,69232,0.09718670076726342,16.0,0.025918657439800482
3907,2020-11-02,Chemung,33,1923,448,69680,0.07366071428571429,15.0,0.02618949448640952
3908,2020-11-03,Chemung,25,1948,637,70317,0.03924646781789639,14.0,0.024893434734271688
3909,2020-11-04,Chemung,48,1996,863,71180,0.055619930475086905,15.0,0.026425511605966696
3910,2020-11-05,Chemung,50,2046,1036,72216,0.04826254826254826,17.0,0.028308136121981915
3911,2020-11-06,Chemung,50,2096,853,73069,0.05861664712778429,19.0,0.029076840525498804
3912,2020-11-07,Chemung,30,2126,937,74006,0.032017075773746,19.0,0.028900720322145683
3913,2020-11-08,Chemung,9,2135,501,74507,0.017964071856287425,17.0,0.023241961114218827
3914,2020-11-09,Chemung,22,2157,591,75098,0.03722504230118443,16.0,0.020639413115323833
3915,2020-11-10,Chemung,40,2197,972,76070,0.0411522633744856,17.0,0.020775541369365925
3916,2020-11-11,Chemung,44,2241,927,76997,0.04746494066882417,17.0,0.020193042097490014
3917,2020-11-12,Chemung,39,2280,1242,78239,0.03140096618357488,16.0,0.01898864337756334
3918,2020-11-13,Chemung,51,2331,979,79218,0.05209397344228805,16.0,0.018522738114313615
3919,2020-11-14,Chemung,31,2362,903,80121,0.03433001107419712,16.0,0.018687947778631548
3920,2020-11-15,Chemung,18,2380,856,80977,0.02102803738317757,17.0,0.018906802459123705
3921,2020-11-16,Chemung,24,2404,427,81404,0.05620608899297424,17.0,0.02026259150853726
3922,2020-11-17,Chemung,34,2438,846,82250,0.04018912529550828,17.0,0.02019379593146745
3923,2020-11-18,Chemung,49,2487,956,83206,0.051255230125523014,17.0,0.02046453089266023
3924,2020-11-19,Chemung,31,2518,716,83922,0.04329608938547486,17.0,0.021314182549938797
3925,2020-11-20,Chemung,53,2571,1633,85555,0.032455603184323334,17.0,0.01991144181722703
3926,2020-11-21,Chemung,76,2647,868,86423,0.08755760368663594,20.0,0.023713412718115518
3927,2020-11-22,Chemung,55,2702,1215,87638,0.04526748971193416,23.0,0.025444802170169558
3928,2020-11-23,Chemung,22,2724,639,88277,0.03442879499217527,22.0,0.02388928117011249
3929,2020-11-24,Chemung,45,2769,679,88956,0.0662739322533137,23.0,0.025752481667098592
3930,2020-11-25,Chemung,103,2872,1488,90444,0.06922043010752688,27.0,0.027035710237241724
3931,2020-11-26,Chemung,83,2955,1265,91709,0.06561264822134387,31.0,0.02862975015408951
3932,2020-11-27,Chemung,38,2993,491,92200,0.07739307535641547,30.0,0.03183956959495324
3933,2020-11-28,Chemung,55,3048,917,93117,0.05997818974918211,28.0,0.029869611456563673
3934,2020-11-29,Chemung,39,3087,297,93414,0.13131313131313133,27.0,0.03601572871379204
3935,2020-11-30,Chemung,22,3109,382,93796,0.05759162303664921,27.0,0.03767021643125447
3936,2020-12-01,Chemung,31,3140,829,94625,0.03739445114595899,26.0,0.035607396352157705
3937,2020-12-02,Chemung,72,3212,1301,95926,0.05534204458109147,24.0,0.034616083100269465
3938,2020-12-03,Chemung,98,3310,1336,97262,0.07335329341317365,25.0,0.0351689863282573
3939,2020-12-04,Chemung,85,3395,1237,98499,0.068714632174616,28.0,0.034549097529557336
3940,2020-12-05,Chemung,38,3433,1189,99688,0.031959629941127,27.0,0.032547771828981976
3941,2020-12-06,Chemung,24,3457,641,100329,0.0374414976599064,26.0,0.025842655139465907
3942,2020-12-07,Chemung,16,3473,241,100570,0.06639004149377593,26.0,0.026471113600689242
3943,2020-12-08,Chemung,58,3531,1102,101672,0.05263157894736842,27.0,0.02755947987221849
3944,2020-12-09,Chemung,64,3595,1275,102947,0.05019607843137255,27.0,0.027191910861524282
3945,2020-12-10,Chemung,56,3651,1537,104484,0.03643461288223813,24.0,0.024554862252171742
3946,2020-12-11,Chemung,50,3701,1328,105812,0.03765060240963856,21.0,0.022336002983244785
3947,2020-12-12,Chemung,42,3743,1021,106833,0.04113614103819784,22.0,0.022991468061606988
3948,2020-12-13,Chemung,33,3776,397,107230,0.08312342569269521,22.0,0.026254462921091903
3949,2020-12-14,Chemung,27,3803,451,107681,0.0598669623059867,23.0,0.02578852869339267
3950,2020-12-15,Chemung,45,3848,875,108556,0.05142857142857143,22.0,0.025702599584907174
3951,2020-12-16,Chemung,70,3918,1417,109973,0.04940014114326041,23.0,0.025645746921470595
3952,2020-12-17,Chemung,73,3991,1577,111550,0.046290424857324035,24.0,0.026349733491119586
3953,2020-12-18,Chemung,37,4028,616,112166,0.060064935064935064,23.0,0.027950757252212192
3954,2020-12-19,Chemung,55,4083,959,113125,0.05735140771637122,24.0,0.02910899058636743
3955,2020-12-20,Chemung,23,4106,293,113418,0.07849829351535836,23.0,0.028778624002271942
3956,2020-12-21,Chemung,30,4136,404,113822,0.07425742574257425,23.0,0.029806514247742482
3957,2020-12-22,Chemung,29,4165,953,114775,0.030430220356768102,22.0,0.02830663202832796
3958,2020-12-23,Chemung,46,4211,1437,116212,0.032011134307585246,20.0,0.02706456011149402
3959,2020-12-24,Chemung,42,4253,959,117171,0.043795620437956206,18.0,0.026886359795824887
3960,2020-12-25,Chemung,31,4284,733,117904,0.04229195088676671,18.0,0.02561686092595572
3961,2020-12-26,Chemung,15,4299,321,118225,0.04672897196261682,15.0,0.024858115514973265
3962,2020-12-27,Chemung,43,4342,345,118570,0.1246376811594203,16.0,0.02815378606097769
3963,2020-12-28,Chemung,47,4389,337,118907,0.1394658753709199,18.0,0.03281153246300238
3964,2020-12-29,Chemung,59,4448,822,119729,0.07177615571776155,20.0,0.0357648135602162
3965,2020-12-30,Chemung,83,4531,1447,121176,0.05736005528680028,22.0,0.03757545077301727
3966,2020-12-31,Chemung,54,4585,782,121958,0.06905370843989769,23.0,0.03937959991601309
3967,2021-01-01,Chemung,44,4629,825,122783,0.05333333333333334,24.0,0.04016827009076785
3968,2021-01-02,Chemung,56,4685,515,123298,0.1087378640776699,27.0,0.044597476670414506
3969,2021-01-03,Chemung,68,4753,464,123762,0.14655172413793102,29.0,0.04616276545459384
3970,2021-01-04,Chemung,38,4791,378,124140,0.10052910052910052,28.0,0.04338156725160674
3971,2021-01-05,Chemung,98,4889,960,125100,0.10208333333333333,31.0,0.04554636565271901
3972,2021-01-06,Chemung,55,4944,1378,126478,0.03991291727140784,29.0,0.044300141508762395
3973,2021-01-07,Chemung,94,5038,1292,127770,0.07275541795665634,32.0,0.04456454933138803
3974,2021-01-08,Chemung,48,5086,1318,129088,0.036418816388467376,32.0,0.04335636954961188
3975,2021-01-09,Chemung,53,5139,726,129814,0.07300275482093664,32.0,0.0408038617455595
3976,2021-01-10,Chemung,53,5192,626,130440,0.08466453674121406,31.0,0.036383348360079726
3977,2021-01-11,Chemung,66,5258,625,131065,0.1056,33.0,0.03674555546514397
3978,2021-01-12,Chemung,47,5305,1077,132142,0.0436397400185701,29.0,0.032571013085518026
3979,2021-01-13,Chemung,54,5359,1482,133624,0.03643724696356275,29.0,0.03232275092067195
3980,2021-01-14,Chemung,63,5422,1328,134952,0.04743975903614458,27.0,0.030514489569206823
3981,2021-01-15,Chemung,57,5479,1422,136374,0.04008438818565401,28.0,0.030776316126148725
3982,2021-01-16,Chemung,55,5534,811,137185,0.06781750924784218,28.0,0.03040594144235626
3983,2021-01-17,Chemung,33,5567,561,137746,0.058823529411764705,26.0,0.028560155204538456
3984,2021-01-18,Chemung,36,5603,427,138173,0.08430913348946135,24.0,0.027039379025214267
3985,2021-01-19,Chemung,40,5643,832,139005,0.04807692307692308,24.0,0.027356320672239476
3986,2021-01-20,Chemung,46,5689,1833,140838,0.025095471903982543,23.0,0.026546193882269458
3987,2021-01-21,Chemung,50,5739,1207,142045,0.041425020712510356,22.0,0.026116569716295588
3988,2021-01-22,Chemung,43,5782,1238,143283,0.034733441033925685,21.0,0.02573435920545785
3989,2021-01-23,Chemung,52,5834,1034,144317,0.05029013539651837,21.0,0.024482403930363293
3990,2021-01-24,Chemung,32,5866,462,144779,0.06926406926406926,21.0,0.025228156776956473
3991,2021-01-25,Chemung,23,5889,347,145126,0.06628242074927954,20.0,0.023940534438372057
3992,2021-01-26,Chemung,41,5930,930,146056,0.04408602150537634,20.0,0.023655470040404435
3993,2021-01-27,Chemung,48,5978,1447,147503,0.0331720801658604,20.0,0.02423237063053857
3994,2021-01-28,Chemung,20,5998,1312,148815,0.01524390243902439,18.0,0.022362290753861
3995,2021-01-29,Chemung,20,6018,1174,149989,0.017035775127768313,16.0,0.021098171760564045
3996,2021-01-30,Chemung,23,6041,849,150838,0.027090694935217905,14.0,0.019441068870471152
3997,2021-01-31,Chemung,24,6065,472,151310,0.05084745762711865,14.0,0.018125596610688965
3998,2021-02-01,Chemung,18,6083,285,151595,0.06315789473684211,13.0,0.01790241618122915
3999,2021-02-02,Chemung,16,6099,723,152318,0.022130013831258646,12.0,0.016334129918792174
4000,2021-02-03,Chemung,20,6119,845,153163,0.023668639053254437,10.0,0.015655312696463173
4001,2021-02-04,Chemung,23,6142,726,153889,0.03168044077134986,10.0,0.016829351148772136
4002,2021-02-05,Chemung,11,6153,748,154637,0.014705882352941176,9.0,0.016662930236284484
4003,2021-02-06,Chemung,10,6163,753,155390,0.013280212483399735,8.0,0.01567646720401176
4004,2021-02-07,Chemung,31,6194,511,155901,0.060665362035225046,9.0,0.016377746090305075
4005,2021-02-08,Chemung,12,6206,265,156166,0.045283018867924525,8.0,0.015100969242525243
4006,2021-02-09,Chemung,19,6225,834,157000,0.022781774580335732,9.0,0.015147523581745037
4007,2021-02-10,Chemung,15,6240,1425,158425,0.010526315789473684,8.0,0.014208786205760696
4008,2021-02-11,Chemung,9,6249,819,159244,0.01098901098901099,7.0,0.012730826935593634
4009,2021-02-12,Chemung,17,6266,1123,160367,0.015138023152270703,8.0,0.012761694135545744
4010,2021-02-13,Chemung,17,6283,756,161123,0.022486772486772486,8.0,0.013419305564358082
4011,2021-02-14,Chemung,13,6296,360,161483,0.03611111111111111,7.0,0.011665430498349946
4012,2021-02-15,Chemung,11,6307,341,161824,0.03225806451612903,7.0,0.010735076616078837
4013,2021-02-16,Chemung,8,6315,585,162409,0.013675213675213675,6.0,0.01008460797999869
4014,2021-02-17,Chemung,14,6329,1029,163438,0.013605442176870748,6.0,0.010304545579098481
4015,2021-02-18,Chemung,16,6345,723,164161,0.022130013831258646,6.0,0.011100331496401885
4016,2021-02-19,Chemung,5,6350,886,165047,0.0056433408577878106,6.0,0.010422139903938822
4017,2021-02-20,Chemung,12,6362,653,165700,0.018376722817764167,5.0,0.010128564927581086
4018,2021-02-21,Chemung,13,6375,382,166082,0.034031413612565446,5.0,0.009980015106256396
4019,2021-02-22,Chemung,17,6392,374,166456,0.045454545454545456,6.0,0.010922620887571854
4020,2021-02-23,Chemung,5,6397,718,167174,0.006963788300835654,5.0,0.010443233360830566
4021,2021-02-24,Chemung,11,6408,1042,168216,0.01055662188099808,5.0,0.010225460482553949
4022,2021-02-25,Chemung,12,6420,557,168773,0.02154398563734291,5.0,0.01018360132584568
4023,2021-02-26,Chemung,8,6428,1015,169788,0.007881773399014778,5.0,0.010343489364504748
4024,2021-02-27,Chemung,9,6437,769,170557,0.011703511053315995,5.0,0.00986683138132988
4025,2021-02-28,Chemung,3,6440,328,170885,0.009146341463414634,4.0,0.008089326227819108
4026,2021-03-01,Chemung,5,6445,322,171207,0.015527950310559006,3.0,0.005951712288962934
4027,2021-03-02,Chemung,8,6453,828,172035,0.00966183574879227,4.0,0.006144429963816977
4028,2021-03-03,Chemung,1,6454,1166,173201,0.0008576329331046312,3.0,0.005451645038967445
4029,2021-03-04,Chemung,14,6468,757,173958,0.018494055482166448,3.0,0.0052337928850262685
4030,2021-03-05,Chemung,12,6480,804,174762,0.014925373134328358,3.0,0.005736907151834382
4031,2021-03-06,Chemung,1,6481,915,175677,0.001092896174863388,3.0,0.004979006089087767
4032,2021-03-07,Chemung,10,6491,233,175910,0.04291845493562232,3.0,0.007391299908531173
4033,2021-03-08,Chemung,5,6496,418,176328,0.011961722488038277,3.0,0.007136569349779693
4034,2021-03-09,Chemung,12,6508,869,177197,0.01380897583429229,3.0,0.007432793641601121
4035,2021-03-10,Chemung,13,6521,1039,178236,0.012512030798845043,4.0,0.008265250632011152
4036,2021-03-11,Chemung,15,6536,940,179176,0.015957446808510637,4.0,0.008084064298178593
4037,2021-03-12,Chemung,18,6554,776,179952,0.023195876288659795,5.0,0.008674814523487982
4038,2021-03-13,Chemung,5,6559,766,180718,0.006527415143603133,5.0,0.009062994449826537
4039,2021-03-14,Chemung,7,6566,244,180962,0.028688524590163935,5.0,0.008046570853722365
4040,2021-03-15,Chemung,2,6568,338,181300,0.005917159763313609,5.0,0.007614816373384888
4041,2021-03-16,Chemung,5,6573,839,182139,0.0059594755661501785,4.0,0.007054137782803309
4042,2021-03-17,Chemung,17,6590,926,183065,0.0183585313174946,4.0,0.007471744962706849
4043,2021-03-18,Chemung,8,6598,789,183854,0.010139416983523447,4.0,0.007056171403779193
4044,2021-03-19,Chemung,18,6616,832,184686,0.021634615384615384,4.0,0.006944652767776021
4045,2021-03-20,Chemung,14,6630,937,185623,0.014941302027748132,5.0,0.007545644688072092
4046,2021-03-21,Chemung,17,6647,363,185986,0.046831955922865015,5.0,0.008841604068979311
4047,2021-03-22,Chemung,16,6663,489,186475,0.032719836400818,6.0,0.010756080971658196
4048,2021-03-23,Chemung,13,6676,876,187351,0.014840182648401826,7.0,0.01139041719181903
4049,2021-03-24,Chemung,29,6705,970,188321,0.029896907216494847,8.0,0.012214586898890475
4050,2021-03-25,Chemung,35,6740,802,189123,0.043640897755610975,10.0,0.014607549811182442
4051,2021-03-26,Chemung,26,6766,841,189964,0.030915576694411414,10.0,0.015270475619025016
4052,2021-03-27,Chemung,15,6781,914,190878,0.016411378555798686,10.0,0.01537548108531434
4053,2021-03-28,Chemung,16,6797,469,191347,0.03411513859275053,10.0,0.014467136990306162
4054,2021-03-29,Chemung,21,6818,574,191921,0.036585365853658534,11.0,0.014743246236937632
4055,2021-03-30,Chemung,18,6836,775,192696,0.023225806451612905,11.0,0.015342219365738421
4056,2021-03-31,Chemung,25,6861,1172,193868,0.021331058020477817,11.0,0.014730372994594346
4057,2021-04-01,Chemung,14,6875,713,194581,0.019635343618513323,9.0,0.013015690556230228
4058,2021-04-02,Chemung,15,6890,871,195452,0.01722158438576349,8.0,0.012037548248469662
4059,2021-04-03,Chemung,17,6907,757,196209,0.022457067371202115,9.0,0.012469383163855622
4060,2021-04-04,Chemung,11,6918,339,196548,0.032448377581120944,8.0,0.01235032880588208
4061,2021-04-05,Chemung,6,6924,558,197106,0.010752688172043012,7.0,0.010505137542909545
4062,2021-04-06,Chemung,14,6938,723,197829,0.019363762102351315,7.0,0.010229277232248002
4063,2021-04-07,Chemung,22,6960,868,198697,0.02534562211981567,7.0,0.010516031810772134
4064,2021-04-08,Chemung,19,6979,749,199446,0.025367156208277702,7.0,0.010925446995755303
4065,2021-04-09,Chemung,22,7001,1021,200467,0.021547502448579822,7.0,0.011234441143099327
4066,2021-04-10,Chemung,21,7022,734,201201,0.02861035422343324,8.0,0.011673961632544408
4067,2021-04-11,Chemung,11,7033,243,201444,0.04526748971193416,8.0,0.012589612499031063
4068,2021-04-12,Chemung,19,7052,543,201987,0.034990791896869246,9.0,0.014320905622232942
4069,2021-04-13,Chemung,16,7068,723,202710,0.022130013831258646,9.0,0.014518495031440606
4070,2021-04-14,Chemung,13,7081,912,203622,0.01425438596491228,8.0,0.013726263877518937
4071,2021-04-15,Chemung,17,7098,699,204321,0.024320457796852647,8.0,0.013651499705274286
4072,2021-04-16,Chemung,44,7142,888,205209,0.04954954954954955,10.0,0.01565164592677213
4073,2021-04-17,Chemung,20,7162,1061,206270,0.01885014137606032,10.0,0.01495448786624549
4074,2021-04-18,Chemung,21,7183,421,206691,0.0498812351543943,10.0,0.015284041112135499
4075,2021-04-19,Chemung,15,7198,317,207008,0.0473186119873817,10.0,0.016164599690029247
4076,2021-04-20,Chemung,11,7209,696,207704,0.015804597701149427,10.0,0.0157127842521643
4077,2021-04-21,Chemung,18,7227,1058,208762,0.017013232514177693,10.0,0.015909844719968973
4078,2021-04-22,Chemung,18,7245,867,209629,0.020761245674740483,10.0,0.015655615282675246
4079,2021-04-23,Chemung,21,7266,1001,210630,0.02097902097902098,8.0,0.013614863241923207
4080,2021-04-24,Chemung,13,7279,808,211438,0.01608910891089109,8.0,0.013417646637268263
4081,2021-04-25,Chemung,17,7296,368,211806,0.04619565217391304,8.0,0.01315439071009103
4082,2021-04-26,Chemung,11,7307,326,212132,0.03374233128834356,7.0,0.012184656374445447
4083,2021-04-27,Chemung,5,7312,839,212971,0.0059594755661501785,7.0,0.011481433364802646
4084,2021-04-28,Chemung,20,7332,970,213941,0.020618556701030927,7.0,0.011738956521006446
4085,2021-04-29,Chemung,10,7342,739,214680,0.013531799729364006,6.0,0.011222567524908128
4086,2021-04-30,Chemung,19,7361,1026,215706,0.018518518518518517,6.0,0.011046817349157951
4087,2021-05-01,Chemung,24,7385,791,216497,0.03034134007585335,7.0,0.01206483386094097
4088,2021-05-02,Chemung,11,7396,379,216876,0.029023746701846966,7.0,0.010838269184364821
4089,2021-05-03,Chemung,12,7408,349,217225,0.034383954154727794,7.0,0.010884099389106552
4090,2021-05-04,Chemung,8,7416,703,217928,0.011379800853485065,7.0,0.011271265481059044
4091,2021-05-05,Chemung,7,7423,1009,218937,0.006937561942517344,6.0,0.010294051569736645
4092,2021-05-06,Chemung,12,7435,403,219340,0.02977667493796526,6.0,0.011454399798922448
4093,2021-05-07,Chemung,17,7452,974,220314,0.017453798767967144,6.0,0.01137834838816878
4094,2021-05-08,Chemung,15,7467,646,220960,0.02321981424148607,5.0,0.01086966797142826
4095,2021-05-09,Chemung,9,7476,442,221402,0.020361990950226245,5.0,0.01025097113202678
4096,2021-05-10,Chemung,10,7486,372,221774,0.026881720430107527,5.0,0.009715097294553903
4097,2021-05-11,Chemung,9,7495,637,222411,0.0141287284144427,5.0,0.009911449263193735
4098,2021-05-12,Chemung,21,7516,729,223140,0.02880658436213992,6.0,0.011473522293166777
4099,2021-05-13,Chemung,17,7533,580,223720,0.029310344827586206,7.0,0.011440212999568272
4100,2021-05-14,Chemung,21,7554,1042,224762,0.02015355086372361,7.0,0.011633052434979448
4101,2021-05-15,Chemung,6,7560,691,225453,0.008683068017366137,6.0,0.010594713418970881
4102,2021-05-16,Chemung,10,7570,440,225893,0.022727272727272728,6.0,0.010763662117331345
4103,2021-05-17,Chemung,8,7578,335,226228,0.023880597014925373,6.0,0.010549296159104049
4104,2021-05-18,Chemung,9,7587,771,226999,0.011673151750972763,6.0,0.010373897825999052
4105,2021-05-19,Chemung,13,7600,790,227789,0.016455696202531647,6.0,0.009491691528884174
4106,2021-05-20,Chemung,11,7611,681,228470,0.016152716593245228,5.0,0.008551860940716964
4107,2021-05-21,Chemung,14,7625,620,229090,0.02258064516129032,5.0,0.008725224819114587
4108,2021-05-22,Chemung,8,7633,559,229649,0.014311270125223614,5.0,0.00912723925539012
4109,2021-05-23,Chemung,4,7637,293,229942,0.013651877133105802,4.0,0.008478996712949624
4110,2021-05-24,Chemung,4,7641,177,230119,0.022598870056497175,4.0,0.008387444787347612
4111,2021-05-25,Chemung,11,7652,533,230652,0.020637898686679174,4.0,0.009027783854183782
4112,2021-05-26,Chemung,18,7670,833,231485,0.021608643457382955,5.0,0.009395851515244592
4113,2021-05-27,Chemung,17,7687,693,232178,0.024531024531024532,5.0,0.009994302082228826
4114,2021-05-28,Chemung,10,7697,477,232655,0.020964360587002098,5.0,0.009878853184065383
4115,2021-05-29,Chemung,10,7707,491,233146,0.020366598778004074,5.0,0.010311376659263986
4116,2021-05-30,Chemung,11,7718,230,233376,0.04782608695652174,5.0,0.012752391646650837
4117,2021-05-31,Chemung,4,7722,167,233543,0.023952095808383235,5.0,0.012849050628928414
4118,2021-06-01,Chemung,2,7724,282,233825,0.0070921985815602835,5.0,0.011881500621419922
4119,2021-06-02,Chemung,0,7724,509,234334,0.0,3.0,0.010338026088749713
4120,2021-06-03,Chemung,4,7728,650,234984,0.006153846153846154,2.0,0.009025370490379827
4121,2021-06-04,Chemung,8,7736,782,235766,0.010230179028132993,2.0,0.008258643236174892
4122,2021-06-05,Chemung,4,7740,565,236331,0.007079646017699115,2.0,0.007309575181867395
4123,2021-06-06,Chemung,5,7745,192,236523,0.026041666666666668,1.0,0.005753545161163461
4124,2021-06-07,Chemung,4,7749,209,236732,0.019138755980861243,1.0,0.005409735173483318
4125,2021-06-08,Chemung,1,7750,429,237161,0.002331002331002331,1.0,0.005069649727014893
4126,2021-06-09,Chemung,3,7753,677,237838,0.004431314623338257,2.0,0.005386172200110483
4127,2021-06-10,Chemung,1,7754,476,238314,0.0021008403361344537,1.0,0.005096671784559648
4128,2021-06-11,Chemung,3,7757,364,238678,0.008241758241758242,1.0,0.004954641728390023
4129,2021-06-12,Chemung,1,7758,410,239088,0.0024390243902439024,1.0,0.004623168755000365
4130,2021-06-13,Chemung,1,7759,124,239212,0.008064516129032258,1.0,0.0033390865737407635
4131,2021-06-14,Chemung,2,7761,192,239404,0.010416666666666666,0.0,0.002716080194155436
4132,2021-06-15,Chemung,3,7764,393,239797,0.007633587786259542,1.0,0.0030948362981023797
4133,2021-06-16,Chemung,5,7769,485,240282,0.010309278350515464,1.0,0.0035146908500436093
4134,2021-06-17,Chemung,3,7772,174,240456,0.017241379310344827,1.0,0.004596157919630064
4135,2021-06-18,Chemung,2,7774,315,240771,0.006349206349206349,1.0,0.004460975641590643
4136,2021-06-19,Chemung,0,7774,290,241061,0.0,1.0,0.004286759613716078
4137,2021-06-20,Chemung,2,7776,122,241183,0.01639344262295082,1.0,0.0048816829347102615
4138,2021-06-21,Chemung,0,7776,131,241314,0.0,1.0,0.004137635315662643
4139,2021-06-22,Chemung,0,7776,217,241531,0.0,0.0,0.003592379045215533
4140,2021-06-23,Chemung,3,7779,383,241914,0.007832898172323759,0.0,0.0034154947467732685
4141,2021-06-24,Chemung,0,7779,140,242054,0.0,0.0,0.002183967653177209
4142,2021-06-25,Chemung,1,7780,171,242225,0.005847953216374269,0.0,0.002148163857974918
4143,2021-06-26,Chemung,0,7780,274,242499,0.0,0.0,0.002148163857974918
4144,2021-06-27,Chemung,0,7780,127,242626,0.0,0.0,0.0009772036706212877
4145,2021-06-28,Chemung,2,7782,111,242737,0.018018018018018018,0.0,0.0022642049576225747
4146,2021-06-29,Chemung,1,7783,280,243017,0.0035714285714285713,0.0,0.0025193069984389012
4147,2021-06-30,Chemung,0,7783,203,243220,0.0,0.0,0.001959814271844347
4148,2021-07-01,Chemung,0,7783,171,243391,0.0,0.0,0.001959814271844347
4149,2021-07-02,Chemung,0,7783,194,243585,0.0,0.0,0.0015421033278176135
4150,2021-07-03,Chemung,1,7784,256,243841,0.00390625,0.0,0.0018211211849604705
4151,2021-07-04,Chemung,2,7786,105,243946,0.01904761904761905,0.0,0.0031816654026475453
4152,2021-07-05,Chemung,1,7787,55,244001,0.01818181818181818,0.0,0.0031933654143475572
4153,2021-07-06,Chemung,1,7788,132,244133,0.007575757575757576,0.0,0.0034793889146567717
4154,2021-07-07,Chemung,2,7790,224,244357,0.008928571428571428,0.0,0.004117144016697588
4155,2021-07-08,Chemung,1,7791,302,244659,0.0033112582781456954,0.0,0.004353662465136567
4156,2021-07-09,Chemung,2,7793,242,244901,0.008264462809917356,0.0,0.00494398123727352
4157,2021-07-10,Chemung,4,7797,463,245364,0.008639308855291577,0.0,0.005282056869794347
4158,2021-07-11,Chemung,2,7799,92,245456,0.021739130434782608,0.0,0.005474307683163174
4159,2021-07-12,Chemung,4,7803,77,245533,0.05194805194805195,1.0,0.007886181523608442
4160,2021-07-13,Chemung,2,7805,263,245796,0.0076045627376425855,1.0,0.007888239035171657
4161,2021-07-14,Chemung,3,7808,235,246031,0.01276595744680851,1.0,0.008162338036474306
4162,2021-07-15,Chemung,1,7809,146,246177,0.00684931506849315,1.0,0.008415056378641981
4163,2021-07-16,Chemung,1,7810,344,246521,0.0029069767441860465,1.0,0.008032378802518315
4164,2021-07-17,Chemung,1,7811,278,246799,0.0035971223021582736,1.0,0.007672222620151652
4165,2021-07-18,Chemung,3,7814,77,246876,0.03896103896103896,1.0,0.008902358943455677
4166,2021-07-19,Chemung,3,7817,88,246964,0.03409090909090909,1.0,0.007626848739374045
4167,2021-07-20,Chemung,4,7821,240,247204,0.016666666666666666,1.0,0.00827414187716148
4168,2021-07-21,Chemung,1,7822,209,247413,0.004784688995215311,1.0,0.007704051273476251
4169,2021-07-22,Chemung,4,7826,199,247612,0.020100502512562814,1.0,0.00865056466233837
4170,2021-07-23,Chemung,0,7826,382,247994,0.0,1.0,0.008442923466325079
4171,2021-07-24,Chemung,6,7832,233,248227,0.02575107296137339,1.0,0.010025348513411874
4172,2021-07-25,Chemung,2,7834,95,248322,0.021052631578947368,1.0,0.008746176557548188
4173,2021-07-26,Chemung,0,7834,138,248460,0.0,1.0,0.006311111622483254
4174,2021-07-27,Chemung,1,7835,237,248697,0.004219409282700422,1.0,0.005422021809342807
4175,2021-07-28,Chemung,3,7838,187,248884,0.016042780748663103,1.0,0.006226171220303364
4176,2021-07-29,Chemung,2,7840,159,249043,0.012578616352201259,1.0,0.005688893637420396
4177,2021-07-30,Chemung,5,7845,200,249243,0.025,1.0,0.007474607923134682
4178,2021-07-31,Chemung,4,7849,143,249386,0.027972027972027972,1.0,0.007633247566752865
4179,2021-08-01,Chemung,2,7851,99,249485,0.020202020202020204,1.0,0.007572489611258069
4180,2021-08-02,Chemung,5,7856,143,249628,0.03496503496503497,1.0,0.010069992108760566
4181,2021-08-03,Chemung,16,7872,313,249941,0.051118210862619806,2.0,0.013419906507326237
4182,2021-08-04,Chemung,4,7876,299,250240,0.013377926421404682,2.0,0.01322955976966492
4183,2021-08-05,Chemung,5,7881,199,250439,0.02512562814070352,2.0,0.01412577489741508
4184,2020-03-01,Chenango,0,0,0,0,,,
4185,2020-03-02,Chenango,0,0,0,0,,,
4186,2020-03-03,Chenango,0,0,0,0,,,
4187,2020-03-04,Chenango,0,0,0,0,,,
4188,2020-03-05,Chenango,0,0,0,0,,,
4189,2020-03-06,Chenango,0,0,0,0,,,
4190,2020-03-07,Chenango,0,0,0,0,,0.0,
4191,2020-03-08,Chenango,0,0,0,0,,0.0,
4192,2020-03-09,Chenango,0,0,0,0,,0.0,
4193,2020-03-10,Chenango,0,0,0,0,,0.0,
4194,2020-03-11,Chenango,0,0,0,0,,0.0,
4195,2020-03-12,Chenango,0,0,0,0,,0.0,
4196,2020-03-13,Chenango,0,0,0,0,,0.0,
4197,2020-03-14,Chenango,0,0,0,0,,0.0,
4198,2020-03-15,Chenango,0,0,1,1,0.0,0.0,
4199,2020-03-16,Chenango,0,0,2,3,0.0,0.0,
4200,2020-03-17,Chenango,1,1,1,4,1.0,0.0,
4201,2020-03-18,Chenango,1,2,1,5,1.0,0.0,
4202,2020-03-19,Chenango,0,2,0,5,,0.0,
4203,2020-03-20,Chenango,0,2,4,9,0.0,0.0,
4204,2020-03-21,Chenango,1,3,4,13,0.25,0.0,
4205,2020-03-22,Chenango,0,3,2,15,0.0,0.0,
4206,2020-03-23,Chenango,0,3,3,18,0.0,0.0,
4207,2020-03-24,Chenango,0,3,6,24,0.0,0.0,
4208,2020-03-25,Chenango,0,3,1,25,0.0,0.0,
4209,2020-03-26,Chenango,1,4,6,31,0.16666666666666666,0.0,0.02976190476190476
4210,2020-03-27,Chenango,4,8,13,44,0.3076923076923077,0.0,0.051739926739926737
4211,2020-03-28,Chenango,7,15,15,59,0.4666666666666667,0.0,0.06721611721611721
4212,2020-03-29,Chenango,2,17,7,66,0.2857142857142857,1.0,0.08762428048142334
4213,2020-03-30,Chenango,2,19,9,75,0.2222222222222222,1.0,0.1034972963544392
4214,2020-03-31,Chenango,7,26,20,95,0.35,1.0,0.1284972963544392
4215,2020-04-01,Chenango,2,28,16,111,0.125,1.0,0.13742586778301064
4216,2020-04-02,Chenango,4,32,17,128,0.23529411764705882,2.0,0.14232782856732434
4217,2020-04-03,Chenango,7,39,40,168,0.175,2.0,0.1328498065893024
4218,2020-04-04,Chenango,4,43,17,185,0.23529411764705882,2.0,0.11632319594504469
4219,2020-04-05,Chenango,3,46,27,212,0.1111111111111111,2.0,0.1038515406162465
4220,2020-04-06,Chenango,5,51,42,254,0.11904761904761904,2.0,0.09648192610377485
4221,2020-04-07,Chenango,2,53,11,265,0.18181818181818182,1.0,0.08446893909078783
4222,2020-04-08,Chenango,2,55,21,286,0.09523809523809523,1.0,0.08234308875065179
4223,2020-04-09,Chenango,5,60,29,315,0.1724137931034483,2.0,0.07785163699753674
4224,2020-04-10,Chenango,1,61,17,332,0.058823529411764705,1.0,0.06955331766980566
4225,2020-04-11,Chenango,2,63,12,344,0.16666666666666666,1.0,0.06465135688549192
4226,2020-04-12,Chenango,2,65,17,361,0.11764705882352941,1.0,0.0651182102935218
4227,2020-04-13,Chenango,3,68,36,397,0.08333333333333333,1.0,0.06256718988535855
4228,2020-04-14,Chenango,3,71,17,414,0.17647058823529413,1.0,0.06218521891515227
4229,2020-04-15,Chenango,2,73,21,435,0.09523809523809523,1.0,0.06218521891515227
4230,2020-04-16,Chenango,3,76,16,451,0.1875,1.0,0.06326280512204882
4231,2020-04-17,Chenango,1,77,11,462,0.09090909090909091,1.0,0.06555463094328641
4232,2020-04-18,Chenango,1,78,13,475,0.07692307692307693,1.0,0.05914437453303
4233,2020-04-19,Chenango,0,78,11,486,0.0,0.0,0.05074101318849218
4234,2020-04-20,Chenango,1,79,7,493,0.14285714285714285,0.0,0.054992713868764295
4235,2020-04-21,Chenango,0,79,17,510,0.0,0.0,0.04238767185195757
4236,2020-04-22,Chenango,3,82,20,530,0.15,0.0,0.046299236477807905
4237,2020-04-23,Chenango,2,84,20,550,0.1,0.0,0.040049236477807906
4238,2020-04-24,Chenango,7,91,144,694,0.04861111111111111,1.0,0.03702795220652363
4239,2020-04-25,Chenango,2,93,19,713,0.10526315789473684,1.0,0.03905224370449935
4240,2020-04-26,Chenango,2,95,23,736,0.08695652173913043,1.0,0.04526342382872295
4241,2020-04-27,Chenango,0,95,10,746,0.0,1.0,0.03505934219606988
4242,2020-04-28,Chenango,1,96,18,764,0.05555555555555555,1.0,0.03902759616432385
4243,2020-04-29,Chenango,2,98,25,789,0.08,1.0,0.034027596164323846
4244,2020-04-30,Chenango,1,99,21,810,0.047619047619047616,1.0,0.030286099565684396
4245,2020-05-01,Chenango,0,99,35,845,0.0,0.0,0.026813877343462172
4246,2020-05-02,Chenango,0,99,36,881,0.0,0.0,0.01929508035098097
4247,2020-05-03,Chenango,1,100,50,931,0.02,0.0,0.014512471655328799
4248,2020-05-04,Chenango,0,100,42,973,0.0,0.0,0.014512471655328799
4249,2020-05-05,Chenango,2,102,51,1024,0.0392156862745098,0.0,0.013345338135254101
4250,2020-05-06,Chenango,3,105,50,1074,0.06,0.0,0.011916766706682671
4251,2020-05-07,Chenango,0,105,26,1100,0.0,0.0,0.008515406162464986
4252,2020-05-08,Chenango,4,109,181,1281,0.022099447513812154,0.0,0.010093938127737281
4253,2020-05-09,Chenango,0,109,45,1326,0.0,0.0,0.010093938127737281
4254,2020-05-10,Chenango,2,111,107,1433,0.018691588785046728,0.0,0.01000048018381205
4255,2020-05-11,Chenango,1,112,197,1630,0.005076142131979695,0.0,0.01036306176466774
4256,2020-05-12,Chenango,0,112,83,1713,0.0,0.0,0.007561941316488469
4257,2020-05-13,Chenango,0,112,41,1754,0.0,0.0,0.003276227030774184
4258,2020-05-14,Chenango,1,113,45,1799,0.022222222222222223,0.0,0.004863528618075771
4259,2020-05-15,Chenango,2,115,54,1853,0.037037037037037035,0.0,0.005930499298306121
4260,2020-05-16,Chenango,2,117,50,1903,0.04,0.0,0.008787642155448978
4261,2020-05-17,Chenango,1,118,62,1965,0.016129032258064516,0.0,0.008604602403521676
4262,2020-05-18,Chenango,0,118,67,2032,0.0,0.0,0.008242020822665983
4263,2020-05-19,Chenango,0,118,54,2086,0.0,0.0,0.008242020822665983
4264,2020-05-20,Chenango,0,118,150,2236,0.0,0.0,0.008242020822665983
4265,2020-05-21,Chenango,0,118,219,2455,0.0,0.0,0.006654719235364396
4266,2020-05-22,Chenango,0,118,143,2598,0.0,0.0,0.004009216589861751
4267,2020-05-23,Chenango,0,118,226,2824,0.0,0.0,0.001152073732718894
4268,2020-05-24,Chenango,1,119,217,3041,0.004608294930875576,0.0,0.0003291639236339697
4269,2020-05-25,Chenango,4,123,221,3262,0.01809954751131222,0.0,0.001621988745870557
4270,2020-05-26,Chenango,2,125,122,3384,0.01639344262295082,0.0,0.0027929489332241867
4271,2020-05-27,Chenango,1,126,139,3523,0.007194244604316547,0.0,0.003306823547818226
4272,2020-05-28,Chenango,4,130,168,3691,0.023809523809523808,0.0,0.005007503819927069
4273,2020-05-29,Chenango,2,132,199,3890,0.010050251256281407,1.0,0.005725378909661455
4274,2020-05-30,Chenango,1,133,404,4294,0.0024752475247524753,1.0,0.005902182304286632
4275,2020-05-31,Chenango,0,133,173,4467,0.0,1.0,0.005573018380652663
4276,2020-06-01,Chenango,0,133,190,4657,0.0,0.0,0.004280193558416076
4277,2020-06-02,Chenango,0,133,245,4902,0.0,0.0,0.0031092333710624454
4278,2020-06-03,Chenango,0,133,193,5095,0.0,0.0,0.002595358756468407
4279,2020-06-04,Chenango,0,133,329,5424,0.0,0.0,0.0008946784843595631
4280,2020-06-05,Chenango,0,133,252,5676,0.0,0.0,0.0001768033946251768
4281,2020-06-06,Chenango,1,134,233,5909,0.004291845493562232,0.0,0.00030656039239730225
4282,2020-06-07,Chenango,1,135,313,6222,0.003194888178913738,0.0,0.0005347666908911407
4283,2020-06-08,Chenango,0,135,177,6399,0.0,0.0,0.0005347666908911407
4284,2020-06-09,Chenango,2,137,234,6633,0.008547008547008548,0.0,0.0011452673013917513
4285,2020-06-10,Chenango,0,137,264,6897,0.0,0.0,0.0011452673013917513
4286,2020-06-11,Chenango,1,138,273,7170,0.003663003663003663,0.0,0.0014069104201777272
4287,2020-06-12,Chenango,0,138,188,7358,0.0,0.0,0.0014069104201777272
4288,2020-06-13,Chenango,0,138,219,7577,0.0,0.0,0.001100350027780425
4289,2020-06-14,Chenango,0,138,79,7656,0.0,0.0,0.0008721437292865866
4290,2020-06-15,Chenango,1,139,213,7869,0.004694835680751174,0.0,0.0012074891350545274
4291,2020-06-16,Chenango,0,139,175,8044,0.0,0.0,0.0005969885245539168
4292,2020-06-17,Chenango,0,139,281,8325,0.0,0.0,0.0005969885245539168
4293,2020-06-18,Chenango,0,139,359,8684,0.0,0.0,0.00033534540576794097
4294,2020-06-19,Chenango,0,139,169,8853,0.0,0.0,0.00033534540576794097
4295,2020-06-20,Chenango,0,139,348,9201,0.0,0.0,0.00033534540576794097
4296,2020-06-21,Chenango,1,140,134,9335,0.007462686567164179,0.0,0.000868394446279668
4297,2020-06-22,Chenango,1,141,273,9608,0.003663003663003663,0.0,0.000794692159297703
4298,2020-06-23,Chenango,1,142,83,9691,0.012048192771084338,0.0,0.0016552773572322988
4299,2020-06-24,Chenango,2,144,217,9908,0.009216589861751152,0.0,0.002313605204500238
4300,2020-06-25,Chenango,1,145,300,10208,0.0033333333333333335,0.0,0.002551700442595476
4301,2020-06-26,Chenango,1,146,199,10407,0.005025125628140704,0.0,0.002910637987462669
4302,2020-06-27,Chenango,0,146,234,10641,0.0,0.0,0.002910637987462669
4303,2020-06-28,Chenango,0,146,162,10803,0.0,0.0,0.002377588946950942
4304,2020-06-29,Chenango,0,146,104,10907,0.0,0.0,0.002115945828164966
4305,2020-06-30,Chenango,0,146,119,11026,0.0,0.0,0.0012553606302303706
4306,2020-07-01,Chenango,2,148,231,11257,0.008658008658008658,0.0,0.0012154619728201924
4307,2020-07-02,Chenango,0,148,256,11513,0.0,0.0,0.0009773667347249544
4308,2020-07-03,Chenango,1,149,115,11628,0.008695652173913044,0.0,0.0012395472022801216
4309,2020-07-04,Chenango,1,150,89,11717,0.011235955056179775,0.0,0.0020421154205786766
4310,2020-07-05,Chenango,6,156,433,12150,0.013856812933025405,0.0,0.003031887772937634
4311,2020-07-06,Chenango,1,157,225,12375,0.0044444444444444444,0.0,0.0033493480903979515
4312,2020-07-07,Chenango,2,159,83,12458,0.024096385542168676,0.0,0.005070518486267142
4313,2020-07-08,Chenango,4,163,87,12545,0.04597701149425287,1.0,0.007736161545998872
4314,2020-07-09,Chenango,3,166,208,12753,0.014423076923076924,1.0,0.008766381326218653
4315,2020-07-10,Chenango,0,166,133,12886,0.0,1.0,0.008145263313796293
4316,2020-07-11,Chenango,0,166,162,13048,0.0,1.0,0.007342695095497737
4317,2020-07-12,Chenango,3,169,188,13236,0.015957446808510637,0.0,0.007492740372318111
4318,2020-07-13,Chenango,2,171,282,13518,0.0070921985815602835,1.0,0.007681865667826386
4319,2020-07-14,Chenango,4,175,209,13727,0.019138755980861243,1.0,0.00732774927059014
4320,2020-07-15,Chenango,3,178,129,13856,0.023255813953488372,1.0,0.005704806589106962
4321,2020-07-16,Chenango,3,181,197,14053,0.015228426395939087,1.0,0.005762331551454259
4322,2020-07-17,Chenango,1,182,173,14226,0.005780346820809248,1.0,0.006175213467226348
4323,2020-07-18,Chenango,0,182,112,14338,0.0,1.0,0.006175213467226348
4324,2020-07-19,Chenango,2,184,134,14472,0.014925373134328358,1.0,0.006101493919070471
4325,2020-07-20,Chenango,4,188,175,14647,0.022857142857142857,1.0,0.007227561367326369
4326,2020-07-21,Chenango,3,191,306,14953,0.00980392156862745,1.0,0.006560787480738241
4327,2020-07-22,Chenango,3,194,204,15157,0.014705882352941176,1.0,0.005950078080699156
4328,2020-07-23,Chenango,2,196,212,15369,0.009433962264150943,1.0,0.005536187785571431
4329,2020-07-24,Chenango,7,203,220,15589,0.031818181818181815,1.0,0.007396033142526614
4330,2020-07-25,Chenango,0,203,102,15691,0.0,1.0,0.007396033142526614
4331,2020-07-26,Chenango,0,203,249,15940,0.0,1.0,0.00632993506150316
4332,2020-07-27,Chenango,0,203,92,16032,0.0,1.0,0.004697282000278671
4333,2020-07-28,Chenango,2,205,147,16179,0.013605442176870748,1.0,0.004968819186581763
4334,2020-07-29,Chenango,1,206,108,16287,0.009259259259259259,0.0,0.004579774679890197
4335,2020-07-30,Chenango,1,207,189,16476,0.005291005291005291,0.0,0.004283849181808365
4336,2020-07-31,Chenango,2,209,193,16669,0.010362694300518135,0.0,0.0027513143591181024
4337,2020-08-01,Chenango,2,211,289,16958,0.006920415224913495,0.0,0.0032456297323262095
4338,2020-08-02,Chenango,0,211,206,17164,0.0,0.0,0.0032456297323262095
4339,2020-08-03,Chenango,1,212,111,17275,0.009009009009009009,0.0,0.003889130375826853
4340,2020-08-04,Chenango,0,212,179,17454,0.0,0.0,0.002917313077478942
4341,2020-08-05,Chenango,0,212,95,17549,0.0,0.0,0.0022559374161032807
4342,2020-08-06,Chenango,3,215,213,17762,0.014084507042253521,0.0,0.002884044684049583
4343,2020-08-07,Chenango,0,215,155,17917,0.0,0.0,0.0021438522340125736
4344,2020-08-08,Chenango,1,216,165,18082,0.006060606060606061,0.0,0.0020824372937048993
4345,2020-08-09,Chenango,0,216,122,18204,0.0,0.0,0.0020824372937048993
4346,2020-08-10,Chenango,2,218,520,18724,0.0038461538461538464,0.0,0.0017136619249295305
4347,2020-08-11,Chenango,0,218,95,18819,0.0,0.0,0.0017136619249295305
4348,2020-08-12,Chenango,0,218,158,18977,0.0,0.0,0.0017136619249295305
4349,2020-08-13,Chenango,0,218,185,19162,0.0,0.0,0.0007076257076257077
4350,2020-08-14,Chenango,0,218,227,19389,0.0,0.0,0.0007076257076257077
4351,2020-08-15,Chenango,0,218,278,19667,0.0,0.0,0.0002747252747252747
4352,2020-08-16,Chenango,0,218,249,19916,0.0,0.0,0.0002747252747252747
4353,2020-08-17,Chenango,0,218,173,20089,0.0,0.0,0.0
4354,2020-08-18,Chenango,0,218,183,20272,0.0,0.0,0.0
4355,2020-08-19,Chenango,1,219,144,20416,0.006944444444444444,0.0,0.000496031746031746
4356,2020-08-20,Chenango,3,222,419,20835,0.007159904534606206,0.0,0.0010074534985036177
4357,2020-08-21,Chenango,1,223,280,21115,0.0035714285714285713,0.0,0.0012625555393199444
4358,2020-08-22,Chenango,0,223,131,21246,0.0,0.0,0.0012625555393199444
4359,2020-08-23,Chenango,0,223,119,21365,0.0,0.0,0.0012625555393199444
4360,2020-08-24,Chenango,0,223,144,21509,0.0,0.0,0.0012625555393199444
4361,2020-08-25,Chenango,0,223,144,21653,0.0,0.0,0.0012625555393199444
4362,2020-08-26,Chenango,1,224,173,21826,0.005780346820809248,0.0,0.0011794057090602876
4363,2020-08-27,Chenango,0,224,361,22187,0.0,0.0,0.0006679839565884157
4364,2020-08-28,Chenango,1,225,290,22477,0.0034482758620689655,0.0,0.0006591873344913011
4365,2020-08-29,Chenango,2,227,210,22687,0.009523809523809525,0.0,0.0013394594433348386
4366,2020-08-30,Chenango,1,228,153,22840,0.006535947712418301,0.0,0.0018063128513647172
4367,2020-08-31,Chenango,1,229,349,23189,0.0028653295128939827,0.0,0.0020109792451428587
4368,2020-09-01,Chenango,0,229,158,23347,0.0,0.0,0.0020109792451428587
4369,2020-09-02,Chenango,1,230,134,23481,0.007462686567164179,0.0,0.0021311463698824966
4370,2020-09-03,Chenango,1,231,164,23645,0.006097560975609756,0.0,0.002566686439568908
4371,2020-09-04,Chenango,2,233,330,23975,0.006060606060606061,0.0,0.002753281453750129
4372,2020-09-05,Chenango,2,235,176,24151,0.011363636363636364,0.0,0.002884697656594903
4373,2020-09-06,Chenango,0,235,294,24445,0.0,0.0,0.0024178442485650246
4374,2020-09-07,Chenango,4,239,187,24632,0.0213903743315508,0.0,0.00374106173561194
4375,2020-09-08,Chenango,1,240,80,24712,0.0125,0.0,0.004633918878469083
4376,2020-09-09,Chenango,2,242,120,24832,0.016666666666666666,0.0,0.005291346028433547
4377,2020-09-10,Chenango,2,244,232,25064,0.008620689655172414,0.0,0.005471569505545165
4378,2020-09-11,Chenango,1,245,446,25510,0.002242152466367713,0.0,0.005198822820242427
4379,2020-09-12,Chenango,0,245,314,25824,0.0,0.0,0.004387134508554115
4380,2020-09-13,Chenango,0,245,255,26079,0.0,0.0,0.004387134508554115
4381,2020-09-14,Chenango,0,245,93,26172,0.0,0.0,0.002859250627729057
4382,2020-09-15,Chenango,0,245,92,26264,0.0,0.0,0.0019663934848719138
4383,2020-09-16,Chenango,0,245,218,26482,0.0,0.0,0.0007759172943957233
4384,2020-09-17,Chenango,3,248,223,26705,0.013452914798206279,0.0,0.0011210762331838565
4385,2020-09-18,Chenango,0,248,338,27043,0.0,0.0,0.0009609224855861628
4386,2020-09-19,Chenango,0,248,283,27326,0.0,0.0,0.0009609224855861628
4387,2020-09-20,Chenango,0,248,173,27499,0.0,0.0,0.0009609224855861628
4388,2020-09-21,Chenango,0,248,87,27586,0.0,0.0,0.0009609224855861628
4389,2020-09-22,Chenango,0,248,107,27693,0.0,0.0,0.0009609224855861628
4390,2020-09-23,Chenango,0,248,161,27854,0.0,0.0,0.0009609224855861628
4391,2020-09-24,Chenango,0,248,166,28020,0.0,0.0,0.0
4392,2020-09-25,Chenango,1,249,457,28477,0.002188183807439825,0.0,0.00015629884338855892
4393,2020-09-26,Chenango,0,249,186,28663,0.0,0.0,0.00015629884338855892
4394,2020-09-27,Chenango,2,251,103,28766,0.019417475728155338,0.0,0.0015432613953996546
4395,2020-09-28,Chenango,0,251,111,28877,0.0,0.0,0.0015432613953996546
4396,2020-09-29,Chenango,2,253,174,29051,0.011494252873563218,0.0,0.0023642794577970272
4397,2020-09-30,Chenango,0,253,157,29208,0.0,0.0,0.0023642794577970272
4398,2020-10-01,Chenango,4,257,262,29470,0.015267175572519083,0.0,0.0034547919986912473
4399,2020-10-02,Chenango,2,259,457,29927,0.00437636761487965,0.0,0.0036110908420798065
4400,2020-10-03,Chenango,2,261,298,30225,0.006711409395973154,0.0,0.00409047722750646
4401,2020-10-04,Chenango,1,262,148,30373,0.006756756756756757,0.0,0.003186140158120847
4402,2020-10-05,Chenango,1,263,78,30451,0.01282051282051282,0.0,0.004101891073871764
4403,2020-10-06,Chenango,2,265,98,30549,0.02040816326530612,0.0,0.004738598958996256
4404,2020-10-07,Chenango,2,267,247,30796,0.008097165991902834,1.0,0.005316967958417886
4405,2020-10-08,Chenango,1,268,295,31091,0.003389830508474576,0.0,0.0044685861681289935
4406,2020-10-09,Chenango,3,271,312,31403,0.009615384615384616,0.0,0.004842801668165063
4407,2020-10-10,Chenango,4,275,247,31650,0.016194331983805668,1.0,0.00552015328158167
4408,2020-10-11,Chenango,2,277,400,32050,0.005,1.0,0.005394670656099046
4409,2020-10-12,Chenango,3,280,189,32239,0.015873015873015872,1.0,0.005612706588420692
4410,2020-10-13,Chenango,10,290,93,32332,0.10752688172043011,1.0,0.011835472192358119
4411,2020-10-14,Chenango,1,291,267,32599,0.003745318352059925,1.0,0.011524625932369342
4412,2020-10-15,Chenango,3,294,297,32896,0.010101010101010102,1.0,0.012003995903264736
4413,2020-10-16,Chenango,10,304,389,33285,0.02570694087403599,2.0,0.01315339277888269
4414,2020-10-17,Chenango,9,313,281,33566,0.03202846975088968,2.0,0.014284402619388691
4415,2020-10-18,Chenango,17,330,337,33903,0.050445103857566766,3.0,0.017530481466357745
4416,2020-10-19,Chenango,1,331,233,34136,0.004291845493562232,3.0,0.016703255010682486
4417,2020-10-20,Chenango,6,337,114,34250,0.05263157894736842,3.0,0.012782161955463795
4418,2020-10-21,Chenango,10,347,198,34448,0.050505050505050504,4.0,0.01612214282353455
4419,2020-10-22,Chenango,11,358,205,34653,0.05365853658536585,4.0,0.019233394715274243
4420,2020-10-23,Chenango,7,365,356,35009,0.019662921348314606,4.0,0.018801679034865574
4421,2020-10-24,Chenango,16,381,447,35456,0.035794183445190156,4.0,0.01907065858445847
4422,2020-10-25,Chenango,5,386,198,35654,0.025252525252525252,4.0,0.017271188684098358
4423,2020-10-26,Chenango,2,388,120,35774,0.016666666666666666,4.0,0.018155104482177244
4424,2020-10-27,Chenango,9,397,404,36178,0.022277227722772276,4.0,0.015986936537563234
4425,2020-10-28,Chenango,11,408,438,36616,0.02511415525114155,4.0,0.014173301162284024
4426,2020-10-29,Chenango,5,413,174,36790,0.028735632183908046,3.0,0.012393093705037038
4427,2020-10-30,Chenango,6,419,324,37114,0.018518518518518517,3.0,0.012311350645765887
4428,2020-10-31,Chenango,6,425,317,37431,0.01892744479495268,3.0,0.011106583599320357
4429,2020-11-01,Chenango,3,428,253,37684,0.011857707509881422,3.0,0.010149810903417225
4430,2020-11-02,Chenango,2,430,207,37891,0.00966183574879227,3.0,0.009649465837854768
4431,2020-11-03,Chenango,2,432,151,38042,0.013245033112582781,2.0,0.00900430907998409
4432,2020-11-04,Chenango,11,443,333,38375,0.03303303303303303,2.0,0.009569943207262052
4433,2020-11-05,Chenango,6,449,383,38758,0.015665796344647518,2.0,0.008636383504457732
4434,2020-11-06,Chenango,6,455,401,39159,0.014962593516209476,2.0,0.008382388861435655
4435,2020-11-07,Chenango,5,460,205,39364,0.024390243902439025,2.0,0.008772588797684682
4436,2020-11-08,Chenango,8,468,159,39523,0.050314465408805034,2.0,0.011519500076179223
4437,2020-11-09,Chenango,4,472,245,39768,0.0163265306122449,3.0,0.011995549709282984
4438,2020-11-10,Chenango,5,477,316,40084,0.015822784810126583,3.0,0.012179674830536114
4439,2020-11-11,Chenango,3,480,287,40371,0.010452961672473868,2.0,0.010566812590496173
4440,2020-11-12,Chenango,9,489,327,40698,0.027522935779816515,2.0,0.011413751121579673
4441,2020-11-13,Chenango,6,495,302,41000,0.019867549668874173,2.0,0.011764105132484293
4442,2020-11-14,Chenango,6,501,145,41145,0.041379310344827586,2.0,0.012977609878369187
4443,2020-11-15,Chenango,5,506,167,41312,0.029940119760479042,2.0,0.011522299474917333
4444,2020-11-16,Chenango,6,512,181,41493,0.03314917127071823,2.0,0.012723916664808285
4445,2020-11-17,Chenango,6,518,232,41725,0.02586206896551724,2.0,0.013441008390193332
4446,2020-11-18,Chenango,13,531,344,42069,0.0377906976744186,3.0,0.01539370381890367
4447,2020-11-19,Chenango,11,542,187,42256,0.058823529411764705,3.0,0.01762946050689997
4448,2020-11-20,Chenango,9,551,344,42600,0.02616279069767442,4.0,0.018079120580385705
4449,2020-11-21,Chenango,12,563,268,42868,0.04477611940298507,4.0,0.01832174979882552
4450,2020-11-22,Chenango,15,578,360,43228,0.041666666666666664,5.0,0.01915936029212464
4451,2020-11-23,Chenango,5,583,205,43433,0.024390243902439025,5.0,0.01853372262296184
4452,2020-11-24,Chenango,19,602,353,43786,0.053824362606232294,6.0,0.02053102931158434
4453,2020-11-25,Chenango,3,605,273,44059,0.01098901098901099,5.0,0.01861662311976951
4454,2020-11-26,Chenango,18,623,406,44465,0.04433497536945813,5.0,0.017581726402461896
4455,2020-11-27,Chenango,6,629,212,44677,0.02830188679245283,5.0,0.017734518980660356
4456,2020-11-28,Chenango,10,639,314,44991,0.03184713375796178,5.0,0.016811020006015837
4457,2020-11-29,Chenango,4,643,276,45267,0.014492753623188406,4.0,0.01487002621719596
4458,2020-11-30,Chenango,6,649,203,45470,0.029556650246305417,4.0,0.015239055241757846
4459,2020-12-01,Chenango,3,652,306,45776,0.00980392156862745,3.0,0.012094738024786071
4460,2020-12-02,Chenango,13,665,409,46185,0.03178484107579462,4.0,0.013580154459556331
4461,2020-12-03,Chenango,17,682,335,46520,0.050746268656716415,4.0,0.01403810398007478
4462,2020-12-04,Chenango,28,710,577,47097,0.04852686308492201,5.0,0.01548274514382258
4463,2020-12-05,Chenango,14,724,487,47584,0.028747433264887063,6.0,0.015261337965745813
4464,2020-12-06,Chenango,15,739,287,47871,0.05226480836236934,6.0,0.01795934187568731
4465,2020-12-07,Chenango,15,754,188,48059,0.0797872340425532,7.0,0.021547240718276434
4466,2020-12-08,Chenango,13,767,307,48366,0.04234527687296417,8.0,0.02387162324001477
4467,2020-12-09,Chenango,14,781,471,48837,0.029723991507430998,8.0,0.02372441969941737
4468,2020-12-10,Chenango,34,815,339,49176,0.10029498525073746,9.0,0.02726361374184744
4469,2020-12-11,Chenango,20,835,588,49764,0.034013605442176874,8.0,0.026226952481651362
4470,2020-12-12,Chenango,33,868,410,50174,0.08048780487804878,10.0,0.02992269331116291
4471,2020-12-13,Chenango,12,880,356,50530,0.033707865168539325,10.0,0.02859719736874649
4472,2020-12-14,Chenango,12,892,150,50680,0.08,9.0,0.028612394937135546
4473,2020-12-15,Chenango,25,917,253,50933,0.09881422924901186,10.0,0.032645891535424666
4474,2020-12-16,Chenango,11,928,352,51285,0.03125,10.0,0.03275489214203674
4475,2020-12-17,Chenango,17,945,448,51733,0.03794642857142857,9.0,0.02830142380780039
4476,2020-12-18,Chenango,17,962,206,51939,0.0825242718446602,9.0,0.03176647140797777
4477,2020-12-19,Chenango,10,972,298,52237,0.03355704697986577,7.0,0.028414274415250407
4478,2020-12-20,Chenango,16,988,212,52449,0.07547169811320754,7.0,0.03139740533986957
4479,2020-12-21,Chenango,8,996,176,52625,0.045454545454545456,7.0,0.028929872872337097
4480,2020-12-22,Chenango,24,1020,316,52941,0.0759493670886076,7.0,0.027296668432308224
4481,2020-12-23,Chenango,16,1036,473,53414,0.03382663847780127,7.0,0.027480714037865457
4482,2020-12-24,Chenango,38,1074,316,53730,0.12025316455696203,9.0,0.033359766608260705
4483,2020-12-25,Chenango,28,1102,450,54180,0.06222222222222222,10.0,0.03190962020665799
4484,2020-12-26,Chenango,6,1108,228,54408,0.02631578947368421,9.0,0.031392387527645026
4485,2020-12-27,Chenango,21,1129,202,54610,0.10396039603960396,10.0,0.03342729452238762
4486,2020-12-28,Chenango,31,1160,271,54881,0.11439114391143912,11.0,0.0383513372693086
4487,2020-12-29,Chenango,19,1179,170,55051,0.11176470588235295,11.0,0.040909575754576134
4488,2020-12-30,Chenango,35,1214,536,55587,0.06529850746268656,12.0,0.043157566396353646
4489,2020-12-31,Chenango,36,1250,411,55998,0.08759124087591241,12.0,0.040824571847707235
4490,2021-01-01,Chenango,25,1275,278,56276,0.08992805755395683,12.0,0.04280356008568829
4491,2021-01-02,Chenango,21,1296,370,56646,0.05675675675675676,13.0,0.04497791489162204
4492,2021-01-03,Chenango,30,1326,501,57147,0.059880239520958084,14.0,0.041829332283147336
4493,2021-01-04,Chenango,11,1337,109,57256,0.10091743119266056,12.0,0.04086692423180601
4494,2021-01-05,Chenango,20,1357,295,57551,0.06779661016949153,12.0,0.03772634596660163
4495,2021-01-06,Chenango,36,1393,493,58044,0.07302231237322515,12.0,0.038278046317354375
4496,2021-01-07,Chenango,37,1430,436,58480,0.08486238532110092,12.0,0.03808312806343927
4497,2021-01-08,Chenango,41,1471,592,59072,0.06925675675675676,14.0,0.03660660657792498
4498,2021-01-09,Chenango,31,1502,422,59494,0.07345971563981042,14.0,0.03779967506957167
4499,2021-01-10,Chenango,27,1529,326,59820,0.08282208588957055,14.0,0.039438378381615416
4500,2021-01-11,Chenango,29,1558,329,60149,0.08814589665653495,15.0,0.038526125914749305
4501,2021-01-12,Chenango,23,1581,424,60573,0.054245283018867926,16.0,0.03755817397541905
4502,2021-01-13,Chenango,31,1612,456,61029,0.06798245614035088,15.0,0.03719818424449945
4503,2021-01-14,Chenango,42,1654,760,61789,0.05526315789473684,16.0,0.03508395371404488
4504,2021-01-15,Chenango,26,1680,628,62417,0.041401273885350316,14.0,0.03309427636608728
4505,2021-01-16,Chenango,24,1704,473,62890,0.0507399577167019,14.0,0.03147143651443667
4506,2021-01-17,Chenango,46,1750,459,63349,0.10021786492374728,15.0,0.03271399215973501
4507,2021-01-18,Chenango,8,1758,202,63551,0.039603960396039604,14.0,0.02924671099827105
4508,2021-01-19,Chenango,37,1795,539,64090,0.0686456400742115,15.0,0.030275307930795598
4509,2021-01-20,Chenango,26,1821,461,64551,0.05639913232104121,14.0,0.029447927657987764
4510,2021-01-21,Chenango,29,1850,569,65120,0.050966608084358524,14.0,0.02914103124296074
4511,2021-01-22,Chenango,38,1888,816,65936,0.04656862745098039,14.0,0.029510127926220032
4512,2021-01-23,Chenango,38,1926,673,66609,0.05646359583952452,15.0,0.02991895922070736
4513,2021-01-24,Chenango,17,1943,496,67105,0.034274193548387094,13.0,0.0252086969796102
4514,2021-01-25,Chenango,16,1959,230,67335,0.06956521739130435,14.0,0.027348786764986255
4515,2021-01-26,Chenango,18,1977,303,67638,0.0594059405940594,13.0,0.026688808230689677
4516,2021-01-27,Chenango,24,2001,523,68161,0.045889101338432124,12.0,0.02593809173193189
4517,2021-01-28,Chenango,48,2049,735,68896,0.0653061224489796,14.0,0.026962342757976255
4518,2021-01-29,Chenango,29,2078,762,69658,0.03805774278215223,13.0,0.026354422424488527
4519,2021-01-30,Chenango,32,2110,529,70187,0.06049149338374291,13.0,0.02664212939193269
4520,2021-01-31,Chenango,9,2119,389,70576,0.02313624678663239,12.0,0.02584656176609307
4521,2021-02-01,Chenango,14,2133,171,70747,0.08187134502923976,12.0,0.02672557088308846
4522,2021-02-02,Chenango,13,2146,389,71136,0.033419023136246784,12.0,0.0248693624932447
4523,2021-02-03,Chenango,29,2175,513,71649,0.056530214424951264,12.0,0.02562944199942464
4524,2021-02-04,Chenango,20,2195,508,72157,0.03937007874015748,10.0,0.023776867448794488
4525,2021-02-05,Chenango,19,2214,521,72678,0.036468330134357005,9.0,0.023663337973951974
4526,2021-02-06,Chenango,23,2237,516,73194,0.044573643410852716,9.0,0.022526348690174103
4527,2021-02-07,Chenango,12,2249,303,73497,0.039603960396039604,9.0,0.0237026139479889
4528,2021-02-08,Chenango,7,2256,120,73617,0.058333333333333334,8.0,0.022021327398281297
4529,2021-02-09,Chenango,10,2266,253,73870,0.039525691699604744,8.0,0.022457518009949724
4530,2021-02-10,Chenango,19,2285,378,74248,0.05026455026455026,7.0,0.02200997056992108
4531,2021-02-11,Chenango,13,2298,669,74917,0.01943198804185351,7.0,0.020585821234327943
4532,2021-02-12,Chenango,9,2307,644,75561,0.013975155279503106,6.0,0.018979165887552663
4533,2021-02-13,Chenango,12,2319,478,76039,0.02510460251046025,5.0,0.0175885201089532
4534,2021-02-14,Chenango,8,2327,226,76265,0.035398230088495575,5.0,0.017288110801271486
4535,2021-02-15,Chenango,1,2328,125,76390,0.008,5.0,0.01369287270603339
4536,2021-02-16,Chenango,1,2329,298,76688,0.003355704697986577,4.0,0.011109302205917807
4537,2021-02-17,Chenango,9,2338,527,77215,0.017077798861480076,3.0,0.008738819962841362
4538,2021-02-18,Chenango,6,2344,508,77723,0.011811023622047244,3.0,0.00819446536142663
4539,2021-02-19,Chenango,15,2359,553,78276,0.027124773960216998,3.0,0.00913372383862048
4540,2021-02-20,Chenango,17,2376,499,78775,0.03406813627254509,4.0,0.009773976250197967
4541,2021-02-21,Chenango,7,2383,282,79057,0.024822695035460994,4.0,0.009018580889266926
4542,2021-02-22,Chenango,2,2385,106,79163,0.018867924528301886,4.0,0.009794861212717063
4543,2021-02-23,Chenango,5,2390,255,79418,0.0196078431372549,4.0,0.01095572824409337
4544,2021-02-24,Chenango,7,2397,530,79948,0.013207547169811321,4.0,0.01067928169468846
4545,2021-02-25,Chenango,13,2410,638,80586,0.02037617554858934,4.0,0.01129107826087004
4546,2021-02-26,Chenango,17,2427,556,81142,0.030575539568345324,4.0,0.01153756151859349
4547,2021-02-27,Chenango,7,2434,608,81750,0.011513157894736841,4.0,0.009926491634464327
4548,2021-02-28,Chenango,5,2439,258,82008,0.01937984496124031,4.0,0.009537716629162852
4549,2021-03-01,Chenango,4,2443,109,82117,0.03669724770642202,4.0,0.010811239713314288
4550,2021-03-02,Chenango,9,2452,393,82510,0.022900763358778626,4.0,0.011046448300565984
4551,2021-03-03,Chenango,9,2461,527,83037,0.017077798861480076,4.0,0.011322894849970896
4552,2021-03-04,Chenango,13,2474,601,83638,0.021630615640599003,4.0,0.011412497713685871
4553,2021-03-05,Chenango,13,2487,570,84208,0.02280701754385965,4.0,0.010857603283365465
4554,2021-03-06,Chenango,15,2502,495,84703,0.030303030303030304,4.0,0.012199737026814999
4555,2021-03-07,Chenango,3,2505,237,84940,0.012658227848101266,4.0,0.011719621518733639
4556,2021-03-08,Chenango,5,2510,146,85086,0.03424657534246575,4.0,0.011544573492736765
4557,2021-03-09,Chenango,17,2527,300,85386,0.056666666666666664,5.0,0.013956423729014482
4558,2021-03-10,Chenango,4,2531,309,85695,0.012944983818770227,5.0,0.013661222654535206
4559,2021-03-11,Chenango,10,2541,752,86447,0.013297872340425532,4.0,0.013066026704522813
4560,2021-03-12,Chenango,13,2554,514,86961,0.02529182879377432,4.0,0.013243513222373863
4561,2021-03-13,Chenango,9,2563,511,87472,0.01761252446183953,4.0,0.012337048519431664
4562,2021-03-14,Chenango,7,2570,197,87669,0.03553299492385787,4.0,0.01397096045341428
4563,2021-03-15,Chenango,15,2585,153,87822,0.09803921568627451,5.0,0.01852757762082919
4564,2021-03-16,Chenango,13,2598,374,88196,0.034759358288770054,5.0,0.016962769879550862
4565,2021-03-17,Chenango,11,2609,309,88505,0.03559870550161812,5.0,0.018580892856897135
4566,2021-03-18,Chenango,16,2625,752,89257,0.02127659574468085,6.0,0.019150801671486806
4567,2021-03-19,Chenango,14,2639,521,89778,0.026871401151631478,6.0,0.0192636282684766
4568,2021-03-20,Chenango,12,2651,578,90356,0.020761245674740483,6.0,0.019488536926540956
4569,2021-03-21,Chenango,8,2659,175,90531,0.045714285714285714,6.0,0.020215771983000088
4570,2021-03-22,Chenango,12,2671,159,90690,0.07547169811320754,6.0,0.018603806442066734
4571,2021-03-23,Chenango,15,2686,335,91025,0.04477611940298507,6.0,0.019319289378796376
4572,2021-03-24,Chenango,14,2700,271,91296,0.05166051660516605,6.0,0.020466561600478373
4573,2021-03-25,Chenango,23,2723,776,92072,0.029639175257731958,7.0,0.021063888708553448
4574,2021-03-26,Chenango,27,2750,697,92769,0.03873744619799139,7.0,0.021911463354722015
4575,2021-03-27,Chenango,21,2771,534,93303,0.03932584269662921,8.0,0.02323750599914264
4576,2021-03-28,Chenango,13,2784,218,93521,0.05963302752293578,8.0,0.024231701842617644
4577,2021-03-29,Chenango,13,2797,192,93713,0.06770833333333333,9.0,0.023677175786912343
4578,2021-03-30,Chenango,21,2818,333,94046,0.06306306306306306,9.0,0.02498338604834649
4579,2021-03-31,Chenango,17,2835,471,94517,0.036093418259023353,9.0,0.023871450452193438
4580,2021-04-01,Chenango,17,2852,599,95116,0.028380634390651086,9.0,0.023781554675973374
4581,2021-04-02,Chenango,14,2866,611,95727,0.022913256955810146,8.0,0.022651255444389
4582,2021-04-03,Chenango,13,2879,468,96195,0.027777777777777776,7.0,0.02182639366447104
4583,2021-04-04,Chenango,14,2893,161,96356,0.08695652173913043,7.0,0.02377807182277065
4584,2021-04-05,Chenango,7,2900,119,96475,0.058823529411764705,7.0,0.023143442971230038
4585,2021-04-06,Chenango,12,2912,279,96754,0.043010752688172046,6.0,0.021711135087309253
4586,2021-04-07,Chenango,22,2934,359,97113,0.06128133704735376,7.0,0.023510272143618567
4587,2021-04-08,Chenango,22,2956,714,97827,0.03081232492997199,7.0,0.023683964324998634
4588,2021-04-09,Chenango,17,2973,614,98441,0.02768729641693811,7.0,0.02402496714365063
4589,2021-04-10,Chenango,14,2987,397,98838,0.03526448362720403,7.0,0.024559731847181077
4590,2021-04-11,Chenango,20,3007,204,99042,0.09803921568627451,8.0,0.025351352843405655
4591,2021-04-12,Chenango,11,3018,189,99231,0.0582010582010582,8.0,0.025306890614069478
4592,2021-04-13,Chenango,13,3031,387,99618,0.03359173126614987,8.0,0.02463410336963932
4593,2021-04-14,Chenango,17,3048,436,100054,0.0389908256880734,8.0,0.02304192398683358
4594,2021-04-15,Chenango,10,3058,579,100633,0.017271157167530225,7.0,0.02207469771808774
4595,2021-04-16,Chenango,19,3077,505,101138,0.03762376237623762,7.0,0.022784445286609133
4596,2021-04-17,Chenango,14,3091,704,101842,0.019886363636363636,7.0,0.021686008144406247
4597,2021-04-18,Chenango,13,3104,166,102008,0.0783132530120482,6.0,0.020277010810532934
4598,2021-04-19,Chenango,21,3125,172,102180,0.12209302325581395,7.0,0.024840722600158353
4599,2021-04-20,Chenango,13,3138,297,102477,0.04377104377104377,7.0,0.025567816350507915
4600,2021-04-21,Chenango,18,3156,483,102960,0.037267080745341616,7.0,0.02544469171174136
4601,2021-04-22,Chenango,27,3183,756,103716,0.03571428571428571,8.0,0.026762058036509606
4602,2021-04-23,Chenango,19,3202,624,104340,0.030448717948717948,8.0,0.02624955486311534
4603,2021-04-24,Chenango,11,3213,452,104792,0.024336283185840708,8.0,0.02656740625950656
4604,2021-04-25,Chenango,6,3219,234,105026,0.02564102564102564,8.0,0.022805104304433523
4605,2021-04-26,Chenango,10,3229,139,105165,0.07194244604316546,7.0,0.019222920217815777
4606,2021-04-27,Chenango,9,3238,377,105542,0.023872679045092837,7.0,0.017801608451676425
4607,2021-04-28,Chenango,18,3256,645,106187,0.027906976744186046,7.0,0.017133029594451028
4608,2021-04-29,Chenango,12,3268,535,106722,0.022429906542056073,6.0,0.016184145367863195
4609,2021-04-30,Chenango,20,3288,566,107288,0.0353356890459364,6.0,0.016533214731950224
4610,2021-05-01,Chenango,10,3298,561,107849,0.017825311942959002,6.0,0.016068145357458673
4611,2021-05-02,Chenango,11,3309,189,108038,0.0582010582010582,6.0,0.01839386196888957
4612,2021-05-03,Chenango,13,3322,101,108139,0.12871287128712872,6.0,0.022448892343458378
4613,2021-05-04,Chenango,9,3331,294,108433,0.030612244897959183,6.0,0.0229302899043774
4614,2021-05-05,Chenango,11,3342,651,109084,0.016897081413210446,6.0,0.022143868809307715
4615,2021-05-06,Chenango,11,3353,603,109687,0.01824212271973466,6.0,0.021844741393427618
4616,2021-05-07,Chenango,3,3356,513,110200,0.005847953216374269,4.0,0.019738474548458892
4617,2021-05-08,Chenango,10,3366,471,110671,0.021231422505307854,4.0,0.019981768160055237
4618,2021-05-09,Chenango,3,3369,119,110790,0.025210084033613446,4.0,0.017625270005237757
4619,2021-05-10,Chenango,7,3376,135,110925,0.05185185185185185,3.0,0.012135197188432267
4620,2021-05-11,Chenango,12,3388,256,111181,0.046875,4.0,0.013296822552863751
4621,2021-05-12,Chenango,4,3392,598,111779,0.006688963210702341,3.0,0.012567671252684601
4622,2021-05-13,Chenango,5,3397,586,112365,0.008532423208191127,3.0,0.01187412128757435
4623,2021-05-14,Chenango,5,3402,571,112936,0.008756567425569177,3.0,0.012081879445373986
4624,2021-05-15,Chenango,7,3409,360,113296,0.019444444444444445,3.0,0.011954238155312312
4625,2021-05-16,Chenango,3,3412,167,113463,0.017964071856287425,3.0,0.011436665856931883
4626,2021-05-17,Chenango,8,3420,101,113564,0.07920792079207921,3.0,0.013390670781233837
4627,2021-05-18,Chenango,12,3432,341,113905,0.03519061583577713,3.0,0.012556071912360774
4628,2021-05-19,Chenango,5,3437,502,114407,0.0099601593625498,3.0,0.012789728780349879
4629,2021-05-20,Chenango,9,3446,513,114920,0.017543859649122806,3.0,0.013433402811845
4630,2021-05-21,Chenango,5,3451,456,115376,0.010964912280701754,3.0,0.013591141730068756
4631,2021-05-22,Chenango,4,3455,376,115752,0.010638297872340425,3.0,0.012962131260632755
4632,2021-05-23,Chenango,0,3455,125,115877,0.0,3.0,0.011678983270897938
4633,2021-05-24,Chenango,1,3456,101,115978,0.009900990099009901,2.0,0.006728488221392987
4634,2021-05-25,Chenango,2,3458,283,116261,0.007067137809187279,1.0,0.004719668362350855
4635,2021-05-26,Chenango,4,3462,394,116655,0.01015228426395939,1.0,0.004733391569594397
4636,2021-05-27,Chenango,0,3462,410,117065,0.0,1.0,0.0034802587375141964
4637,2021-05-28,Chenango,4,3466,421,117486,0.009501187648456057,1.0,0.0033757069780680758
4638,2021-05-29,Chenango,2,3468,293,117779,0.006825938566552901,0.0,0.0031033955990832523
4639,2021-05-30,Chenango,1,3469,99,117878,0.010101010101010102,1.0,0.003824896320583974
4640,2021-05-31,Chenango,2,3471,47,117925,0.0425531914893617,1.0,0.006157196419894816
4641,2021-06-01,Chenango,2,3473,99,118024,0.020202020202020204,1.0,0.007095402305097169
4642,2021-06-02,Chenango,2,3475,295,118319,0.006779661016949152,0.0,0.006854500644596437
4643,2021-06-03,Chenango,1,3476,585,118904,0.0017094017094017094,1.0,0.006976600766696559
4644,2021-06-04,Chenango,2,3478,455,119359,0.004395604395604396,0.0,0.006611916248635726
4645,2021-06-05,Chenango,5,3483,444,119803,0.01126126126126126,1.0,0.0069287250125434656
4646,2021-06-06,Chenango,5,3488,130,119933,0.038461538461538464,1.0,0.008954477038295492
4647,2021-06-07,Chenango,1,3489,77,120010,0.012987012987012988,1.0,0.0068426071452705834
4648,2021-06-08,Chenango,3,3492,220,120230,0.013636363636363636,1.0,0.006373631676295115
4649,2021-06-09,Chenango,2,3494,314,120544,0.006369426751592357,1.0,0.006344329228769629
4650,2021-06-10,Chenango,1,3495,505,121049,0.0019801980198019802,1.0,0.006363671822369648
4651,2021-06-11,Chenango,0,3495,340,121389,0.0,1.0,0.006049700079826477
4652,2021-06-12,Chenango,3,3498,388,121777,0.007731958762886598,1.0,0.005797607044228287
4653,2021-06-13,Chenango,0,3498,73,121850,0.0,0.0,0.0030503542969755396
4654,2021-06-14,Chenango,1,3499,129,121979,0.007751937984496124,0.0,0.0026764203682243352
4655,2021-06-15,Chenango,2,3501,170,122149,0.011764705882352941,0.0,0.002542730528652143
4656,2021-06-16,Chenango,2,3503,344,122493,0.005813953488372093,0.0,0.0025030538669935523
4657,2021-06-17,Chenango,1,3504,413,122906,0.002421307506053269,0.0,0.0025345616874400735
4658,2021-06-18,Chenango,0,3504,269,123175,0.0,0.0,0.0025345616874400735
4659,2021-06-19,Chenango,0,3504,116,123291,0.0,0.0,0.001982278918662459
4660,2021-06-20,Chenango,0,3504,58,123349,0.0,0.0,0.001982278918662459
4661,2021-06-21,Chenango,1,3505,73,123422,0.0136986301369863,0.0,0.002407042643840329
4662,2021-06-22,Chenango,2,3507,134,123556,0.014925373134328358,0.0,0.0026328045904100016
4663,2021-06-23,Chenango,2,3509,190,123746,0.010526315789473684,0.0,0.0029694018976315433
4664,2021-06-24,Chenango,1,3510,204,123950,0.004901960784313725,0.0,0.0031465914175072907
4665,2021-06-25,Chenango,1,3511,132,124082,0.007575757575757576,0.0,0.003687716958632832
4666,2021-06-26,Chenango,0,3511,134,124216,0.0,0.0,0.003687716958632832
4667,2021-06-27,Chenango,1,3512,38,124254,0.02631578947368421,0.0,0.005567416206753132
4668,2021-06-28,Chenango,1,3513,65,124319,0.015384615384615385,0.0,0.0056878437244409245
4669,2021-06-29,Chenango,1,3514,162,124481,0.006172839506172839,0.0,0.005062662751001245
4670,2021-06-30,Chenango,2,3516,143,124624,0.013986013986013986,0.0,0.005309784050754122
4671,2021-07-01,Chenango,0,3516,137,124761,0.0,0.0,0.004959643994731713
4672,2021-07-02,Chenango,0,3516,69,124830,0.0,0.0,0.004418518453606172
4673,2021-07-03,Chenango,0,3516,71,124901,0.0,0.0,0.004418518453606172
4674,2021-07-04,Chenango,0,3516,74,124975,0.0,0.0,0.002538819205485872
4675,2021-07-05,Chenango,0,3516,23,124998,0.0,0.0,0.001439918106584773
4676,2021-07-06,Chenango,0,3516,50,125048,0.0,0.0,0.000999000999000999
4677,2021-07-07,Chenango,2,3518,147,125195,0.013605442176870748,0.0,0.0009718172983479105
4678,2021-07-08,Chenango,0,3518,182,125377,0.0,0.0,0.0009718172983479105
4679,2021-07-09,Chenango,0,3518,95,125472,0.0,0.0,0.0009718172983479105
4680,2021-07-10,Chenango,1,3519,136,125608,0.007352941176470588,0.0,0.001497027382381524
4681,2021-07-11,Chenango,0,3519,61,125669,0.0,0.0,0.001497027382381524
4682,2021-07-12,Chenango,0,3519,36,125705,0.0,0.0,0.001497027382381524
4683,2021-07-13,Chenango,0,3519,101,125806,0.0,0.0,0.001497027382381524
4684,2021-07-14,Chenango,0,3519,140,125946,0.0,0.0,0.0005252100840336134
4685,2021-07-15,Chenango,0,3519,102,126048,0.0,0.0,0.0005252100840336134
4686,2021-07-16,Chenango,0,3519,89,126137,0.0,0.0,0.0005252100840336134
4687,2021-07-17,Chenango,0,3519,132,126269,0.0,0.0,0.0
4688,2021-07-18,Chenango,1,3520,25,126294,0.04,0.0,0.002857142857142857
4689,2021-07-19,Chenango,2,3522,67,126361,0.029850746268656716,0.0,0.004989339019189765
4690,2021-07-20,Chenango,2,3524,77,126438,0.025974025974025976,0.0,0.006844626588763049
4691,2021-07-21,Chenango,1,3525,82,126520,0.012195121951219513,0.0,0.007715706728135872
4692,2021-07-22,Chenango,1,3526,93,126613,0.010752688172043012,0.0,0.008483755883281801
4693,2021-07-23,Chenango,1,3527,79,126692,0.012658227848101266,0.0,0.009387915015289034
4694,2021-07-24,Chenango,4,3531,87,126779,0.04597701149425287,0.0,0.012671987264878526
4695,2021-07-25,Chenango,0,3531,75,126854,0.0,0.0,0.009814844407735668
4696,2021-07-26,Chenango,5,3536,133,126987,0.03759398496240601,1.0,0.010367932885860617
4697,2021-07-27,Chenango,2,3538,106,127093,0.018867924528301886,1.0,0.009860354211166041
4698,2021-07-28,Chenango,8,3546,101,127194,0.07920792079207921,1.0,0.014646982699798876
4699,2021-07-29,Chenango,7,3553,175,127369,0.04,1.0,0.016736076401795804
4700,2021-07-30,Chenango,9,3562,153,127522,0.058823529411764705,2.0,0.020033597942057477
4701,2021-07-31,Chenango,5,3567,163,127685,0.03067484662576687,2.0,0.018940586165737048
4702,2021-08-01,Chenango,3,3570,135,127820,0.022222222222222223,2.0,0.020527887753038637
4703,2021-08-02,Chenango,2,3572,126,127946,0.015873015873015872,2.0,0.018976389960939342
4704,2021-08-03,Chenango,6,3578,252,128198,0.023809523809523808,2.0,0.01932936133816948
4705,2021-08-04,Chenango,5,3583,172,128370,0.029069767441860465,2.0,0.01574806467029671
4706,2021-08-05,Chenango,7,3590,180,128550,0.03888888888888889,2.0,0.015668699590931628
4707,2020-03-01,Clinton,0,0,0,0,,,
4708,2020-03-02,Clinton,0,0,0,0,,,
4709,2020-03-03,Clinton,0,0,0,0,,,
4710,2020-03-04,Clinton,0,0,0,0,,,
4711,2020-03-05,Clinton,0,0,0,0,,,
4712,2020-03-06,Clinton,0,0,0,0,,,
4713,2020-03-07,Clinton,0,0,0,0,,0.0,
4714,2020-03-08,Clinton,0,0,0,0,,0.0,
4715,2020-03-09,Clinton,0,0,0,0,,0.0,
4716,2020-03-10,Clinton,0,0,0,0,,0.0,
4717,2020-03-11,Clinton,0,0,4,4,0.0,0.0,
4718,2020-03-12,Clinton,0,0,3,7,0.0,0.0,
4719,2020-03-13,Clinton,0,0,1,8,0.0,0.0,
4720,2020-03-14,Clinton,0,0,1,9,0.0,0.0,
4721,2020-03-15,Clinton,0,0,0,9,,0.0,
4722,2020-03-16,Clinton,1,1,1,10,1.0,0.0,
4723,2020-03-17,Clinton,0,1,3,13,0.0,0.0,
4724,2020-03-18,Clinton,1,2,21,34,0.047619047619047616,0.0,
4725,2020-03-19,Clinton,0,2,9,43,0.0,0.0,
4726,2020-03-20,Clinton,2,4,12,55,0.16666666666666666,0.0,
4727,2020-03-21,Clinton,0,4,2,57,0.0,0.0,
4728,2020-03-22,Clinton,2,6,12,69,0.16666666666666666,0.0,0.09863945578231292
4729,2020-03-23,Clinton,2,8,17,86,0.11764705882352941,0.0,0.035614245698279305
4730,2020-03-24,Clinton,2,10,14,100,0.14285714285714285,0.0,0.04581832733093237
4731,2020-03-25,Clinton,1,11,16,116,0.0625,0.0,0.04688125250100039
4732,2020-03-26,Clinton,0,11,6,122,0.0,0.0,0.04688125250100039
4733,2020-03-27,Clinton,1,12,22,144,0.045454545454545456,0.0,0.03822324384299174
4734,2020-03-28,Clinton,1,13,18,162,0.05555555555555555,0.0,0.042191497811245704
4735,2020-03-29,Clinton,4,17,19,181,0.21052631578947367,0.0,0.04532432989144621
4736,2020-03-30,Clinton,4,21,9,190,0.4444444444444444,0.0,0.06866700029294014
4737,2020-03-31,Clinton,4,25,21,211,0.19047619047619047,1.0,0.07206836083715783
4738,2020-04-01,Clinton,0,25,5,216,0.0,1.0,0.06760407512287211
4739,2020-04-02,Clinton,5,30,16,232,0.3125,1.0,0.08992550369430068
4740,2020-04-03,Clinton,1,31,11,243,0.09090909090909091,1.0,0.09317225694105392
4741,2020-04-04,Clinton,2,33,23,266,0.08695652173913043,1.0,0.09541518309702356
4742,2020-04-05,Clinton,3,36,14,280,0.21428571428571427,1.0,0.09568371156104075
4743,2020-04-06,Clinton,1,37,16,296,0.0625,1.0,0.06840196552929471
4744,2020-04-07,Clinton,2,39,25,321,0.08,1.0,0.060510809066709685
4745,2020-04-08,Clinton,1,40,25,346,0.04,1.0,0.06336795192385254
4746,2020-04-09,Clinton,3,43,17,363,0.17647058823529413,0.0,0.0536515653692307
4747,2020-04-10,Clinton,0,43,23,386,0.0,0.0,0.047158058875724204
4748,2020-04-11,Clinton,0,43,25,411,0.0,0.0,0.040946878751500604
4749,2020-04-12,Clinton,1,44,9,420,0.1111111111111111,0.0,0.033577264239028945
4750,2020-04-13,Clinton,1,45,23,443,0.043478260869565216,0.0,0.03221856858685503
4751,2020-04-14,Clinton,0,45,8,451,0.0,0.0,0.026504282872569316
4752,2020-04-15,Clinton,1,46,17,468,0.058823529411764705,0.0,0.027848820687695366
4753,2020-04-16,Clinton,1,47,21,489,0.047619047619047616,0.0,0.01864513921510633
4754,2020-04-17,Clinton,1,48,16,505,0.0625,0.0,0.023109424929392046
4755,2020-04-18,Clinton,1,49,12,517,0.08333333333333333,0.0,0.029061805881772994
4756,2020-04-19,Clinton,2,51,10,527,0.2,0.0,0.03541101223097935
4757,2020-04-20,Clinton,0,51,17,544,0.0,0.0,0.032305422168867545
4758,2020-04-21,Clinton,0,51,4,548,0.0,0.0,0.032305422168867545
4759,2020-04-22,Clinton,1,52,11,559,0.09090909090909091,0.0,0.03459724799010513
4760,2020-04-23,Clinton,1,53,14,573,0.07142857142857142,0.0,0.03629792826221397
4761,2020-04-24,Clinton,1,54,39,612,0.02564102564102564,0.0,0.03366514437943009
4762,2020-04-25,Clinton,3,57,28,640,0.10714285714285714,0.0,0.03536582465153894
4763,2020-04-26,Clinton,2,59,30,670,0.06666666666666667,0.0,0.02584201512772941
4764,2020-04-27,Clinton,0,59,15,685,0.0,0.0,0.02584201512772941
4765,2020-04-28,Clinton,0,59,23,708,0.0,0.0,0.02584201512772941
4766,2020-04-29,Clinton,0,59,40,748,0.0,0.0,0.019348508634222918
4767,2020-04-30,Clinton,2,61,48,796,0.041666666666666664,0.0,0.017222658294086864
4768,2020-05-01,Clinton,1,62,35,831,0.02857142857142857,0.0,0.017431972789115648
4769,2020-05-02,Clinton,4,66,33,864,0.12121212121212122,0.0,0.01843692022263451
4770,2020-05-03,Clinton,2,68,21,885,0.09523809523809523,0.0,0.020477736549165123
4771,2020-05-04,Clinton,1,69,27,912,0.037037037037037035,0.0,0.02312323919466777
4772,2020-05-05,Clinton,0,69,25,937,0.0,0.0,0.02312323919466777
4773,2020-05-06,Clinton,0,69,22,959,0.0,0.0,0.02312323919466777
4774,2020-05-07,Clinton,5,74,72,1031,0.06944444444444445,0.0,0.025107366178794752
4775,2020-05-08,Clinton,2,76,27,1058,0.07407407407407407,1.0,0.02835755514326943
4776,2020-05-09,Clinton,0,76,33,1091,0.0,0.0,0.01969954648526077
4777,2020-05-10,Clinton,0,76,53,1144,0.0,0.0,0.012896825396825396
4778,2020-05-11,Clinton,1,77,38,1182,0.02631578947368421,0.0,0.012131021999443051
4779,2020-05-12,Clinton,1,78,53,1235,0.018867924528301886,0.0,0.013478730894321759
4780,2020-05-13,Clinton,3,81,123,1358,0.024390243902439025,0.0,0.015220891173067403
4781,2020-05-14,Clinton,4,85,126,1484,0.031746031746031744,0.0,0.012528147408895065
4782,2020-05-15,Clinton,6,91,150,1634,0.04,1.0,0.010094284975032633
4783,2020-05-16,Clinton,1,92,88,1722,0.011363636363636364,1.0,0.010905973286720943
4784,2020-05-17,Clinton,2,94,155,1877,0.012903225806451613,1.0,0.01182763227289606
4785,2020-05-18,Clinton,0,94,59,1936,0.0,1.0,0.009947933024775759
4786,2020-05-19,Clinton,0,94,58,1994,0.0,1.0,0.008600224129897053
4787,2020-05-20,Clinton,0,94,204,2198,0.0,0.0,0.006858063851151409
4788,2020-05-21,Clinton,0,94,131,2329,0.0,0.0,0.004590490155006284
4789,2020-05-22,Clinton,1,95,135,2464,0.007407407407407408,0.0,0.0022624478269639564
4790,2020-05-23,Clinton,0,95,131,2595,0.0,0.0,0.0014507595152756445
4791,2020-05-24,Clinton,0,95,70,2665,0.0,0.0,0.0005291005291005291
4792,2020-05-25,Clinton,0,95,108,2773,0.0,0.0,0.0005291005291005291
4793,2020-05-26,Clinton,0,95,51,2824,0.0,0.0,0.0005291005291005291
4794,2020-05-27,Clinton,0,95,201,3025,0.0,0.0,0.0005291005291005291
4795,2020-05-28,Clinton,0,95,226,3251,0.0,0.0,0.0005291005291005291
4796,2020-05-29,Clinton,0,95,441,3692,0.0,0.0,0.0
4797,2020-05-30,Clinton,0,95,329,4021,0.0,0.0,0.0
4798,2020-05-31,Clinton,1,96,146,4167,0.00684931506849315,0.0,0.0004892367906066536
4799,2020-06-01,Clinton,1,97,147,4314,0.006802721088435374,0.0,0.0009751454397806089
4800,2020-06-02,Clinton,0,97,309,4623,0.0,0.0,0.0009751454397806089
4801,2020-06-03,Clinton,0,97,632,5255,0.0,0.0,0.0009751454397806089
4802,2020-06-04,Clinton,0,97,319,5574,0.0,0.0,0.0009751454397806089
4803,2020-06-05,Clinton,0,97,421,5995,0.0,0.0,0.0009751454397806089
4804,2020-06-06,Clinton,0,97,305,6300,0.0,0.0,0.0009751454397806089
4805,2020-06-07,Clinton,0,97,220,6520,0.0,0.0,0.00048590864917395527
4806,2020-06-08,Clinton,0,97,105,6625,0.0,0.0,0.0
4807,2020-06-09,Clinton,0,97,306,6931,0.0,0.0,0.0
4808,2020-06-10,Clinton,1,98,268,7199,0.0037313432835820895,0.0,0.00026652452025586353
4809,2020-06-11,Clinton,0,98,350,7549,0.0,0.0,0.00026652452025586353
4810,2020-06-12,Clinton,0,98,285,7834,0.0,0.0,0.00026652452025586353
4811,2020-06-13,Clinton,0,98,187,8021,0.0,0.0,0.00026652452025586353
4812,2020-06-14,Clinton,0,98,137,8158,0.0,0.0,0.00026652452025586353
4813,2020-06-15,Clinton,1,99,225,8383,0.0044444444444444444,0.0,0.000583984837716181
4814,2020-06-16,Clinton,0,99,242,8625,0.0,0.0,0.000583984837716181
4815,2020-06-17,Clinton,0,99,252,8877,0.0,0.0,0.00031746031746031746
4816,2020-06-18,Clinton,0,99,251,9128,0.0,0.0,0.00031746031746031746
4817,2020-06-19,Clinton,1,100,325,9453,0.003076923076923077,0.0,0.0005372405372405372
4818,2020-06-20,Clinton,0,100,112,9565,0.0,0.0,0.0005372405372405372
4819,2020-06-21,Clinton,0,100,192,9757,0.0,0.0,0.0005372405372405372
4820,2020-06-22,Clinton,0,100,167,9924,0.0,0.0,0.00021978021978021978
4821,2020-06-23,Clinton,0,100,184,10108,0.0,0.0,0.00021978021978021978
4822,2020-06-24,Clinton,1,101,312,10420,0.003205128205128205,0.0,0.0004487179487179487
4823,2020-06-25,Clinton,0,101,153,10573,0.0,0.0,0.0004487179487179487
4824,2020-06-26,Clinton,0,101,264,10837,0.0,0.0,0.00022893772893772894
4825,2020-06-27,Clinton,0,101,226,11063,0.0,0.0,0.00022893772893772894
4826,2020-06-28,Clinton,0,101,160,11223,0.0,0.0,0.00022893772893772894
4827,2020-06-29,Clinton,0,101,133,11356,0.0,0.0,0.00022893772893772894
4828,2020-06-30,Clinton,0,101,287,11643,0.0,0.0,0.00022893772893772894
4829,2020-07-01,Clinton,0,101,254,11897,0.0,0.0,0.0
4830,2020-07-02,Clinton,0,101,156,12053,0.0,0.0,0.0
4831,2020-07-03,Clinton,0,101,114,12167,0.0,0.0,0.0
4832,2020-07-04,Clinton,2,103,183,12350,0.01092896174863388,0.0,0.00078064012490242
4833,2020-07-05,Clinton,0,103,140,12490,0.0,0.0,0.00078064012490242
4834,2020-07-06,Clinton,2,105,295,12785,0.006779661016949152,0.0,0.0012649016261130736
4835,2020-07-07,Clinton,1,106,186,12971,0.005376344086021506,0.0,0.0016489262036860383
4836,2020-07-08,Clinton,1,107,339,13310,0.0029498525073746312,0.0,0.0018596299542127975
4837,2020-07-09,Clinton,0,107,278,13588,0.0,0.0,0.0018596299542127975
4838,2020-07-10,Clinton,1,108,211,13799,0.004739336492890996,0.0,0.0021981539894192974
4839,2020-07-11,Clinton,1,109,190,13989,0.005263157894736842,0.0,0.0017934537141409375
4840,2020-07-12,Clinton,0,109,178,14167,0.0,0.0,0.0017934537141409375
4841,2020-07-13,Clinton,1,110,280,14447,0.0035714285714285713,0.0,0.0015642942537466102
4842,2020-07-14,Clinton,1,111,215,14662,0.004651162790697674,0.0,0.0015124955897949082
4843,2020-07-15,Clinton,0,111,261,14923,0.0,0.0,0.0013017918392681487
4844,2020-07-16,Clinton,0,111,236,15159,0.0,0.0,0.0013017918392681487
4845,2020-07-17,Clinton,0,111,357,15516,0.0,0.0,0.0009632678040616491
4846,2020-07-18,Clinton,2,113,145,15661,0.013793103448275862,0.0,0.0015725496293144364
4847,2020-07-19,Clinton,0,113,134,15795,0.0,0.0,0.0015725496293144364
4848,2020-07-20,Clinton,1,114,339,16134,0.0029498525073746312,0.0,0.001528151339024869
4849,2020-07-21,Clinton,0,114,264,16398,0.0,0.0,0.0011959254254036067
4850,2020-07-22,Clinton,0,114,317,16715,0.0,0.0,0.0011959254254036067
4851,2020-07-23,Clinton,3,117,285,17000,0.010526315789473684,0.0,0.0019478051246517268
4852,2020-07-24,Clinton,2,119,334,17334,0.005988023952095809,0.0,0.002375521121229999
4853,2020-07-25,Clinton,1,120,368,17702,0.002717391304347826,0.0,0.0015843988252351394
4854,2020-07-26,Clinton,0,120,183,17885,0.0,0.0,0.0015843988252351394
4855,2020-07-27,Clinton,3,123,395,18280,0.007594936708860759,0.0,0.0019161905539127199
4856,2020-07-28,Clinton,0,123,129,18409,0.0,0.0,0.0019161905539127199
4857,2020-07-29,Clinton,2,125,307,18716,0.006514657980456026,0.0,0.0023815232668024356
4858,2020-07-30,Clinton,1,126,158,18874,0.006329113924050633,0.0,0.0020817231335579322
4859,2020-07-31,Clinton,1,127,297,19171,0.003367003367003367,0.0,0.0018945073774799006
4860,2020-08-01,Clinton,0,127,381,19552,0.0,0.0,0.0017004079985979133
4861,2020-08-02,Clinton,0,127,184,19736,0.0,0.0,0.0017004079985979133
4862,2020-08-03,Clinton,0,127,309,20045,0.0,0.0,0.0011579125193935734
4863,2020-08-04,Clinton,0,127,164,20209,0.0,0.0,0.0011579125193935734
4864,2020-08-05,Clinton,0,127,116,20325,0.0,0.0,0.0006925798065038571
4865,2020-08-06,Clinton,0,127,134,20459,0.0,0.0,0.00024050024050024048
4866,2020-08-07,Clinton,0,127,338,20797,0.0,0.0,0.0
4867,2020-08-08,Clinton,0,127,226,21023,0.0,0.0,0.0
4868,2020-08-09,Clinton,1,128,252,21275,0.003968253968253968,0.0,0.0002834467120181406
4869,2020-08-10,Clinton,1,129,374,21649,0.00267379679144385,0.0,0.00047443219712127276
4870,2020-08-11,Clinton,0,129,139,21788,0.0,0.0,0.00047443219712127276
4871,2020-08-12,Clinton,0,129,230,22018,0.0,0.0,0.00047443219712127276
4872,2020-08-13,Clinton,1,130,151,22169,0.006622516556291391,0.0,0.0009474690939992291
4873,2020-08-14,Clinton,1,131,257,22426,0.0038910505836575876,0.0,0.0012254012785461997
4874,2020-08-15,Clinton,1,132,287,22713,0.003484320557491289,0.0,0.001474281318367006
4875,2020-08-16,Clinton,1,133,109,22822,0.009174311926605505,0.0,0.0018461426011064015
4876,2020-08-17,Clinton,1,134,363,23185,0.0027548209366391185,0.0,0.0018519300400489207
4877,2020-08-18,Clinton,0,134,213,23398,0.0,0.0,0.0018519300400489207
4878,2020-08-19,Clinton,1,135,170,23568,0.0058823529411764705,0.0,0.0022720981072758112
4879,2020-08-20,Clinton,1,136,265,23833,0.0037735849056603774,0.0,0.002068602989373596
4880,2020-08-21,Clinton,5,141,335,24168,0.014925373134328358,0.0,0.00285676888585008
4881,2020-08-22,Clinton,0,141,254,24422,0.0,0.0,0.0026078888460292736
4882,2020-08-23,Clinton,1,142,82,24504,0.012195121951219513,0.0,0.0028236609906445594
4883,2020-08-24,Clinton,4,146,400,24904,0.01,0.0,0.003341173780884623
4884,2020-08-25,Clinton,1,147,157,25061,0.006369426751592357,0.0,0.003796132834569791
4885,2020-08-26,Clinton,1,148,267,25328,0.003745318352059925,0.0,0.003643487506775752
4886,2020-08-27,Clinton,1,149,193,25521,0.0051813471502590676,0.0,0.003744041952818516
4887,2020-08-28,Clinton,1,150,369,25890,0.0027100271002710027,0.0,0.0028715172361001334
4888,2020-08-29,Clinton,0,150,197,26087,0.0,0.0,0.0028715172361001334
4889,2020-08-30,Clinton,0,150,255,26342,0.0,0.0,0.002000437096727311
4890,2020-08-31,Clinton,1,151,203,26545,0.0049261083743842365,0.0,0.0016380162663261848
4891,2020-09-01,Clinton,0,151,249,26794,0.0,0.0,0.0011830572126410165
4892,2020-09-02,Clinton,1,152,171,26965,0.005847953216374269,0.0,0.0013332454172348984
4893,2020-09-03,Clinton,0,152,191,27156,0.0,0.0,0.0009631491922163936
4894,2020-09-04,Clinton,0,152,385,27541,0.0,0.0,0.0007695758279113218
4895,2020-09-05,Clinton,0,152,157,27698,0.0,0.0,0.0007695758279113218
4896,2020-09-06,Clinton,0,152,308,28006,0.0,0.0,0.0007695758279113218
4897,2020-09-07,Clinton,0,152,225,28231,0.0,0.0,0.0004177109440267335
4898,2020-09-08,Clinton,0,152,51,28282,0.0,0.0,0.0004177109440267335
4899,2020-09-09,Clinton,0,152,267,28549,0.0,0.0,0.0
4900,2020-09-10,Clinton,0,152,173,28722,0.0,0.0,0.0
4901,2020-09-11,Clinton,0,152,441,29163,0.0,0.0,0.0
4902,2020-09-12,Clinton,1,153,229,29392,0.004366812227074236,0.0,0.00031191515907673113
4903,2020-09-13,Clinton,0,153,225,29617,0.0,0.0,0.00031191515907673113
4904,2020-09-14,Clinton,1,154,330,29947,0.0030303030303030303,0.0,0.0005283653755269476
4905,2020-09-15,Clinton,0,154,108,30055,0.0,0.0,0.0005283653755269476
4906,2020-09-16,Clinton,0,154,241,30296,0.0,0.0,0.0005283653755269476
4907,2020-09-17,Clinton,0,154,150,30446,0.0,0.0,0.0005283653755269476
4908,2020-09-18,Clinton,0,154,328,30774,0.0,0.0,0.0005283653755269476
4909,2020-09-19,Clinton,0,154,287,31061,0.0,0.0,0.00021645021645021645
4910,2020-09-20,Clinton,0,154,94,31155,0.0,0.0,0.00021645021645021645
4911,2020-09-21,Clinton,1,155,381,31536,0.0026246719160104987,0.0,0.00018747656542932134
4912,2020-09-22,Clinton,1,156,226,31762,0.004424778761061947,0.0,0.0005035321912194604
4913,2020-09-23,Clinton,1,157,298,32060,0.003355704697986577,0.0,0.0007432253839327874
4914,2020-09-24,Clinton,1,158,433,32493,0.0023094688221709007,0.0,0.0009081874426592803
4915,2020-09-25,Clinton,1,159,417,32910,0.002398081534772182,0.0,0.0010794789808572932
4916,2020-09-26,Clinton,1,160,412,33322,0.0024271844660194173,0.0,0.0012528492998586803
4917,2020-09-27,Clinton,1,161,259,33581,0.003861003861003861,0.0,0.0015286352899303846
4918,2020-09-28,Clinton,1,162,296,33877,0.0033783783783783786,0.0,0.0015824714658138046
4919,2020-09-29,Clinton,0,162,361,34238,0.0,0.0,0.0012664158400236655
4920,2020-09-30,Clinton,0,162,1234,35472,0.0,0.0,0.0010267226473103387
4921,2020-10-01,Clinton,2,164,407,35879,0.004914004914004914,0.0,0.0012127609395841965
4922,2020-10-02,Clinton,1,165,504,36383,0.001984126984126984,0.0,0.0011831927573952537
4923,2020-10-03,Clinton,1,166,467,36850,0.0021413276231263384,0.0,0.0011627744114743198
4924,2020-10-04,Clinton,4,170,325,37175,0.012307692307692308,0.0,0.0017661093005234944
4925,2020-10-05,Clinton,3,173,425,37600,0.007058823529411765,0.0,0.002028998239883022
4926,2020-10-06,Clinton,0,173,382,37982,0.0,0.0,0.002028998239883022
4927,2020-10-07,Clinton,4,177,444,38426,0.009009009009009009,1.0,0.002672498883383665
4928,2020-10-08,Clinton,1,178,1050,39476,0.0009523809523809524,1.0,0.0023895257432676683
4929,2020-10-09,Clinton,0,178,490,39966,0.0,0.0,0.0022478023872585977
4930,2020-10-10,Clinton,1,179,582,40548,0.001718213058419244,0.0,0.0022175799183509486
4931,2020-10-11,Clinton,0,179,255,40803,0.0,0.0,0.0013384590392300692
4932,2020-10-12,Clinton,3,182,569,41372,0.005272407732864675,0.0,0.001210857910905277
4933,2020-10-13,Clinton,1,183,533,41905,0.001876172607879925,0.0,0.0013448702400395576
4934,2020-10-14,Clinton,4,187,528,42433,0.007575757575757576,0.0,0.0012424951376644553
4935,2020-10-15,Clinton,3,190,356,42789,0.008426966292134831,0.0,0.001776394090504018
4936,2020-10-16,Clinton,2,192,538,43327,0.0037174721189591076,1.0,0.0020419278132868114
4937,2020-10-17,Clinton,5,197,522,43849,0.009578544061302681,1.0,0.0026033800277784854
4938,2020-10-18,Clinton,2,199,210,44059,0.009523809523809525,1.0,0.003283652136622022
4939,2020-10-19,Clinton,16,215,559,44618,0.028622540250447227,2.0,0.004951518745020776
4940,2020-10-20,Clinton,5,220,353,44971,0.014164305949008499,2.0,0.005829242555101388
4941,2020-10-21,Clinton,4,224,259,45230,0.015444015444015444,2.0,0.006391260974262666
4942,2020-10-22,Clinton,8,232,305,45535,0.02622950819672131,3.0,0.007662871110304556
4943,2020-10-23,Clinton,4,236,303,45838,0.013201320132013201,3.0,0.008340288825522705
4944,2020-10-24,Clinton,4,240,565,46403,0.007079646017699115,3.0,0.008161796108122451
4945,2020-10-25,Clinton,2,242,225,46628,0.008888888888888889,3.0,0.00811644463419955
4946,2020-10-26,Clinton,2,244,446,47074,0.004484304932735426,2.0,0.006392284968648706
4947,2020-10-27,Clinton,2,246,315,47389,0.006349206349206349,1.0,0.005834063568662838
4948,2020-10-28,Clinton,2,248,387,47776,0.00516795865633075,1.0,0.005100059512399646
4949,2020-10-29,Clinton,7,255,199,47975,0.035175879396984924,1.0,0.005739086026704189
4950,2020-10-30,Clinton,8,263,218,48193,0.03669724770642202,1.0,0.0074173665677333914
4951,2020-10-31,Clinton,7,270,348,48541,0.020114942528735632,2.0,0.008348459175664572
4952,2020-11-01,Clinton,3,273,267,48808,0.011235955056179775,2.0,0.008516106759042493
4953,2020-11-02,Clinton,6,279,283,49091,0.02120141342756184,2.0,0.009710185937244377
4954,2020-11-03,Clinton,3,282,439,49530,0.00683371298405467,2.0,0.009744793554019257
4955,2020-11-04,Clinton,6,288,935,50465,0.006417112299465241,2.0,0.009834018814243149
4956,2020-11-05,Clinton,4,292,1073,51538,0.003727865796831314,2.0,0.007587732128517892
4957,2020-11-06,Clinton,5,297,322,51860,0.015527950310559006,2.0,0.00607563945738482
4958,2020-11-07,Clinton,4,301,409,52269,0.009779951100244499,2.0,0.0053374257839211665
4959,2020-11-08,Clinton,2,303,313,52582,0.006389776357827476,2.0,0.004991270162610288
4960,2020-11-09,Clinton,10,313,336,52918,0.02976190476190476,2.0,0.00560273382934907
4961,2020-11-10,Clinton,18,331,211,53129,0.08530805687203792,3.0,0.011208044107062156
4962,2020-11-11,Clinton,13,344,1683,54812,0.007724301841948901,4.0,0.011301414788668135
4963,2020-11-12,Clinton,12,356,830,55642,0.014457831325301205,4.0,0.012067840897844555
4964,2020-11-13,Clinton,16,372,243,55885,0.06584362139917696,5.0,0.015661817404174407
4965,2020-11-14,Clinton,5,377,127,56012,0.03937007874015748,5.0,0.01777539794988248
4966,2020-11-15,Clinton,3,380,921,56933,0.003257328990228013,5.0,0.01755165170933966
4967,2020-11-16,Clinton,4,384,242,57175,0.01652892561983471,5.0,0.016606438913477514
4968,2020-11-17,Clinton,5,389,247,57422,0.020242914979757085,4.0,0.011958928778314596
4969,2020-11-18,Clinton,8,397,333,57755,0.024024024024024024,3.0,0.01312319464846282
4970,2020-11-19,Clinton,9,406,1301,59056,0.006917755572636433,3.0,0.012584617808986764
4971,2020-11-20,Clinton,6,412,539,59595,0.011131725417439703,2.0,0.008676625238862675
4972,2020-11-21,Clinton,6,418,463,60058,0.012958963282937365,2.0,0.0067901169919183805
4973,2020-11-22,Clinton,10,428,566,60624,0.0176678445229682,3.0,0.00781943952997125
4974,2020-11-23,Clinton,2,430,380,61004,0.005263157894736842,3.0,0.007014741835321403
4975,2020-11-24,Clinton,4,434,333,61337,0.012012012012012012,3.0,0.006426820194768183
4976,2020-11-25,Clinton,9,443,457,61794,0.019693654266958426,3.0,0.006117508069263499
4977,2020-11-26,Clinton,5,448,364,62158,0.013736263736263736,3.0,0.0066045443666654475
4978,2020-11-27,Clinton,8,456,270,62428,0.02962962962962963,3.0,0.00792582323896473
4979,2020-11-28,Clinton,3,459,459,62887,0.006535947712418301,2.0,0.0074670364124990824
4980,2020-11-29,Clinton,2,461,282,63169,0.0070921985815602835,2.0,0.006711633130969945
4981,2020-11-30,Clinton,19,480,491,63660,0.038696537678207736,3.0,0.009099731686932153
4982,2020-12-01,Clinton,8,488,138,63798,0.057971014492753624,3.0,0.012382517578413698
4983,2020-12-02,Clinton,7,495,329,64127,0.02127659574468085,3.0,0.01249558482682244
4984,2020-12-03,Clinton,29,524,602,64729,0.04817275747508306,5.0,0.01495533437959525
4985,2020-12-04,Clinton,8,532,451,65180,0.017738359201773836,5.0,0.014105957920462694
4986,2020-12-05,Clinton,8,540,256,65436,0.03125,5.0,0.015871247369575674
4987,2020-12-06,Clinton,9,549,370,65806,0.024324324324324326,6.0,0.017102113494058817
4988,2020-12-07,Clinton,19,568,322,66128,0.059006211180124224,6.0,0.018552804458481422
4989,2020-12-08,Clinton,6,574,268,66396,0.022388059701492536,6.0,0.016011164830534202
4990,2020-12-09,Clinton,12,586,428,66824,0.028037383177570093,6.0,0.01649407821859772
4991,2020-12-10,Clinton,11,597,607,67431,0.018121911037891267,5.0,0.014347589187369733
4992,2020-12-11,Clinton,30,627,442,67873,0.06787330316742081,6.0,0.017928656613487377
4993,2020-12-12,Clinton,30,657,1702,69575,0.01762632197414806,8.0,0.01695553675449795
4994,2020-12-13,Clinton,41,698,418,69993,0.09808612440191387,10.0,0.02222423676004006
4995,2020-12-14,Clinton,14,712,407,70400,0.0343980343980344,10.0,0.020466509847033642
4996,2020-12-15,Clinton,19,731,311,70711,0.06109324758842444,11.0,0.023231166124671642
4997,2020-12-16,Clinton,7,738,943,71654,0.007423117709437964,10.0,0.02175871859123363
4998,2020-12-17,Clinton,11,749,821,72475,0.013398294762484775,10.0,0.021421317428704595
4999,2020-12-18,Clinton,28,777,792,73267,0.03535353535353535,10.0,0.019098476870569918
5000,2020-12-19,Clinton,18,795,495,73762,0.03636363636363636,9.0,0.020436856469819083
5001,2020-12-20,Clinton,9,804,415,74177,0.021686746987951807,7.0,0.014979758083107506
5002,2020-12-21,Clinton,14,818,404,74581,0.034653465346534656,7.0,0.014998003150857525
5003,2020-12-22,Clinton,23,841,411,74992,0.05596107055961071,7.0,0.01463141907737083
5004,2020-12-23,Clinton,22,863,475,75467,0.04631578947368421,8.0,0.01740946706053128
5005,2020-12-24,Clinton,27,890,480,75947,0.05625,10.0,0.02047030314892522
5006,2020-12-25,Clinton,31,921,647,76594,0.04791344667697063,10.0,0.021367439672027738
5007,2020-12-26,Clinton,30,951,385,76979,0.07792207792207792,11.0,0.024335899783344994
5008,2020-12-27,Clinton,29,980,365,77344,0.07945205479452055,12.0,0.028461993198099906
5009,2020-12-28,Clinton,48,1028,458,77802,0.10480349344978165,15.0,0.033472709491188975
5010,2020-12-29,Clinton,22,1050,447,78249,0.049217002237136466,14.0,0.03299099032529796
5011,2020-12-30,Clinton,25,1075,785,79034,0.03184713375796178,15.0,0.031957514917032075
5012,2020-12-31,Clinton,83,1158,868,79902,0.0956221198156682,19.0,0.034769809189579795
5013,2021-01-01,Clinton,52,1210,716,80618,0.07262569832402235,20.0,0.03653497002151207
5014,2021-01-02,Clinton,58,1268,610,81228,0.09508196721311475,22.0,0.03776067639944327
5015,2021-01-03,Clinton,44,1312,353,81581,0.12464589235127478,23.0,0.04098880765349715
5016,2021-01-04,Clinton,40,1352,456,82037,0.08771929824561403,23.0,0.03976850799605659
5017,2021-01-05,Clinton,53,1405,676,82713,0.07840236686390532,25.0,0.04185317689796865
5018,2021-01-06,Clinton,95,1500,1746,84459,0.05441008018327606,30.0,0.04346481592834824
5019,2021-01-07,Clinton,56,1556,1136,85595,0.04929577464788732,28.0,0.040155791273506755
5020,2021-01-08,Clinton,63,1619,945,86540,0.06666666666666667,29.0,0.03973014615512421
5021,2021-01-09,Clinton,62,1681,738,87278,0.08401084010840108,29.0,0.03893935136193038
5022,2021-01-10,Clinton,38,1719,642,87920,0.059190031152647975,29.0,0.034263932704885605
5023,2021-01-11,Clinton,74,1793,761,88681,0.09724047306176084,31.0,0.03494401662032466
5024,2021-01-12,Clinton,55,1848,517,89198,0.10638297872340426,31.0,0.036942631753146014
5025,2021-01-13,Clinton,52,1900,671,89869,0.07749627421758569,28.0,0.03859164561273957
5026,2021-01-14,Clinton,77,1977,1069,90938,0.07202993451824134,30.0,0.04021551417490771
5027,2021-01-15,Clinton,63,2040,918,91856,0.06862745098039216,30.0,0.04035557019731667
5028,2021-01-16,Clinton,51,2091,718,92574,0.07103064066852367,29.0,0.03942841309446828
5029,2021-01-17,Clinton,38,2129,538,93112,0.07063197026022305,29.0,0.040245694459295066
5030,2021-01-18,Clinton,51,2180,669,93781,0.07623318385650224,27.0,0.038745173801776604
5031,2021-01-19,Clinton,29,2209,500,94281,0.058,25.0,0.03528924675010487
5032,2021-01-20,Clinton,55,2264,1016,95297,0.054133858267716536,26.0,0.033620502753685645
5033,2021-01-21,Clinton,53,2317,733,96030,0.0723055934515689,24.0,0.033640192677494754
5034,2021-01-22,Clinton,43,2360,782,96812,0.054987212276214836,22.0,0.03266588991291066
5035,2021-01-23,Clinton,64,2424,1023,97835,0.06256109481915934,23.0,0.032060922352241776
5036,2021-01-24,Clinton,34,2458,585,98420,0.05811965811965812,23.0,0.031167185770772855
5037,2021-01-25,Clinton,47,2505,638,99058,0.07366771159874608,23.0,0.0309839377523617
5038,2021-01-26,Clinton,37,2542,614,99672,0.06026058631921824,23.0,0.03114540820373443
5039,2021-01-27,Clinton,41,2583,740,100412,0.05540540540540541,22.0,0.031236232999283638
5040,2021-01-28,Clinton,53,2636,640,101052,0.0828125,22.0,0.03198672632417157
5041,2021-01-29,Clinton,34,2670,958,102010,0.03549060542797495,22.0,0.0305941115492973
5042,2021-01-30,Clinton,50,2720,910,102920,0.054945054945054944,21.0,0.030050108701146976
5043,2021-01-31,Clinton,29,2749,453,103373,0.0640176600441501,20.0,0.030471394552896405
5044,2021-02-01,Clinton,30,2779,590,103963,0.05084745762711865,19.0,0.02884137641206588
5045,2021-02-02,Clinton,20,2799,373,104336,0.05361930294906166,18.0,0.028366999028483268
5046,2021-02-03,Clinton,25,2824,467,104803,0.05353319057815846,17.0,0.028233269397965628
5047,2021-02-04,Clinton,32,2856,1082,105885,0.029574861367837338,15.0,0.024430580924239723
5048,2021-02-05,Clinton,35,2891,1407,107292,0.024875621890547265,15.0,0.023672367814423462
5049,2021-02-06,Clinton,37,2928,788,108080,0.046954314720812185,14.0,0.023101600655548976
5050,2021-02-07,Clinton,42,2970,533,108613,0.07879924953095685,15.0,0.024157428476035168
5051,2021-02-08,Clinton,29,2999,564,109177,0.051418439716312055,15.0,0.024198212910977557
5052,2021-02-09,Clinton,27,3026,892,110069,0.030269058295964126,16.0,0.022530338292899164
5053,2021-02-10,Clinton,77,3103,1250,111319,0.0616,19.0,0.023106538965887845
5054,2021-02-11,Clinton,26,3129,706,112025,0.036827195467422094,19.0,0.023624562830143896
5055,2021-02-12,Clinton,32,3161,1425,113450,0.02245614035087719,19.0,0.02345174272016746
5056,2021-02-13,Clinton,44,3205,663,114113,0.06636500754147813,19.0,0.024838220778786464
5057,2021-02-14,Clinton,34,3239,375,114488,0.09066666666666667,19.0,0.02568589343133716
5058,2021-02-15,Clinton,19,3258,480,114968,0.03958333333333333,18.0,0.024840528689695825
5059,2021-02-16,Clinton,20,3278,1441,116409,0.013879250520471894,18.0,0.023669828134303524
5060,2021-02-17,Clinton,19,3297,365,116774,0.052054794520547946,13.0,0.022988027742914086
5061,2021-02-18,Clinton,55,3352,1748,118522,0.031464530892448515,15.0,0.02260498027327312
5062,2021-02-19,Clinton,17,3369,608,119130,0.027960526315789474,14.0,0.02299815069933828
5063,2021-02-20,Clinton,21,3390,537,119667,0.03910614525139665,13.0,0.021051089107189606
5064,2021-02-21,Clinton,25,3415,425,120092,0.058823529411764705,12.0,0.018776579303268037
5065,2021-02-22,Clinton,37,3452,449,120541,0.08240534521158129,13.0,0.021835294437428605
5066,2021-02-23,Clinton,16,3468,2516,123057,0.006359300476947536,13.0,0.02129815514860544
5067,2021-02-24,Clinton,39,3507,2074,125131,0.018804243008678882,15.0,0.018923115754900504
5068,2021-02-25,Clinton,23,3530,2550,127681,0.009019607843137255,12.0,0.017319906965663982
5069,2021-02-26,Clinton,28,3558,700,128381,0.04,13.0,0.018179869371679026
5070,2021-02-27,Clinton,28,3586,700,129081,0.04,14.0,0.018243716139436403
5071,2021-02-28,Clinton,24,3610,644,129725,0.037267080745341616,13.0,0.01670396980612047
5072,2021-03-01,Clinton,35,3645,478,130203,0.07322175732217573,13.0,0.016047999242591503
5073,2021-03-02,Clinton,37,3682,1470,131673,0.025170068027210883,15.0,0.017391625496181746
5074,2021-03-03,Clinton,22,3704,1617,133290,0.013605442176870748,14.0,0.017020282579624017
5075,2021-03-04,Clinton,37,3741,1921,135211,0.019260801665799063,15.0,0.01775179642409986
5076,2021-03-05,Clinton,20,3761,629,135840,0.03179650238473768,14.0,0.01716583230872398
5077,2021-03-06,Clinton,27,3788,607,136447,0.044481054365733116,14.0,0.017485907620562062
5078,2021-03-07,Clinton,15,3803,583,137030,0.025728987993138937,13.0,0.01666175813826187
5079,2021-03-08,Clinton,27,3830,526,137556,0.051330798479087454,13.0,0.015098118220898418
5080,2021-03-09,Clinton,13,3843,1359,138915,0.009565857247976454,11.0,0.013983531736667389
5081,2021-03-10,Clinton,11,3854,1656,140571,0.006642512077294686,10.0,0.013486179586697674
5082,2021-03-11,Clinton,16,3870,1980,142551,0.00808080808080808,9.0,0.012687608616341174
5083,2021-03-12,Clinton,12,3882,432,142983,0.027777777777777776,8.0,0.012400556858701181
5084,2021-03-13,Clinton,9,3891,661,143644,0.01361573373676248,7.0,0.01019589109948899
5085,2021-03-14,Clinton,9,3900,520,144164,0.01730769230769231,6.0,0.009594369979099945
5086,2021-03-15,Clinton,14,3914,409,144573,0.034229828850855744,6.0,0.008372872148511967
5087,2021-03-16,Clinton,22,3936,1232,145805,0.017857142857142856,6.0,0.008965106834880995
5088,2021-03-17,Clinton,14,3950,1520,147325,0.009210526315789473,6.0,0.00914853642334491
5089,2021-03-18,Clinton,12,3962,1889,149214,0.006352567496029645,6.0,0.009025090667289305
5090,2021-03-19,Clinton,9,3971,568,149782,0.01584507042253521,6.0,0.008172754427629122
5091,2021-03-20,Clinton,16,3987,625,150407,0.0256,6.0,0.009028773446431802
5092,2021-03-21,Clinton,15,4002,571,150978,0.02626970227670753,7.0,0.009668917015647177
5093,2021-03-22,Clinton,29,4031,363,151341,0.07988980716253444,8.0,0.012930344037909939
5094,2021-03-23,Clinton,24,4055,1255,152596,0.019123505976095617,8.0,0.013020798546406568
5095,2021-03-24,Clinton,6,4061,1428,154024,0.004201680672268907,7.0,0.012663023857583668
5096,2021-03-25,Clinton,16,4077,2088,156112,0.007662835249042145,8.0,0.012756614411370276
5097,2021-03-26,Clinton,34,4111,731,156843,0.046511627906976744,10.0,0.0149470828031161
5098,2021-03-27,Clinton,17,4128,2610,159453,0.006513409961685823,10.0,0.013583754943236515
5099,2021-03-28,Clinton,27,4155,1137,160590,0.023746701846965697,10.0,0.013403540626826384
5100,2021-03-29,Clinton,22,4177,746,161336,0.029490616621983913,10.0,0.009803598445358488
5101,2021-03-30,Clinton,10,4187,1096,162432,0.009124087591240875,9.0,0.009089354275011721
5102,2021-03-31,Clinton,35,4222,542,162974,0.06457564575645756,11.0,0.013401780352453768
5103,2021-04-01,Clinton,8,4230,2037,165011,0.0039273441335297005,10.0,0.013134959558488594
5104,2021-04-02,Clinton,20,4250,830,165841,0.024096385542168676,9.0,0.011533870818145161
5105,2021-04-03,Clinton,24,4274,848,166689,0.02830188679245283,10.0,0.013090190591771375
5106,2021-04-04,Clinton,22,4296,445,167134,0.04943820224719101,10.0,0.01492529776321604
5107,2021-04-05,Clinton,23,4319,958,168092,0.024008350730688934,10.0,0.014533707342409257
5108,2021-04-06,Clinton,23,4342,1013,169105,0.022704837117472853,11.0,0.015503760879997256
5109,2021-04-07,Clinton,22,4364,1460,170565,0.015068493150684932,10.0,0.011967535693870638
5110,2021-04-08,Clinton,27,4391,2105,172670,0.012826603325415678,11.0,0.012603197064719638
5111,2021-04-09,Clinton,26,4417,586,173256,0.04436860068259386,11.0,0.014051212431892864
5112,2021-04-10,Clinton,20,4437,1006,174262,0.019880715705765408,11.0,0.01344970021141519
5113,2021-04-11,Clinton,4,4441,259,174521,0.015444015444015444,10.0,0.011021544011188364
5114,2021-04-12,Clinton,24,4465,1242,175763,0.01932367149758454,10.0,0.010686924065966621
5115,2021-04-13,Clinton,7,4472,1183,176946,0.005917159763313609,9.0,0.009487804254955249
5116,2021-04-14,Clinton,29,4501,1366,178312,0.0212298682284041,9.0,0.009927902474792333
5117,2021-04-15,Clinton,10,4511,1782,180094,0.005611672278338945,8.0,0.009412550257143992
5118,2021-04-16,Clinton,17,4528,883,180977,0.01925254813137033,7.0,0.00761854650348517
5119,2021-04-17,Clinton,22,4550,1033,182010,0.021297192642787996,8.0,0.0077197234275582114
5120,2021-04-18,Clinton,13,4563,1032,183042,0.012596899224806201,8.0,0.007516357983328981
5121,2021-04-19,Clinton,14,4577,446,183488,0.03139013452914798,8.0,0.008378248199869227
5122,2021-04-20,Clinton,5,4582,1100,184588,0.004545454545454545,7.0,0.008280269255736435
5123,2021-04-21,Clinton,9,4591,1376,185964,0.006540697674418605,6.0,0.0072310427875946146
5124,2021-04-22,Clinton,20,4611,1010,186974,0.019801980198019802,7.0,0.008244636210428962
5125,2021-04-23,Clinton,22,4633,433,187407,0.050808314087759814,7.0,0.010498619493028208
5126,2021-04-24,Clinton,9,4642,813,188220,0.01107011070110701,6.0,0.009768113640050997
5127,2021-04-25,Clinton,12,4654,931,189151,0.01288936627282492,6.0,0.009789004143480906
5128,2021-04-26,Clinton,8,4662,510,189661,0.01568627450980392,6.0,0.0086672998563849
5129,2021-04-27,Clinton,4,4666,386,190047,0.010362694300518135,6.0,0.009082816981746586
5130,2021-04-28,Clinton,9,4675,453,190500,0.019867549668874173,6.0,0.010034734981350555
5131,2021-04-29,Clinton,8,4683,887,191387,0.009019165727170236,5.0,0.009264533947718442
5132,2021-04-30,Clinton,10,4693,596,191983,0.016778523489932886,4.0,0.006833834619302234
5133,2021-05-01,Clinton,8,4701,1359,193342,0.005886681383370125,4.0,0.006463589668035313
5134,2021-05-02,Clinton,12,4713,398,193740,0.03015075376884422,4.0,0.0076965459177509785
5135,2021-05-03,Clinton,7,4720,484,194224,0.014462809917355372,4.0,0.007609155589718939
5136,2021-05-04,Clinton,11,4731,330,194554,0.03333333333333333,4.0,0.00924991552063431
5137,2021-05-05,Clinton,13,4744,550,195104,0.023636363636363636,4.0,0.009519116518312129
5138,2021-05-06,Clinton,7,4751,583,195687,0.012006861063464836,4.0,0.009732523328047457
5139,2021-05-07,Clinton,6,4757,625,196312,0.0096,4.0,0.009219771650195108
5140,2021-05-08,Clinton,5,4762,485,196797,0.010309278350515464,4.0,0.009535671433562631
5141,2021-05-09,Clinton,0,4762,719,197516,0.0,3.0,0.007382046164359474
5142,2021-05-10,Clinton,7,4769,758,198274,0.009234828496042216,3.0,0.007008618919979963
5143,2021-05-11,Clinton,4,4773,279,198553,0.014336917562724014,3.0,0.005651732079222155
5144,2021-05-12,Clinton,11,4784,388,198941,0.028350515463917526,2.0,0.005988457209761718
5145,2021-05-13,Clinton,5,4789,858,199799,0.005827505827505828,2.0,0.005547074692907503
5146,2021-05-14,Clinton,14,4803,654,200453,0.021406727828746176,3.0,0.006390412394960803
5147,2021-05-15,Clinton,4,4807,436,200889,0.009174311926605505,3.0,0.006309343364681519
5148,2021-05-16,Clinton,3,4810,572,201461,0.005244755244755245,3.0,0.006683968739306893
5149,2021-05-17,Clinton,1,4811,277,201738,0.0036101083032490976,3.0,0.006282203011250242
5150,2021-05-18,Clinton,4,4815,359,202097,0.011142061281337047,3.0,0.006053998991151173
5151,2021-05-19,Clinton,0,4815,743,202840,0.0,2.0,0.004028962172299921
5152,2021-05-20,Clinton,2,4817,656,203496,0.003048780487804878,2.0,0.0038304817908927104
5153,2021-05-21,Clinton,1,4818,303,203799,0.0033003300330033004,1.0,0.002537167662625362
5154,2021-05-22,Clinton,3,4821,288,204087,0.010416666666666666,1.0,0.0026259072869154456
5155,2021-05-23,Clinton,3,4824,340,204427,0.008823529411764706,1.0,0.002881534013130407
5156,2021-05-24,Clinton,0,4824,403,204830,0.0,0.0,0.0026236691343268998
5157,2021-05-25,Clinton,0,4824,248,205078,0.0,0.0,0.0018278076142313963
5158,2021-05-26,Clinton,2,4826,265,205343,0.007547169811320755,0.0,0.002366891172182879
5159,2021-05-27,Clinton,1,4827,998,206341,0.001002004008016032,0.0,0.0022206928521979613
5160,2021-05-28,Clinton,0,4827,184,206525,0.0,0.0,0.001984954992697726
5161,2021-05-29,Clinton,0,4827,374,206899,0.0,0.0,0.0012409073736501066
5162,2021-05-30,Clinton,3,4830,409,207308,0.007334963325183374,0.0,0.0011345812246085828
5163,2021-05-31,Clinton,0,4830,167,207475,0.0,0.0,0.0011345812246085828
5164,2021-06-01,Clinton,2,4832,74,207549,0.02702702702702703,0.0,0.0030650831551105135
5165,2021-06-02,Clinton,0,4832,155,207704,0.0,0.0,0.002525999597159031
5166,2021-06-03,Clinton,1,4833,578,208282,0.0017301038062283738,0.0,0.0025780067256027696
5167,2021-06-04,Clinton,0,4833,698,208980,0.0,0.0,0.0025780067256027696
5168,2021-06-05,Clinton,0,4833,225,209205,0.0,0.0,0.0025780067256027696
5169,2021-06-06,Clinton,1,4834,592,209797,0.0016891891891891893,0.0,0.0021747371444603278
5170,2021-06-07,Clinton,1,4835,138,209935,0.007246376811594203,0.0,0.002692335488145628
5171,2021-06-08,Clinton,0,4835,171,210106,0.0,0.0,0.0007618335576436977
5172,2021-06-09,Clinton,0,4835,201,210307,0.0,0.0,0.0007618335576436977
5173,2021-06-10,Clinton,0,4835,578,210885,0.0,0.0,0.000638254714341671
5174,2021-06-11,Clinton,0,4835,154,211039,0.0,0.0,0.000638254714341671
5175,2021-06-12,Clinton,0,4835,491,211530,0.0,0.0,0.000638254714341671
5176,2021-06-13,Clinton,0,4835,295,211825,0.0,0.0,0.0005175983436853002
5177,2021-06-14,Clinton,0,4835,106,211931,0.0,0.0,0.0
5178,2021-06-15,Clinton,1,4836,263,212194,0.0038022813688212928,0.0,0.00027159152634437803
5179,2021-06-16,Clinton,0,4836,236,212430,0.0,0.0,0.00027159152634437803
5180,2021-06-17,Clinton,1,4837,307,212737,0.003257328990228013,0.0,0.0005042578827892362
5181,2021-06-18,Clinton,1,4838,137,212874,0.0072992700729927005,0.0,0.0010256343165744289
5182,2021-06-19,Clinton,1,4839,130,213004,0.007692307692307693,0.0,0.0015750848660249785
5183,2021-06-20,Clinton,0,4839,185,213189,0.0,0.0,0.0015750848660249785
5184,2021-06-21,Clinton,0,4839,82,213271,0.0,0.0,0.0015750848660249785
5185,2021-06-22,Clinton,0,4839,122,213393,0.0,0.0,0.0013034933396806005
5186,2021-06-23,Clinton,2,4841,174,213567,0.011494252873563218,0.0,0.0021245114020779733
5187,2021-06-24,Clinton,2,4843,203,213770,0.009852216748768473,0.0,0.002595574813402292
5188,2021-06-25,Clinton,2,4845,133,213903,0.015037593984962405,0.0,0.0031483122356858423
5189,2021-06-26,Clinton,1,4846,172,214075,0.005813953488372093,0.0,0.0030141440782618704
5190,2021-06-27,Clinton,0,4846,126,214201,0.0,0.0,0.0030141440782618704
5191,2021-06-28,Clinton,0,4846,115,214316,0.0,0.0,0.0030141440782618704
5192,2021-06-29,Clinton,1,4847,152,214468,0.006578947368421052,0.0,0.0034840688902919455
5193,2021-06-30,Clinton,8,4855,116,214584,0.06896551724137931,1.0,0.007589159202278809
5194,2021-07-01,Clinton,0,4855,212,214796,0.0,0.0,0.0068854294345096325
5195,2021-07-02,Clinton,0,4855,108,214904,0.0,0.0,0.005811315578440889
5196,2021-07-03,Clinton,0,4855,188,215092,0.0,0.0,0.005396033186414311
5197,2021-07-04,Clinton,0,4855,110,215202,0.0,0.0,0.005396033186414311
5198,2021-07-05,Clinton,1,4856,57,215259,0.017543859649122806,0.0,0.006649166018494511
5199,2021-07-06,Clinton,1,4857,115,215374,0.008695652173913044,0.0,0.006800359218886797
5200,2021-07-07,Clinton,1,4858,152,215526,0.006578947368421052,0.0,0.0023441756565326355
5201,2021-07-08,Clinton,0,4858,170,215696,0.0,0.0,0.0023441756565326355
5202,2021-07-09,Clinton,0,4858,138,215834,0.0,0.0,0.0023441756565326355
5203,2021-07-10,Clinton,0,4858,171,216005,0.0,0.0,0.0023441756565326355
5204,2021-07-11,Clinton,0,4858,144,216149,0.0,0.0,0.0023441756565326355
5205,2021-07-12,Clinton,0,4858,124,216273,0.0,0.0,0.0010910428244524353
5206,2021-07-13,Clinton,0,4858,109,216382,0.0,0.0,0.00046992481203007516
5207,2021-07-14,Clinton,0,4858,111,216493,0.0,0.0,0.0
5208,2021-07-15,Clinton,1,4859,190,216683,0.005263157894736842,0.0,0.0003759398496240601
5209,2021-07-16,Clinton,0,4859,149,216832,0.0,0.0,0.0003759398496240601
5210,2021-07-17,Clinton,2,4861,135,216967,0.014814814814814815,0.0,0.0014341409078251182
5211,2021-07-18,Clinton,5,4866,91,217058,0.054945054945054944,0.0,0.005358787689614757
5212,2021-07-19,Clinton,1,4867,97,217155,0.010309278350515464,0.0,0.006095164714651577
5213,2021-07-20,Clinton,0,4867,100,217255,0.0,0.0,0.006095164714651577
5214,2021-07-21,Clinton,1,4868,163,217418,0.006134969325153374,0.0,0.006533376809305389
5215,2021-07-22,Clinton,0,4868,144,217562,0.0,0.0,0.006157436959681329
5216,2021-07-23,Clinton,0,4868,143,217705,0.0,0.0,0.006157436959681329
5217,2021-07-24,Clinton,0,4868,154,217859,0.0,0.0,0.00509923590148027
5218,2021-07-25,Clinton,1,4869,89,217948,0.011235955056179775,0.0,0.0019771573379891863
5219,2021-07-26,Clinton,1,4870,76,218024,0.013157894736842105,0.0,0.0021806299370125183
5220,2021-07-27,Clinton,3,4873,149,218173,0.020134228187919462,0.0,0.0036187890932924795
5221,2021-07-28,Clinton,2,4875,183,218356,0.01092896174863388,0.0,0.0039612171235410875
5222,2021-07-29,Clinton,3,4878,264,218620,0.011363636363636364,0.0,0.004772905435229399
5223,2021-07-30,Clinton,5,4883,105,218725,0.047619047619047616,1.0,0.008174265979447086
5224,2021-07-31,Clinton,2,4885,190,218915,0.010526315789473684,1.0,0.008926145678695206
5225,2021-08-01,Clinton,3,4888,112,219027,0.026785714285714284,1.0,0.0100368427665191
5226,2021-08-02,Clinton,3,4891,87,219114,0.034482758620689655,1.0,0.011560047329651069
5227,2021-08-03,Clinton,2,4893,189,219303,0.010582010582010581,1.0,0.010877746072086148
5228,2021-08-04,Clinton,2,4895,167,219470,0.011976047904191617,1.0,0.010952537940340271
5229,2021-08-05,Clinton,6,4901,206,219676,0.02912621359223301,1.0,0.012221293456668603
5230,2020-03-01,Columbia,0,0,0,0,,,
5231,2020-03-02,Columbia,0,0,0,0,,,
5232,2020-03-03,Columbia,0,0,0,0,,,
5233,2020-03-04,Columbia,0,0,0,0,,,
5234,2020-03-05,Columbia,0,0,0,0,,,
5235,2020-03-06,Columbia,0,0,0,0,,,
5236,2020-03-07,Columbia,0,0,0,0,,0.0,
5237,2020-03-08,Columbia,0,0,1,1,0.0,0.0,
5238,2020-03-09,Columbia,0,0,0,1,,0.0,
5239,2020-03-10,Columbia,0,0,0,1,,0.0,
5240,2020-03-11,Columbia,0,0,2,3,0.0,0.0,
5241,2020-03-12,Columbia,0,0,2,5,0.0,0.0,
5242,2020-03-13,Columbia,0,0,1,6,0.0,0.0,
5243,2020-03-14,Columbia,0,0,4,10,0.0,0.0,
5244,2020-03-15,Columbia,0,0,2,12,0.0,0.0,
5245,2020-03-16,Columbia,0,0,13,25,0.0,0.0,
5246,2020-03-17,Columbia,0,0,14,39,0.0,0.0,0.0
5247,2020-03-18,Columbia,0,0,32,71,0.0,0.0,0.0
5248,2020-03-19,Columbia,1,1,24,95,0.041666666666666664,0.0,0.002976190476190476
5249,2020-03-20,Columbia,1,2,35,130,0.02857142857142857,0.0,0.0050170068027210885
5250,2020-03-21,Columbia,3,5,52,182,0.057692307692307696,0.0,0.009137885923600209
5251,2020-03-22,Columbia,5,10,48,230,0.10416666666666667,0.0,0.0165783621140764
5252,2020-03-23,Columbia,1,11,10,240,0.1,0.0,0.023721219256933546
5253,2020-03-24,Columbia,1,12,15,255,0.06666666666666667,0.0,0.02848312401883831
5254,2020-03-25,Columbia,1,13,22,277,0.045454545454545456,0.0,0.03172987726559155
5255,2020-03-26,Columbia,7,20,20,297,0.35,1.0,0.053753686789401074
5256,2020-03-27,Columbia,2,22,15,312,0.13333333333333333,1.0,0.061236679986679976
5257,2020-03-28,Columbia,1,23,11,323,0.09090909090909091,1.0,0.06360930735930735
5258,2020-03-29,Columbia,3,26,26,349,0.11538461538461539,1.0,0.0644105894105894
5259,2020-03-30,Columbia,4,30,14,363,0.2857142857142857,1.0,0.0776758955330384
5260,2020-03-31,Columbia,1,31,12,375,0.08333333333333333,1.0,0.07886637172351459
5261,2020-04-01,Columbia,5,36,21,396,0.23809523809523808,1.0,0.09262642119784978
5262,2020-04-02,Columbia,6,42,22,418,0.2727272727272727,1.0,0.08710694067836924
5263,2020-04-03,Columbia,7,49,20,438,0.35,1.0,0.10258313115455972
5264,2020-04-04,Columbia,2,51,15,453,0.13333333333333333,2.0,0.10561343418486276
5265,2020-04-05,Columbia,8,59,23,476,0.34782608695652173,2.0,0.12221639643999893
5266,2020-04-06,Columbia,2,61,15,491,0.13333333333333333,2.0,0.11133204269850232
5267,2020-04-07,Columbia,2,63,8,499,0.25,2.0,0.12323680460326422
5268,2020-04-08,Columbia,7,70,27,526,0.25925925925925924,2.0,0.12474852040069431
5269,2020-04-09,Columbia,4,74,55,581,0.07272727272727272,2.0,0.11046280611498004
5270,2020-04-10,Columbia,3,77,30,611,0.1,2.0,0.09260566325783716
5271,2020-04-11,Columbia,2,79,35,646,0.05714285714285714,2.0,0.08716348638708886
5272,2020-04-12,Columbia,1,80,27,673,0.037037037037037035,1.0,0.0649642685356971
5273,2020-04-13,Columbia,4,84,30,703,0.13333333333333333,1.0,0.06496426853569712
5274,2020-04-14,Columbia,12,96,55,758,0.21818181818181817,2.0,0.06269154126296983
5275,2020-04-15,Columbia,3,99,28,786,0.10714285714285714,2.0,0.05182608396894111
5276,2020-04-16,Columbia,2,101,20,806,0.1,1.0,0.05377413591699305
5277,2020-04-17,Columbia,4,105,32,838,0.125,2.0,0.05555985020270734
5278,2020-04-18,Columbia,2,107,34,872,0.058823529411764705,2.0,0.055679898221915027
5279,2020-04-19,Columbia,4,111,17,889,0.23529411764705882,2.0,0.06984111826548801
5280,2020-04-20,Columbia,2,113,24,913,0.08333333333333333,2.0,0.06626968969405943
5281,2020-04-21,Columbia,4,117,34,947,0.11764705882352941,1.0,0.05908863545418167
5282,2020-04-22,Columbia,6,123,35,982,0.17142857142857143,1.0,0.06368047218887554
5283,2020-04-23,Columbia,6,129,35,1017,0.17142857142857143,2.0,0.06878251300520209
5284,2020-04-24,Columbia,11,140,105,1122,0.10476190476190476,2.0,0.06733693477390956
5285,2020-04-25,Columbia,3,143,27,1149,0.1111111111111111,2.0,0.07107176203814859
5286,2020-04-26,Columbia,3,146,22,1171,0.13636363636363635,2.0,0.06400529908933271
5287,2020-04-27,Columbia,8,154,33,1204,0.24242424242424243,2.0,0.07536893545296908
5288,2020-04-28,Columbia,11,165,37,1241,0.2972972972972973,3.0,0.08820109534395248
5289,2020-04-29,Columbia,5,170,61,1302,0.08196721311475409,3.0,0.08181099832153695
5290,2020-04-30,Columbia,32,202,76,1378,0.42105263157894735,5.0,0.09964128833227812
5291,2020-05-01,Columbia,3,205,37,1415,0.08108108108108109,4.0,0.09794980092650499
5292,2020-05-02,Columbia,4,209,57,1472,0.07017543859649122,4.0,0.09502582431831784
5293,2020-05-03,Columbia,4,213,38,1510,0.10526315789473684,4.0,0.0928043615705393
5294,2020-05-04,Columbia,16,229,79,1589,0.20253164556962025,5.0,0.08995489036663772
5295,2020-05-05,Columbia,62,291,188,1777,0.32978723404255317,9.0,0.092275600134156
5296,2020-05-06,Columbia,11,302,58,1835,0.1896551724137931,9.0,0.0999675972269445
5297,2020-05-07,Columbia,2,304,70,1905,0.02857142857142857,7.0,0.0719332255835503
5298,2020-05-08,Columbia,0,304,42,1947,0.0,7.0,0.0661417197920445
5299,2020-05-09,Columbia,8,312,264,2211,0.030303030303030304,7.0,0.06329369062822586
5300,2020-05-10,Columbia,2,314,41,2252,0.04878048780487805,7.0,0.05925921419323595
5301,2020-05-11,Columbia,0,314,55,2307,0.0,6.0,0.04479266808112022
5302,2020-05-12,Columbia,4,318,85,2392,0.047058823529411764,1.0,0.024597781615895844
5303,2020-05-13,Columbia,9,327,100,2492,0.09,1.0,0.017479555014910622
5304,2020-05-14,Columbia,6,333,95,2587,0.06315789473684211,2.0,0.019950016883868733
5305,2020-05-15,Columbia,5,338,71,2658,0.07042253521126761,2.0,0.024980197970387846
5306,2020-05-16,Columbia,2,340,68,2726,0.029411764705882353,2.0,0.02491653614202013
5307,2020-05-17,Columbia,6,346,86,2812,0.06976744186046512,2.0,0.02641560428884778
5308,2020-05-18,Columbia,4,350,39,2851,0.10256410256410256,2.0,0.0337416116148551
5309,2020-05-19,Columbia,0,350,107,2958,0.0,2.0,0.030380267077039978
5310,2020-05-20,Columbia,5,355,128,3086,0.0390625,2.0,0.026741874219897124
5311,2020-05-21,Columbia,1,356,78,3164,0.01282051282051282,1.0,0.02314634694015932
5312,2020-05-22,Columbia,3,359,96,3260,0.03125,1.0,0.02034830871078306
5313,2020-05-23,Columbia,6,365,94,3354,0.06382978723404255,1.0,0.02280673889136593
5314,2020-05-24,Columbia,7,372,134,3488,0.05223880597014925,1.0,0.021554693470629084
5315,2020-05-25,Columbia,1,373,145,3633,0.006896551724137931,1.0,0.014721296982060181
5316,2020-05-26,Columbia,7,380,62,3695,0.11290322580645161,2.0,0.02278581311109244
5317,2020-05-27,Columbia,0,380,145,3840,0.0,1.0,0.01999563453966387
5318,2020-05-28,Columbia,2,382,159,3999,0.012578616352201259,1.0,0.019978356220498757
5319,2020-05-29,Columbia,1,383,125,4124,0.008,1.0,0.018317641934784468
5320,2020-05-30,Columbia,4,387,211,4335,0.018957345971563982,1.0,0.015112467558893145
5321,2020-05-31,Columbia,2,389,94,4429,0.02127659574468085,1.0,0.012900881114216833
5322,2020-06-01,Columbia,2,391,167,4596,0.011976047904191617,1.0,0.013263702269934952
5323,2020-06-02,Columbia,8,399,393,4989,0.020356234096692113,1.0,0.006653202862094988
5324,2020-06-03,Columbia,1,400,276,5265,0.0036231884057971015,1.0,0.006912002033937637
5325,2020-06-04,Columbia,11,411,269,5534,0.040892193308550186,2.0,0.00893440038796256
5326,2020-06-05,Columbia,1,412,225,5759,0.0044444444444444444,2.0,0.008680432133994307
5327,2020-06-06,Columbia,2,414,211,5970,0.009478672985781991,1.0,0.008003384063581307
5328,2020-06-07,Columbia,0,414,144,6114,0.0,1.0,0.006483627224675533
5329,2020-06-08,Columbia,0,414,145,6259,0.0,1.0,0.005628195231518989
5330,2020-06-09,Columbia,6,420,310,6569,0.01935483870967742,1.0,0.005556666989589368
5331,2020-06-10,Columbia,4,424,233,6802,0.017167381974248927,1.0,0.0065241093873359265
5332,2020-06-11,Columbia,4,428,412,7214,0.009708737864077669,1.0,0.004296719712730747
5333,2020-06-12,Columbia,3,431,176,7390,0.017045454545454544,1.0,0.005196791862802896
5334,2020-06-13,Columbia,5,436,198,7588,0.025252525252525252,1.0,0.0063234955961416995
5335,2020-06-14,Columbia,3,439,95,7683,0.031578947368421054,1.0,0.008579134693886062
5336,2020-06-15,Columbia,3,442,198,7881,0.015151515151515152,2.0,0.009661385776137144
5337,2020-06-16,Columbia,0,442,134,8015,0.0,1.0,0.008278897296874472
5338,2020-06-17,Columbia,1,443,189,8204,0.005291005291005291,1.0,0.007430584676642782
5339,2020-06-18,Columbia,3,446,454,8658,0.006607929515418502,1.0,0.0072090983660242705
5340,2020-06-19,Columbia,5,451,335,8993,0.014925373134328358,1.0,0.007057663979515258
5341,2020-06-20,Columbia,0,451,182,9175,0.0,1.0,0.005253912175763454
5342,2020-06-21,Columbia,1,452,146,9321,0.00684931506849315,0.0,0.0034875098686257466
5343,2020-06-22,Columbia,2,454,106,9427,0.018867924528301886,0.0,0.0037529676812533704
5344,2020-06-23,Columbia,0,454,174,9601,0.0,0.0,0.0037529676812533704
5345,2020-06-24,Columbia,1,455,300,9901,0.0033333333333333335,0.0,0.003613133969991088
5346,2020-06-25,Columbia,5,460,447,10348,0.011185682326621925,1.0,0.003940116313648475
5347,2020-06-26,Columbia,1,461,179,10527,0.00558659217877095,0.0,0.0032730605311086605
5348,2020-06-27,Columbia,2,463,165,10692,0.012121212121212121,0.0,0.004138861396909526
5349,2020-06-28,Columbia,0,463,96,10788,0.0,0.0,0.0036496246063028722
5350,2020-06-29,Columbia,1,464,221,11009,0.004524886877828055,0.0,0.0026251219169833133
5351,2020-06-30,Columbia,2,466,136,11145,0.014705882352941176,0.0,0.0036755420850505404
5352,2020-07-01,Columbia,6,472,289,11434,0.020761245674740483,1.0,0.004920392966579623
5353,2020-07-02,Columbia,2,474,234,11668,0.008547008547008548,1.0,0.00473191626803581
5354,2020-07-03,Columbia,0,474,150,11818,0.0,0.0,0.00433287396955217
5355,2020-07-04,Columbia,1,475,220,12038,0.004545454545454545,0.0,0.003791748428426629
5356,2020-07-05,Columbia,2,477,247,12285,0.008097165991902834,1.0,0.004370117427848259
5357,2020-07-06,Columbia,2,479,312,12597,0.00641025641025641,1.0,0.004504786680164572
5358,2020-07-07,Columbia,3,482,291,12888,0.010309278350515464,1.0,0.004190743537134163
5359,2020-07-08,Columbia,0,482,191,13079,0.0,0.0,0.002707797417509843
5360,2020-07-09,Columbia,0,482,212,13291,0.0,0.0,0.0020972968070092322
5361,2020-07-10,Columbia,3,485,172,13463,0.01744186046511628,0.0,0.003343143983088967
5362,2020-07-11,Columbia,1,486,189,13652,0.005291005291005291,0.0,0.0033963976077711626
5363,2020-07-12,Columbia,1,487,197,13849,0.005076142131979695,0.0,0.003180610189205224
5364,2020-07-13,Columbia,2,489,289,14138,0.006920415224913495,0.0,0.003217050104537873
5365,2020-07-14,Columbia,0,489,226,14364,0.0,0.0,0.0024806730795010543
5366,2020-07-15,Columbia,0,489,200,14564,0.0,0.0,0.0024806730795010543
5367,2020-07-16,Columbia,1,490,201,14765,0.004975124378109453,0.0,0.0028360391065088727
5368,2020-07-17,Columbia,1,491,307,15072,0.003257328990228013,0.0,0.0018228582868739962
5369,2020-07-18,Columbia,1,492,99,15171,0.010101010101010102,0.0,0.0021664300590171974
5370,2020-07-19,Columbia,0,492,99,15270,0.0,0.0,0.0018038484781615048
5371,2020-07-20,Columbia,3,495,222,15492,0.013513513513513514,0.0,0.002274784070204363
5372,2020-07-21,Columbia,2,497,197,15689,0.01015228426395939,0.0,0.0029999472319157477
5373,2020-07-22,Columbia,0,497,309,15998,0.0,0.0,0.0029999472319157477
5374,2020-07-23,Columbia,1,498,324,16322,0.0030864197530864196,0.0,0.002865039758699817
5375,2020-07-24,Columbia,2,500,284,16606,0.007042253521126761,0.0,0.0031353915109068706
5376,2020-07-25,Columbia,0,500,116,16722,0.0,0.0,0.002413890789406149
5377,2020-07-26,Columbia,3,503,139,16861,0.02158273381294964,0.0,0.003955514633188266
5378,2020-07-27,Columbia,1,504,232,17093,0.004310344827586207,0.0,0.003298145441336315
5379,2020-07-28,Columbia,6,510,119,17212,0.05042016806722689,0.0,0.006174422855855423
5380,2020-07-29,Columbia,3,513,221,17433,0.013574660633484163,1.0,0.007144041472532863
5381,2020-07-30,Columbia,3,516,253,17686,0.011857707509881422,1.0,0.00777056202658965
5382,2020-07-31,Columbia,3,519,258,17944,0.011627906976744186,1.0,0.008098108701990894
5383,2020-08-01,Columbia,3,522,73,18017,0.0410958904109589,1.0,0.011033529445630815
5384,2020-08-02,Columbia,1,523,73,18090,0.0136986301369863,1.0,0.010470379183062007
5385,2020-08-03,Columbia,6,529,268,18358,0.022388059701492536,1.0,0.011761644531198172
5386,2020-08-04,Columbia,2,531,264,18622,0.007575757575757576,1.0,0.00870132949609322
5387,2020-08-05,Columbia,3,534,235,18857,0.01276595744680851,1.0,0.008643564982759245
5388,2020-08-06,Columbia,1,535,194,19051,0.005154639175257732,1.0,0.008164774387428981
5389,2020-08-07,Columbia,4,539,158,19209,0.02531645569620253,1.0,0.009142527867390293
5390,2020-08-08,Columbia,1,540,166,19375,0.006024096385542169,1.0,0.006637399722717668
5391,2020-08-09,Columbia,1,541,120,19495,0.008333333333333333,1.0,0.006254164236742457
5392,2020-08-10,Columbia,5,546,415,19910,0.012048192771084338,1.0,0.00551560231314187
5393,2020-08-11,Columbia,2,548,247,20157,0.008097165991902834,1.0,0.005552845771437961
5394,2020-08-12,Columbia,2,550,222,20379,0.009009009009009009,1.0,0.005284492311595139
5395,2020-08-13,Columbia,1,551,304,20683,0.003289473684210526,1.0,0.005151266205091767
5396,2020-08-14,Columbia,0,551,214,20897,0.0,0.0,0.003342947941077301
5397,2020-08-15,Columbia,1,552,221,21118,0.004524886877828055,0.0,0.0032358615476691496
5398,2020-08-16,Columbia,0,552,103,21221,0.0,0.0,0.002640623452431055
5399,2020-08-17,Columbia,6,558,505,21726,0.011881188118811881,0.0,0.0026286945486973076
5400,2020-08-18,Columbia,1,559,398,22124,0.002512562814070352,0.0,0.002229794321709273
5401,2020-08-19,Columbia,1,560,228,22352,0.0043859649122807015,0.0,0.0018995768862286797
5402,2020-08-20,Columbia,1,561,296,22648,0.0033783783783783786,0.0,0.0019059272215263836
5403,2020-08-21,Columbia,0,561,315,22963,0.0,0.0,0.0019059272215263836
5404,2020-08-22,Columbia,1,562,203,23166,0.0049261083743842365,0.0,0.0019345858998518252
5405,2020-08-23,Columbia,0,562,141,23307,0.0,0.0,0.0019345858998518252
5406,2020-08-24,Columbia,2,564,317,23624,0.006309148264984227,0.0,0.0015365830531498498
5407,2020-08-25,Columbia,0,564,109,23733,0.0,0.0,0.0013571142807162532
5408,2020-08-26,Columbia,4,568,279,24012,0.014336917562724014,0.0,0.0020678966128907755
5409,2020-08-27,Columbia,0,568,295,24307,0.0,0.0,0.001826583871578034
5410,2020-08-28,Columbia,1,569,304,24611,0.003289473684210526,0.0,0.002061546277593072
5411,2020-08-29,Columbia,0,569,280,24891,0.0,0.0,0.0017096813937084834
5412,2020-08-30,Columbia,0,569,261,25152,0.0,0.0,0.0017096813937084834
5413,2020-08-31,Columbia,0,569,233,25385,0.0,0.0,0.00125902794620961
5414,2020-09-01,Columbia,1,570,347,25732,0.002881844380403458,0.0,0.0014648739733812857
5415,2020-09-02,Columbia,0,570,245,25977,0.0,0.0,0.00044080843318671317
5416,2020-09-03,Columbia,4,574,206,26183,0.019417475728155338,0.0,0.0018277709851978086
5417,2020-09-04,Columbia,1,575,198,26381,0.005050505050505051,0.0,0.001953558939933132
5418,2020-09-05,Columbia,0,575,190,26571,0.0,0.0,0.001953558939933132
5419,2020-09-06,Columbia,1,576,116,26687,0.008620689655172414,0.0,0.0025693224867311616
5420,2020-09-07,Columbia,0,576,237,26924,0.0,0.0,0.0025693224867311616
5421,2020-09-08,Columbia,0,576,223,27147,0.0,0.0,0.002363476459559486
5422,2020-09-09,Columbia,0,576,213,27360,0.0,0.0,0.002363476459559486
5423,2020-09-10,Columbia,1,577,222,27582,0.0045045045045045045,0.0,0.001298264229298712
5424,2020-09-11,Columbia,0,577,182,27764,0.0,0.0,0.0009375138685483512
5425,2020-09-12,Columbia,0,577,263,28027,0.0,0.0,0.0009375138685483512
5426,2020-09-13,Columbia,0,577,133,28160,0.0,0.0,0.00032175032175032174
5427,2020-09-14,Columbia,0,577,285,28445,0.0,0.0,0.00032175032175032174
5428,2020-09-15,Columbia,0,577,162,28607,0.0,0.0,0.00032175032175032174
5429,2020-09-16,Columbia,2,579,196,28803,0.01020408163265306,0.0,0.0010506132955112547
5430,2020-09-17,Columbia,1,580,153,28956,0.006535947712418301,0.0,0.0011957163817908115
5431,2020-09-18,Columbia,0,580,195,29151,0.0,0.0,0.0011957163817908115
5432,2020-09-19,Columbia,1,581,318,29469,0.0031446540880503146,0.0,0.0014203345309372628
5433,2020-09-20,Columbia,1,582,230,29699,0.004347826086956522,0.0,0.0017308935371484425
5434,2020-09-21,Columbia,0,582,233,29932,0.0,0.0,0.0017308935371484425
5435,2020-09-22,Columbia,3,585,130,30062,0.023076923076923078,0.0,0.003379245185500091
5436,2020-09-23,Columbia,1,586,227,30289,0.004405286343612335,0.0,0.002965045521997182
5437,2020-09-24,Columbia,2,588,272,30561,0.007352941176470588,0.0,0.003023402198000917
5438,2020-09-25,Columbia,3,591,220,30781,0.013636363636363636,0.0,0.003997428172026891
5439,2020-09-26,Columbia,0,591,342,31123,0.0,0.0,0.00377281002288044
5440,2020-09-27,Columbia,0,591,180,31303,0.0,0.0,0.0034622510166692597
5441,2020-09-28,Columbia,1,592,268,31571,0.0037313432835820895,0.0,0.003728775536925123
5442,2020-09-29,Columbia,3,595,236,31807,0.012711864406779662,0.0,0.002988414203343451
5443,2020-09-30,Columbia,0,595,283,32090,0.0,0.0,0.002673750893085427
5444,2020-10-01,Columbia,9,604,267,32357,0.033707865168539325,1.0,0.004556245463947479
5445,2020-10-02,Columbia,1,605,224,32581,0.004464285714285714,1.0,0.003901097040941913
5446,2020-10-03,Columbia,3,608,292,32873,0.010273972602739725,1.0,0.004634952226851894
5447,2020-10-04,Columbia,0,608,138,33011,0.0,1.0,0.004634952226851894
5448,2020-10-05,Columbia,1,609,330,33341,0.0030303030303030303,1.0,0.004584877923046247
5449,2020-10-06,Columbia,2,611,202,33543,0.009900990099009901,1.0,0.004384101186776978
5450,2020-10-07,Columbia,0,611,346,33889,0.0,1.0,0.004384101186776978
5451,2020-10-08,Columbia,4,615,242,34131,0.01652892561983471,0.0,0.00315703407615522
5452,2020-10-09,Columbia,2,617,365,34496,0.005479452054794521,0.0,0.003229545957620135
5453,2020-10-10,Columbia,4,621,248,34744,0.016129032258064516,0.0,0.0036477645044290484
5454,2020-10-11,Columbia,3,624,267,35011,0.011235955056179775,1.0,0.004450332722727604
5455,2020-10-12,Columbia,2,626,355,35366,0.005633802816901409,1.0,0.004636296993198916
5456,2020-10-13,Columbia,3,629,224,35590,0.013392857142857142,1.0,0.0048857160677594335
5457,2020-10-14,Columbia,5,634,435,36025,0.011494252873563218,1.0,0.005706734130156807
5458,2020-10-15,Columbia,1,635,224,36249,0.004464285714285714,1.0,0.004844974136903307
5459,2020-10-16,Columbia,6,641,311,36560,0.01929260450160772,1.0,0.005831627883104249
5460,2020-10-17,Columbia,6,647,362,36922,0.016574585635359115,1.0,0.005863453124339578
5461,2020-10-18,Columbia,4,651,264,37186,0.015151515151515152,1.0,0.0061431359882921045
5462,2020-10-19,Columbia,6,657,251,37437,0.02390438247011952,2.0,0.007448177392093399
5463,2020-10-20,Columbia,2,659,272,37709,0.007352941176470588,2.0,0.007016754823065788
5464,2020-10-21,Columbia,4,663,372,38081,0.010752688172043012,2.0,0.006963785915814344
5465,2020-10-22,Columbia,4,667,374,38455,0.0106951871657754,2.0,0.007408850305206465
5466,2020-10-23,Columbia,2,669,351,38806,0.005698005698005698,2.0,0.006437807533520606
5467,2020-10-24,Columbia,11,680,253,39059,0.043478260869565216,2.0,0.008359498621678185
5468,2020-10-25,Columbia,12,692,304,39363,0.039473684210526314,2.0,0.010096796411607555
5469,2020-10-26,Columbia,7,699,578,39941,0.012110726643598616,3.0,0.009254392423998918
5470,2020-10-27,Columbia,11,710,486,40427,0.02263374485596708,3.0,0.010345878401105808
5471,2020-10-28,Columbia,11,721,553,40980,0.019891500904159132,4.0,0.010998650739114102
5472,2020-10-29,Columbia,2,723,411,41391,0.004866180048661801,4.0,0.010582293087891702
5473,2020-10-30,Columbia,5,728,398,41789,0.01256281407035176,4.0,0.01107263654305928
5474,2020-10-31,Columbia,8,736,380,42169,0.021052631578947368,4.0,0.00947080587944372
5475,2020-11-01,Columbia,3,739,456,42625,0.006578947368421052,3.0,0.007121181819293345
5476,2020-11-02,Columbia,6,745,436,43061,0.013761467889908258,3.0,0.0072390919083154615
5477,2020-11-03,Columbia,18,763,421,43482,0.04275534441805225,3.0,0.008676349019892973
5478,2020-11-04,Columbia,11,774,395,43877,0.027848101265822784,3.0,0.009244677617154664
5479,2020-11-05,Columbia,8,782,346,44223,0.023121387283236993,4.0,0.01054862099105289
5480,2020-11-06,Columbia,7,789,286,44509,0.024475524475524476,4.0,0.011399528877136657
5481,2020-11-07,Columbia,12,801,553,45062,0.0216998191681736,4.0,0.011445756562081386
5482,2020-11-08,Columbia,11,812,403,45465,0.02729528535980149,5.0,0.012925494990037133
5483,2020-11-09,Columbia,13,825,520,45985,0.025,5.0,0.013728247283615115
5484,2020-11-10,Columbia,19,844,454,46439,0.04185022026431718,5.0,0.013663595558348323
5485,2020-11-11,Columbia,11,855,434,46873,0.02534562211981567,5.0,0.013484847047919243
5486,2020-11-12,Columbia,15,870,443,47316,0.033860045146726865,6.0,0.014251894038168521
5487,2020-11-13,Columbia,7,877,277,47593,0.02527075812274368,6.0,0.014308696441541318
5488,2020-11-14,Columbia,4,881,206,47799,0.019417475728155338,5.0,0.014145671910111445
5489,2020-11-15,Columbia,5,886,206,48005,0.024271844660194174,5.0,0.013929711860139493
5490,2020-11-16,Columbia,9,895,355,48360,0.02535211267605634,5.0,0.013954862765572089
5491,2020-11-17,Columbia,11,906,522,48882,0.0210727969348659,4.0,0.012470761099182713
5492,2020-11-18,Columbia,12,918,609,49491,0.019704433497536946,4.0,0.012067819054734233
5493,2020-11-19,Columbia,16,934,582,50073,0.027491408934707903,4.0,0.01161291646816145
5494,2020-11-20,Columbia,18,952,504,50577,0.03571428571428571,5.0,0.012358882724700164
5495,2020-11-21,Columbia,10,962,342,50919,0.029239766081871343,5.0,0.013060474892822737
5496,2020-11-22,Columbia,3,965,379,51298,0.0079155672823219,5.0,0.01189216936583186
5497,2020-11-23,Columbia,5,970,344,51642,0.014534883720930232,5.0,0.011119510154751424
5498,2020-11-24,Columbia,9,979,476,52118,0.018907563025210083,5.0,0.01096485058977601
5499,2020-11-25,Columbia,9,988,372,52490,0.024193548387096774,5.0,0.011285501653315997
5500,2020-11-26,Columbia,17,1005,492,52982,0.034552845528455285,5.0,0.011789889981440807
5501,2020-11-27,Columbia,7,1012,407,53389,0.0171990171990172,4.0,0.010467370801778774
5502,2020-11-28,Columbia,8,1020,414,53803,0.01932367149758454,4.0,0.009759078331472574
5503,2020-11-29,Columbia,7,1027,273,54076,0.02564102564102564,4.0,0.01102518249995141
5504,2020-11-30,Columbia,8,1035,593,54669,0.013490725126475547,4.0,0.010950599743204647
5505,2020-12-01,Columbia,9,1044,416,55085,0.021634615384615384,4.0,0.011145389197447885
5506,2020-12-02,Columbia,17,1061,669,55754,0.025411061285500747,5.0,0.01123235440447674
5507,2020-12-03,Columbia,12,1073,672,56426,0.017857142857142856,4.0,0.010039804213668709
5508,2020-12-04,Columbia,13,1086,502,56928,0.025896414342629483,5.0,0.010661046866783873
5509,2020-12-05,Columbia,14,1100,316,57244,0.04430379746835443,5.0,0.01244534157898172
5510,2020-12-06,Columbia,11,1111,302,57546,0.03642384105960265,6.0,0.013215542680308652
5511,2020-12-07,Columbia,6,1117,382,57928,0.015706806282722512,5.0,0.013373834191469147
5512,2020-12-08,Columbia,22,1139,496,58424,0.04435483870967742,6.0,0.014996707286116436
5513,2020-12-09,Columbia,18,1157,560,58984,0.03214285714285714,6.0,0.015477549847356178
5514,2020-12-10,Columbia,18,1175,425,59409,0.042352941176470586,7.0,0.01722724972730816
5515,2020-12-11,Columbia,13,1188,462,59871,0.02813852813852814,7.0,0.01738740071272949
5516,2020-12-12,Columbia,16,1204,546,60417,0.029304029304029304,7.0,0.016315988700991983
5517,2020-12-13,Columbia,21,1225,296,60713,0.07094594594594594,8.0,0.01878185333573079
5518,2020-12-14,Columbia,19,1244,453,61166,0.04194260485651214,9.0,0.020655838948144333
5519,2020-12-15,Columbia,14,1258,281,61447,0.0498220640569395,8.0,0.02104635504437734
5520,2020-12-16,Columbia,30,1288,671,62118,0.044709388971684055,9.0,0.02194396446072212
5521,2020-12-17,Columbia,27,1315,617,62735,0.04376012965964344,10.0,0.022044477923805896
5522,2020-12-18,Columbia,22,1337,434,63169,0.05069124423963134,10.0,0.02365538621674184
5523,2020-12-19,Columbia,15,1352,382,63551,0.03926701570680628,10.0,0.02436702810265448
5524,2020-12-20,Columbia,23,1375,355,63906,0.0647887323943662,10.0,0.02392722713468449
5525,2020-12-21,Columbia,27,1402,491,64397,0.054989816700611,11.0,0.02485917083783442
5526,2020-12-22,Columbia,14,1416,436,64833,0.03211009174311927,11.0,0.023594029958275826
5527,2020-12-23,Columbia,19,1435,657,65490,0.0289193302891933,10.0,0.0224661686238122
5528,2020-12-24,Columbia,35,1470,681,66171,0.0513950073421439,11.0,0.02301151702970509
5529,2020-12-25,Columbia,24,1494,331,66502,0.07250755287009064,11.0,0.024569824789023614
5530,2020-12-26,Columbia,18,1512,357,66859,0.05042016806722689,11.0,0.02536647852905366
5531,2020-12-27,Columbia,25,1537,488,67347,0.05122950819672131,11.0,0.02439796251493617
5532,2020-12-28,Columbia,29,1566,459,67806,0.06318082788671024,11.0,0.024983034742514683
5533,2020-12-29,Columbia,13,1579,254,68060,0.051181102362204724,11.0,0.026345249786735074
5534,2020-12-30,Columbia,51,1630,573,68633,0.08900523560209424,13.0,0.030637100166228
5535,2020-12-31,Columbia,48,1678,599,69232,0.08013355592654424,14.0,0.0326898536365423
5536,2021-01-01,Columbia,38,1716,509,69741,0.07465618860510806,15.0,0.03284332761761498
5537,2021-01-02,Columbia,37,1753,443,70184,0.0835214446952596,17.0,0.035207704519617314
5538,2021-01-03,Columbia,15,1768,514,70698,0.029182879377431907,16.0,0.0336329453182395
5539,2021-01-04,Columbia,24,1792,458,71156,0.05240174672489083,16.0,0.03286301094953811
5540,2021-01-05,Columbia,62,1854,449,71605,0.13808463251670378,19.0,0.03907040596057376
5541,2021-01-06,Columbia,52,1906,654,72259,0.07951070336391437,19.0,0.038392225086418055
5542,2021-01-07,Columbia,47,1953,579,72838,0.08117443868739206,19.0,0.03846657385505004
5543,2021-01-08,Columbia,55,2008,690,73528,0.07971014492753623,20.0,0.038827570735223485
5544,2021-01-09,Columbia,52,2060,587,74115,0.08858603066439523,21.0,0.03918932687587602
5545,2021-01-10,Columbia,53,2113,597,74712,0.08877721943048576,24.0,0.043446065451094154
5546,2021-01-11,Columbia,28,2141,485,75197,0.0577319587628866,24.0,0.04382679488237957
5547,2021-01-12,Columbia,45,2186,404,75601,0.11138613861386139,23.0,0.04191975960360512
5548,2021-01-13,Columbia,17,2203,442,76043,0.038461538461538464,21.0,0.03898767639629256
5549,2021-01-14,Columbia,96,2299,859,76902,0.11175785797438882,24.0,0.04117220634536375
5550,2021-01-15,Columbia,45,2344,741,77643,0.06072874493927125,24.0,0.03981639206048768
5551,2021-01-16,Columbia,53,2397,564,78207,0.09397163120567376,24.0,0.04020107781343615
5552,2021-01-17,Columbia,35,2432,622,78829,0.05627009646302251,22.0,0.037879140458617344
5553,2021-01-18,Columbia,63,2495,631,79460,0.09984152139461172,25.0,0.04088696636088342
5554,2021-01-19,Columbia,29,2524,424,79884,0.06839622641509434,24.0,0.037816258346685776
5555,2021-01-20,Columbia,54,2578,561,80445,0.0962566844919786,26.0,0.04194448306314579
5556,2021-01-21,Columbia,67,2645,741,81186,0.09041835357624832,24.0,0.0404202327489929
5557,2021-01-22,Columbia,48,2693,924,82110,0.05194805194805195,24.0,0.039793040392477226
5558,2021-01-23,Columbia,30,2723,464,82574,0.06465517241379311,23.0,0.03769900762162861
5559,2021-01-24,Columbia,39,2762,466,83040,0.08369098712446352,23.0,0.0396576426688744
5560,2021-01-25,Columbia,25,2787,403,83443,0.062034739454094295,20.0,0.03695715824455172
5561,2021-01-26,Columbia,33,2820,434,83877,0.07603686635944701,21.0,0.03750291824057691
5562,2021-01-27,Columbia,33,2853,527,84404,0.06261859582542695,19.0,0.03510019762153751
5563,2021-01-28,Columbia,54,2907,608,85012,0.08881578947368421,18.0,0.034985728757068645
5564,2021-01-29,Columbia,47,2954,691,85703,0.06801736613603473,18.0,0.03613353691335314
5565,2021-01-30,Columbia,17,2971,384,86087,0.044270833333333336,17.0,0.03467751269332029
5566,2021-01-31,Columbia,30,3001,456,86543,0.06578947368421052,17.0,0.03339883316187364
5567,2021-02-01,Columbia,19,3020,335,86878,0.056716417910447764,16.0,0.03301895305161318
5568,2021-02-02,Columbia,20,3040,247,87125,0.08097165991902834,15.0,0.033371438305868986
5569,2021-02-03,Columbia,11,3051,381,87506,0.028871391076115485,14.0,0.030960923680918167
5570,2021-02-04,Columbia,24,3075,636,88142,0.03773584905660377,12.0,0.027312356508269568
5571,2021-02-05,Columbia,29,3104,751,88893,0.03861517976031957,10.0,0.025212200338575626
5572,2021-02-06,Columbia,18,3122,460,89353,0.0391304347826087,10.0,0.024845029013523867
5573,2021-02-07,Columbia,13,3135,341,89694,0.03812316715542522,9.0,0.022868864261467774
5574,2021-02-08,Columbia,21,3156,257,89951,0.08171206225680934,9.0,0.02465426742906503
5575,2021-02-09,Columbia,6,3162,333,90284,0.018018018018018018,8.0,0.020157578721850006
5576,2021-02-10,Columbia,16,3178,667,90951,0.0239880059970015,9.0,0.019808765501913295
5577,2021-02-11,Columbia,18,3196,473,91424,0.03805496828752643,8.0,0.019831559732693484
5578,2021-02-12,Columbia,18,3214,709,92133,0.02538787023977433,7.0,0.018886751909797394
5579,2021-02-13,Columbia,9,3223,426,92559,0.02112676056338028,7.0,0.01760077517985251
5580,2021-02-14,Columbia,11,3234,396,92955,0.027777777777777776,7.0,0.016861818795734836
5581,2021-02-15,Columbia,17,3251,271,93226,0.06273062730627306,6.0,0.015506002013553668
5582,2021-02-16,Columbia,20,3271,323,93549,0.06191950464396285,7.0,0.018641822486835442
5583,2021-02-17,Columbia,13,3284,561,94110,0.023172905525846704,7.0,0.0185836010246101
5584,2021-02-18,Columbia,13,3297,620,94730,0.020967741935483872,7.0,0.017363084856607064
5585,2021-02-19,Columbia,15,3312,602,95332,0.024916943521594685,7.0,0.017329447233879948
5586,2021-02-20,Columbia,6,3318,298,95630,0.020134228187919462,6.0,0.017258552064204173
5587,2021-02-21,Columbia,10,3328,405,96035,0.024691358024691357,6.0,0.017038093510412283
5588,2021-02-22,Columbia,7,3335,254,96289,0.027559055118110236,6.0,0.01452583835411494
5589,2021-02-23,Columbia,12,3347,372,96661,0.03225806451612903,5.0,0.012407164059269667
5590,2021-02-24,Columbia,13,3360,707,97368,0.018387553041018388,5.0,0.012065353167496216
5591,2021-02-25,Columbia,8,3368,682,98050,0.011730205278592375,5.0,0.011405529120575394
5592,2021-02-26,Columbia,7,3375,605,98655,0.011570247933884297,4.0,0.010452193721453226
5593,2021-02-27,Columbia,13,3388,368,99023,0.035326086956521736,5.0,0.011537326490639101
5594,2021-02-28,Columbia,12,3400,298,99321,0.040268456375838924,5.0,0.012649976372863928
5595,2021-03-01,Columbia,5,3405,347,99668,0.01440922190201729,5.0,0.011710702571714431
5596,2021-03-02,Columbia,16,3421,467,100135,0.034261241970021415,5.0,0.011853786675563888
5597,2021-03-03,Columbia,4,3425,681,100816,0.005873715124816446,4.0,0.01095994111012089
5598,2021-03-04,Columbia,9,3434,771,101587,0.011673151750972763,4.0,0.010955865858148063
5599,2021-03-05,Columbia,9,3443,641,102228,0.014040561622464899,4.0,0.01113231683590382
5600,2021-03-06,Columbia,13,3456,400,102628,0.0325,4.0,0.010930453481866553
5601,2021-03-07,Columbia,4,3460,384,103012,0.010416666666666666,4.0,0.008798182788354248
5602,2021-03-08,Columbia,13,3473,444,103456,0.02927927927927928,4.0,0.009860329743872963
5603,2021-03-09,Columbia,6,3479,364,103820,0.016483516483516484,4.0,0.00859049220912261
5604,2021-03-10,Columbia,5,3484,691,104511,0.00723589001447178,4.0,0.008687790415526564
5605,2021-03-11,Columbia,7,3491,593,105104,0.011804384485666104,4.0,0.008697164182290372
5606,2021-03-12,Columbia,11,3502,681,105785,0.016152716593245228,4.0,0.008848032394488968
5607,2021-03-13,Columbia,5,3507,343,106128,0.014577259475218658,3.0,0.007567836642718872
5608,2021-03-14,Columbia,2,3509,279,106407,0.007168458781362007,3.0,0.007335821793768539
5609,2021-03-15,Columbia,13,3522,413,106820,0.031476997578692496,3.0,0.0074928016722980535
5610,2021-03-16,Columbia,10,3532,470,107290,0.02127659574468085,3.0,0.007835164476666937
5611,2021-03-17,Columbia,12,3544,538,107828,0.022304832713754646,4.0,0.008911517526615714
5612,2021-03-18,Columbia,20,3564,722,108550,0.027700831024930747,5.0,0.010046977993706047
5613,2021-03-19,Columbia,8,3572,575,109125,0.01391304347826087,5.0,0.009887001342635733
5614,2021-03-20,Columbia,7,3579,376,109501,0.018617021276595744,5.0,0.010175555757019812
5615,2021-03-21,Columbia,7,3586,196,109697,0.03571428571428571,5.0,0.01221454339508579
5616,2021-03-22,Columbia,20,3606,347,110044,0.05763688760806916,6.0,0.014083106968612693
5617,2021-03-23,Columbia,8,3614,427,110471,0.01873536299765808,5.0,0.013901590343825354
5618,2021-03-24,Columbia,9,3623,563,111034,0.015985790408525755,5.0,0.013450230179166146
5619,2021-03-25,Columbia,9,3632,634,111668,0.014195583596214511,4.0,0.01248556964854356
5620,2021-03-26,Columbia,7,3639,533,112201,0.013133208255159476,4.0,0.012429867132607745
5621,2021-03-27,Columbia,17,3656,461,112662,0.0368763557483731,5.0,0.013734105309163271
5622,2021-03-28,Columbia,8,3664,200,112862,0.04,5.0,0.014040227758142862
5623,2021-03-29,Columbia,10,3674,392,113254,0.025510204081632654,4.0,0.011745464649111682
5624,2021-03-30,Columbia,16,3690,420,113674,0.0380952380952381,5.0,0.013128312870367401
5625,2021-03-31,Columbia,5,3695,768,114442,0.006510416666666667,5.0,0.012451500460234608
5626,2021-04-01,Columbia,9,3704,661,115103,0.01361573373676248,5.0,0.012410082613130891
5627,2021-04-02,Columbia,10,3714,518,115621,0.019305019305019305,5.0,0.01285092625954945
5628,2021-04-03,Columbia,9,3723,516,116137,0.01744186046511628,4.0,0.011462748025031107
5629,2021-04-04,Columbia,11,3734,410,116547,0.026829268292682926,5.0,0.010521981474508458
5630,2021-04-05,Columbia,3,3737,251,116798,0.01195219123505976,4.0,0.009553551985467538
5631,2021-04-06,Columbia,10,3747,360,117158,0.027777777777777776,4.0,0.008816590534220372
5632,2021-04-07,Columbia,7,3754,492,117650,0.014227642276422764,4.0,0.009367820934917236
5633,2021-04-08,Columbia,8,3762,677,118327,0.011816838995568686,4.0,0.009239328453403393
5634,2021-04-09,Columbia,17,3779,458,118785,0.03711790393013101,4.0,0.010511677355197088
5635,2021-04-10,Columbia,5,3784,353,119138,0.014164305949008499,4.0,0.010277566318332243
5636,2021-04-11,Columbia,9,3793,324,119462,0.027777777777777776,4.0,0.010345316995839019
5637,2021-04-12,Columbia,6,3799,236,119698,0.025423728813559324,4.0,0.01130756968001756
5638,2021-04-13,Columbia,4,3803,376,120074,0.010638297872340425,4.0,0.010083321115343463
5639,2021-04-14,Columbia,6,3809,750,120824,0.008,3.0,0.009638489524170407
5640,2021-04-15,Columbia,9,3818,501,121325,0.017964071856287425,4.0,0.010077577585650319
5641,2021-04-16,Columbia,8,3826,435,121760,0.01839080459770115,3.0,0.0087399276333339
5642,2021-04-17,Columbia,6,3832,491,122251,0.012219959266802444,3.0,0.008601045727462038
5643,2021-04-18,Columbia,5,3837,354,122605,0.014124293785310734,3.0,0.00762579687085725
5644,2021-04-19,Columbia,4,3841,293,122898,0.013651877133105802,3.0,0.006784950322253428
5645,2021-04-20,Columbia,7,3848,375,123273,0.018666666666666668,3.0,0.007358405236133873
5646,2021-04-21,Columbia,2,3850,653,123926,0.0030627871362940277,2.0,0.007005747174440589
5647,2021-04-22,Columbia,7,3857,628,124554,0.011146496815286623,2.0,0.006518777528654818
5648,2021-04-23,Columbia,5,3862,307,124861,0.016286644951140065,2.0,0.0063684804110433115
5649,2021-04-24,Columbia,3,3865,367,125228,0.008174386920980926,2.0,0.0060795109577703454
5650,2021-04-25,Columbia,2,3867,277,125505,0.007220216606498195,2.0,0.005586362587855165
5651,2021-04-26,Columbia,8,3875,243,125748,0.03292181069958848,2.0,0.006962786414032499
5652,2021-04-27,Columbia,6,3881,314,126062,0.01910828025477707,2.0,0.00699433024175467
5653,2021-04-28,Columbia,1,3882,676,126738,0.0014792899408284023,2.0,0.006881223299221411
5654,2021-04-29,Columbia,7,3889,449,127187,0.015590200445434299,2.0,0.007198630701374817
5655,2021-04-30,Columbia,5,3894,565,127752,0.008849557522123894,2.0,0.006667410170730805
5656,2021-05-01,Columbia,4,3898,382,128134,0.010471204188481676,2.0,0.0068314685469808584
5657,2021-05-02,Columbia,6,3904,337,128471,0.017804154302670624,2.0,0.007587464096707461
5658,2021-05-03,Columbia,9,3913,187,128658,0.0481283422459893,2.0,0.008673644921450376
5659,2021-05-04,Columbia,11,3924,285,128943,0.03859649122807018,3.0,0.010065659990971313
5660,2021-05-05,Columbia,9,3933,496,129439,0.018145161290322582,3.0,0.01125607937307804
5661,2021-05-06,Columbia,11,3944,473,129912,0.023255813953488372,3.0,0.011803623195081905
5662,2021-05-07,Columbia,7,3951,445,130357,0.015730337078651686,4.0,0.012295107449119602
5663,2021-05-08,Columbia,17,3968,533,130890,0.03189493433395872,5.0,0.013825373888082247
5664,2021-05-09,Columbia,6,3974,222,131112,0.02702702702702703,5.0,0.014484150511250562
5665,2021-05-10,Columbia,0,3974,155,131267,0.0,4.0,0.011046411779394184
5666,2021-05-11,Columbia,9,3983,260,131527,0.03461538461538462,4.0,0.010762047021345214
5667,2021-05-12,Columbia,8,3991,644,132171,0.012422360248447204,4.0,0.010353275518354117
5668,2021-05-13,Columbia,10,4001,278,132449,0.03597122302158273,4.0,0.011261519023217998
5669,2021-05-14,Columbia,7,4008,497,132946,0.014084507042253521,4.0,0.011143959734903845
5670,2021-05-15,Columbia,5,4013,417,133363,0.011990407673860911,3.0,0.009722207830611144
5671,2021-05-16,Columbia,5,4018,292,133655,0.017123287671232876,3.0,0.009014797876625846
5672,2021-05-17,Columbia,2,4020,167,133822,0.011976047904191617,3.0,0.009870229869782391
5673,2021-05-18,Columbia,6,4026,209,134031,0.028708133971291867,3.0,0.009448283395204338
5674,2021-05-19,Columbia,5,4031,457,134488,0.010940919037199124,2.0,0.009342466165829474
5675,2021-05-20,Columbia,1,4032,326,134814,0.003067484662576687,2.0,0.006992199140186186
5676,2021-05-21,Columbia,5,4037,363,135177,0.013774104683195593,2.0,0.006970027543110618
5677,2021-05-22,Columbia,0,4037,129,135306,0.0,1.0,0.006113569852120554
5678,2021-05-23,Columbia,0,4037,222,135528,0.0,1.0,0.00489047787560392
5679,2021-05-24,Columbia,1,4038,74,135602,0.013513513513513514,1.0,0.005000296847698342
5680,2021-05-25,Columbia,0,4038,335,135937,0.0,0.0,0.0029497158497489226
5681,2021-05-26,Columbia,3,4041,472,136409,0.006355932203389831,0.0,0.0026222167901911162
5682,2021-05-27,Columbia,0,4041,242,136651,0.0,0.0,0.00240311074286421
5683,2021-05-28,Columbia,3,4044,260,136911,0.011538461538461539,0.0,0.002243421946811777
5684,2021-05-29,Columbia,0,4044,354,137265,0.0,0.0,0.002243421946811777
5685,2021-05-30,Columbia,1,4045,216,137481,0.004629629629629629,0.0,0.0025741097774996083
5686,2021-05-31,Columbia,0,4045,77,137558,0.0,0.0,0.0016088588122486428
5687,2021-06-01,Columbia,1,4046,115,137673,0.008695652173913044,0.0,0.0022299768246710028
5688,2021-06-02,Columbia,0,4046,221,137894,0.0,0.0,0.0017759816672860151
5689,2021-06-03,Columbia,0,4046,537,138431,0.0,0.0,0.0017759816672860151
5690,2021-06-04,Columbia,11,4057,403,138834,0.02729528535980149,0.0,0.0029014690830960117
5691,2021-06-05,Columbia,2,4059,198,139032,0.010101010101010102,1.0,0.003622969804596733
5692,2021-06-06,Columbia,0,4059,328,139360,0.0,1.0,0.0032922819739089025
5693,2021-06-07,Columbia,0,4059,185,139545,0.0,1.0,0.0032922819739089025
5694,2021-06-08,Columbia,2,4061,209,139754,0.009569377990430622,1.0,0.003354690960803015
5695,2021-06-09,Columbia,0,4061,343,140097,0.0,1.0,0.003354690960803015
5696,2021-06-10,Columbia,0,4061,190,140287,0.0,1.0,0.003354690960803015
5697,2021-06-11,Columbia,1,4062,225,140512,0.0044444444444444444,0.0,0.001722488038277512
5698,2021-06-12,Columbia,2,4064,131,140643,0.015267175572519083,0.0,0.0020914998576710107
5699,2021-06-13,Columbia,0,4064,107,140750,0.0,0.0,0.0020914998576710107
5700,2021-06-14,Columbia,0,4064,161,140911,0.0,0.0,0.0020914998576710107
5701,2021-06-15,Columbia,0,4064,209,141120,0.0,0.0,0.0014079728583545376
5702,2021-06-16,Columbia,1,4065,236,141356,0.00423728813559322,0.0,0.0017106362966111965
5703,2021-06-17,Columbia,0,4065,238,141594,0.0,0.0,0.0017106362966111965
5704,2021-06-18,Columbia,3,4068,246,141840,0.012195121951219513,0.0,0.002264256118523701
5705,2021-06-19,Columbia,0,4068,166,142006,0.0,0.0,0.0011737435776294808
5706,2021-06-20,Columbia,0,4068,96,142102,0.0,0.0,0.0011737435776294808
5707,2021-06-21,Columbia,0,4068,95,142197,0.0,0.0,0.0011737435776294808
5708,2021-06-22,Columbia,0,4068,133,142330,0.0,0.0,0.0011737435776294808
5709,2021-06-23,Columbia,1,4069,184,142514,0.005434782608695652,0.0,0.0012592788971367975
5710,2021-06-24,Columbia,2,4071,109,142623,0.01834862385321101,0.0,0.0025698948866518696
5711,2021-06-25,Columbia,1,4072,162,142785,0.006172839506172839,0.0,0.0021397318548628213
5712,2021-06-26,Columbia,1,4073,190,142975,0.005263157894736842,0.0,0.0025156717044868817
5713,2021-06-27,Columbia,0,4073,97,143072,0.0,0.0,0.0025156717044868817
5714,2021-06-28,Columbia,0,4073,68,143140,0.0,0.0,0.0025156717044868817
5715,2021-06-29,Columbia,6,4079,166,143306,0.03614457831325301,0.0,0.005097427298290667
5716,2021-06-30,Columbia,0,4079,88,143394,0.0,0.0,0.004709228540526693
5717,2021-07-01,Columbia,0,4079,134,143528,0.0,0.0,0.003398612551011621
5718,2021-07-02,Columbia,3,4082,137,143665,0.021897810218978103,0.0,0.004521824744783425
5719,2021-07-03,Columbia,0,4082,110,143775,0.0,0.0,0.004145884895159365
5720,2021-07-04,Columbia,1,4083,53,143828,0.018867924528301886,0.0,0.005493593790038072
5721,2021-07-05,Columbia,0,4083,53,143881,0.0,0.0,0.005493593790038072
5722,2021-07-06,Columbia,0,4083,102,143983,0.0,0.0,0.002911838196234285
5723,2021-07-07,Columbia,0,4083,95,144078,0.0,0.0,0.002911838196234285
5724,2021-07-08,Columbia,2,4085,116,144194,0.017241379310344827,0.0,0.004143365289830344
5725,2021-07-09,Columbia,0,4085,127,144321,0.0,0.0,0.0025792359884747656
5726,2021-07-10,Columbia,0,4085,63,144384,0.0,0.0,0.0025792359884747656
5727,2021-07-11,Columbia,0,4085,93,144477,0.0,0.0,0.0012315270935960591
5728,2021-07-12,Columbia,3,4088,96,144573,0.03125,0.0,0.0034636699507389164
5729,2021-07-13,Columbia,1,4089,94,144667,0.010638297872340425,0.0,0.004223548370191804
5730,2021-07-14,Columbia,0,4089,86,144753,0.0,0.0,0.004223548370191804
5731,2021-07-15,Columbia,1,4090,93,144846,0.010752688172043012,0.0,0.003760070431741674
5732,2021-07-16,Columbia,1,4091,98,144944,0.01020408163265306,0.0,0.004488933405502607
5733,2021-07-17,Columbia,5,4096,150,145094,0.03333333333333333,0.0,0.006869885786454988
5734,2021-07-18,Columbia,0,4096,40,145134,0.0,0.0,0.006869885786454988
5735,2021-07-19,Columbia,4,4100,146,145280,0.0273972602739726,0.0,0.006594690091738746
5736,2021-07-20,Columbia,4,4104,130,145410,0.03076923076923077,1.0,0.008032613870088055
5737,2021-07-21,Columbia,0,4104,159,145569,0.0,1.0,0.008032613870088055
5738,2021-07-22,Columbia,4,4108,127,145696,0.031496062992125984,1.0,0.009514283500093982
5739,2021-07-23,Columbia,1,4109,109,145805,0.009174311926605505,1.0,0.009440728521090585
5740,2021-07-24,Columbia,4,4113,166,145971,0.024096385542168676,1.0,0.008780946536007394
5741,2021-07-25,Columbia,2,4115,117,146088,0.017094017094017096,1.0,0.010001947757008618
5742,2021-07-26,Columbia,3,4118,155,146243,0.01935483870967742,1.0,0.009427489073844676
5743,2021-07-27,Columbia,2,4120,169,146412,0.011834319526627219,1.0,0.008074995413658708
5744,2021-07-28,Columbia,5,4125,260,146672,0.019230769230769232,1.0,0.00944862178728508
5745,2021-07-29,Columbia,5,4130,157,146829,0.03184713375796178,1.0,0.009473698270559066
5746,2021-07-30,Columbia,9,4139,160,146989,0.05625,2.0,0.012836247418658672
5747,2021-07-31,Columbia,5,4144,168,147157,0.02976190476190476,2.0,0.013240927362925536
5748,2021-08-01,Columbia,2,4146,108,147265,0.018518518518518517,2.0,0.013342677464675637
5749,2021-08-02,Columbia,6,4152,160,147425,0.0375,2.0,0.014638760413984394
5750,2021-08-03,Columbia,4,4156,340,147765,0.011764705882352941,2.0,0.014633788010821944
5751,2021-08-04,Columbia,2,4158,225,147990,0.008888888888888889,2.0,0.013895082272116206
5752,2021-08-05,Columbia,3,4161,155,148145,0.01935483870967742,2.0,0.013002775482953036
5753,2020-03-01,Cortland,0,0,0,0,,,
5754,2020-03-02,Cortland,0,0,0,0,,,
5755,2020-03-03,Cortland,0,0,0,0,,,
5756,2020-03-04,Cortland,0,0,0,0,,,
5757,2020-03-05,Cortland,0,0,0,0,,,
5758,2020-03-06,Cortland,0,0,0,0,,,
5759,2020-03-07,Cortland,0,0,1,1,0.0,0.0,
5760,2020-03-08,Cortland,0,0,0,1,,0.0,
5761,2020-03-09,Cortland,0,0,0,1,,0.0,
5762,2020-03-10,Cortland,0,0,0,1,,0.0,
5763,2020-03-11,Cortland,0,0,0,1,,0.0,
5764,2020-03-12,Cortland,0,0,0,1,,0.0,
5765,2020-03-13,Cortland,0,0,0,1,,0.0,
5766,2020-03-14,Cortland,0,0,1,2,0.0,0.0,
5767,2020-03-15,Cortland,0,0,0,2,,0.0,
5768,2020-03-16,Cortland,0,0,2,4,0.0,0.0,
5769,2020-03-17,Cortland,0,0,1,5,0.0,0.0,
5770,2020-03-18,Cortland,0,0,1,6,0.0,0.0,
5771,2020-03-19,Cortland,0,0,7,13,0.0,0.0,
5772,2020-03-20,Cortland,0,0,15,28,0.0,0.0,
5773,2020-03-21,Cortland,1,1,17,45,0.058823529411764705,0.0,
5774,2020-03-22,Cortland,1,2,55,100,0.01818181818181818,0.0,0.005500381970970206
5775,2020-03-23,Cortland,0,2,30,130,0.0,0.0,0.005500381970970206
5776,2020-03-24,Cortland,0,2,3,133,0.0,0.0,0.005500381970970206
5777,2020-03-25,Cortland,0,2,41,174,0.0,0.0,0.005500381970970206
5778,2020-03-26,Cortland,2,4,34,208,0.058823529411764705,0.0,0.009702062643239112
5779,2020-03-27,Cortland,1,5,45,253,0.022222222222222223,0.0,0.011289364230540702
5780,2020-03-28,Cortland,1,6,28,281,0.03571428571428571,0.0,0.009638703966435059
5781,2020-03-29,Cortland,2,8,48,329,0.041666666666666664,0.0,0.011316193143924236
5782,2020-03-30,Cortland,0,8,9,338,0.0,0.0,0.011316193143924236
5783,2020-03-31,Cortland,0,8,12,350,0.0,0.0,0.011316193143924236
5784,2020-04-01,Cortland,0,8,42,392,0.0,0.0,0.011316193143924236
5785,2020-04-02,Cortland,2,10,54,446,0.037037037037037035,0.0,0.009760015117157973
5786,2020-04-03,Cortland,0,10,32,478,0.0,0.0,0.008172713529856386
5787,2020-04-04,Cortland,0,10,38,516,0.0,0.0,0.0056216931216931205
5788,2020-04-05,Cortland,3,13,42,558,0.07142857142857142,0.0,0.0077475434618291756
5789,2020-04-06,Cortland,3,16,25,583,0.12,0.0,0.01631897203325775
5790,2020-04-07,Cortland,0,16,18,601,0.0,0.0,0.01631897203325775
5791,2020-04-08,Cortland,0,16,41,642,0.0,0.0,0.01631897203325775
5792,2020-04-09,Cortland,1,17,25,667,0.04,0.0,0.01653061224489796
5793,2020-04-10,Cortland,0,17,20,687,0.0,0.0,0.01653061224489796
5794,2020-04-11,Cortland,1,18,18,705,0.05555555555555555,0.0,0.020498866213151928
5795,2020-04-12,Cortland,2,20,18,723,0.1111111111111111,0.0,0.023333333333333334
5796,2020-04-13,Cortland,2,22,38,761,0.05263157894736842,0.0,0.018521303258145362
5797,2020-04-14,Cortland,1,23,6,767,0.16666666666666666,0.0,0.030426065162907266
5798,2020-04-15,Cortland,1,24,17,784,0.058823529411764705,0.0,0.03462774583517617
5799,2020-04-16,Cortland,1,25,13,797,0.07692307692307693,0.0,0.03726510847253882
5800,2020-04-17,Cortland,0,25,19,816,0.0,0.0,0.03726510847253882
5801,2020-04-18,Cortland,0,25,11,827,0.0,0.0,0.033296854504284844
5802,2020-04-19,Cortland,0,25,12,839,0.0,0.0,0.02536034656777691
5803,2020-04-20,Cortland,0,25,2,841,0.0,0.0,0.02160094807153631
5804,2020-04-21,Cortland,0,25,5,846,0.0,0.0,0.009696186166774404
5805,2020-04-22,Cortland,0,25,30,876,0.0,0.0,0.005494505494505495
5806,2020-04-23,Cortland,0,25,30,906,0.0,0.0,0.0
5807,2020-04-24,Cortland,3,28,109,1015,0.027522935779816515,0.0,0.0019659239842726084
5808,2020-04-25,Cortland,0,28,26,1041,0.0,0.0,0.0019659239842726084
5809,2020-04-26,Cortland,0,28,16,1057,0.0,0.0,0.0019659239842726084
5810,2020-04-27,Cortland,0,28,7,1064,0.0,0.0,0.0019659239842726084
5811,2020-04-28,Cortland,0,28,22,1086,0.0,0.0,0.0019659239842726084
5812,2020-04-29,Cortland,0,28,26,1112,0.0,0.0,0.0019659239842726084
5813,2020-04-30,Cortland,0,28,31,1143,0.0,0.0,0.0019659239842726084
5814,2020-05-01,Cortland,0,28,30,1173,0.0,0.0,0.0
5815,2020-05-02,Cortland,0,28,16,1189,0.0,0.0,0.0
5816,2020-05-03,Cortland,0,28,42,1231,0.0,0.0,0.0
5817,2020-05-04,Cortland,0,28,12,1243,0.0,0.0,0.0
5818,2020-05-05,Cortland,0,28,33,1276,0.0,0.0,0.0
5819,2020-05-06,Cortland,1,29,27,1303,0.037037037037037035,0.0,0.0026455026455026454
5820,2020-05-07,Cortland,0,29,38,1341,0.0,0.0,0.0026455026455026454
5821,2020-05-08,Cortland,0,29,96,1437,0.0,0.0,0.0026455026455026454
5822,2020-05-09,Cortland,0,29,29,1466,0.0,0.0,0.0026455026455026454
5823,2020-05-10,Cortland,0,29,27,1493,0.0,0.0,0.0026455026455026454
5824,2020-05-11,Cortland,1,30,33,1526,0.030303030303030304,0.0,0.00481000481000481
5825,2020-05-12,Cortland,1,31,40,1566,0.025,0.0,0.006595719095719095
5826,2020-05-13,Cortland,2,33,50,1616,0.04,0.0,0.006807359307359308
5827,2020-05-14,Cortland,0,33,95,1711,0.0,0.0,0.006807359307359308
5828,2020-05-15,Cortland,1,34,221,1932,0.004524886877828055,0.0,0.007130565512918454
5829,2020-05-16,Cortland,0,34,140,2072,0.0,0.0,0.007130565512918454
5830,2020-05-17,Cortland,1,35,99,2171,0.010101010101010102,0.0,0.007852066234419175
5831,2020-05-18,Cortland,1,36,62,2233,0.016129032258064516,0.0,0.006839637802635906
5832,2020-05-19,Cortland,0,36,77,2310,0.0,0.0,0.005053923516921619
5833,2020-05-20,Cortland,0,36,144,2454,0.0,0.0,0.0021967806597787626
5834,2020-05-21,Cortland,1,37,86,2540,0.011627906976744186,0.0,0.0030273454438319186
5835,2020-05-22,Cortland,1,38,223,2763,0.004484304932735426,0.0,0.003024446733468159
5836,2020-05-23,Cortland,1,39,147,2910,0.006802721088435374,0.0,0.0035103553826421148
5837,2020-05-24,Cortland,0,39,221,3131,0.0,0.0,0.002788854661141393
5838,2020-05-25,Cortland,0,39,64,3195,0.0,0.0,0.001636780928422499
5839,2020-05-26,Cortland,0,39,82,3277,0.0,0.0,0.001636780928422499
5840,2020-05-27,Cortland,0,39,34,3311,0.0,0.0,0.001636780928422499
5841,2020-05-28,Cortland,0,39,207,3518,0.0,0.0,0.0008062161443693429
5842,2020-05-29,Cortland,2,41,188,3706,0.010638297872340425,0.0,0.0012457870686268426
5843,2020-05-30,Cortland,0,41,261,3967,0.0,0.0,0.0007598784194528875
5844,2020-05-31,Cortland,0,41,84,4051,0.0,0.0,0.0007598784194528875
5845,2020-06-01,Cortland,0,41,128,4179,0.0,0.0,0.0007598784194528875
5846,2020-06-02,Cortland,0,41,92,4271,0.0,0.0,0.0007598784194528875
5847,2020-06-03,Cortland,0,41,130,4401,0.0,0.0,0.0007598784194528875
5848,2020-06-04,Cortland,0,41,343,4744,0.0,0.0,0.0007598784194528875
5849,2020-06-05,Cortland,0,41,294,5038,0.0,0.0,0.0
5850,2020-06-06,Cortland,0,41,201,5239,0.0,0.0,0.0
5851,2020-06-07,Cortland,1,42,179,5418,0.00558659217877095,0.0,0.0003990422984836393
5852,2020-06-08,Cortland,0,42,162,5580,0.0,0.0,0.0003990422984836393
5853,2020-06-09,Cortland,0,42,153,5733,0.0,0.0,0.0003990422984836393
5854,2020-06-10,Cortland,0,42,110,5843,0.0,0.0,0.0003990422984836393
5855,2020-06-11,Cortland,0,42,258,6101,0.0,0.0,0.0003990422984836393
5856,2020-06-12,Cortland,0,42,216,6317,0.0,0.0,0.0003990422984836393
5857,2020-06-13,Cortland,0,42,174,6491,0.0,0.0,0.0003990422984836393
5858,2020-06-14,Cortland,0,42,87,6578,0.0,0.0,0.0
5859,2020-06-15,Cortland,0,42,155,6733,0.0,0.0,0.0
5860,2020-06-16,Cortland,0,42,124,6857,0.0,0.0,0.0
5861,2020-06-17,Cortland,2,44,107,6964,0.018691588785046728,0.0,0.0013351134846461949
5862,2020-06-18,Cortland,0,44,216,7180,0.0,0.0,0.0013351134846461949
5863,2020-06-19,Cortland,0,44,251,7431,0.0,0.0,0.0013351134846461949
5864,2020-06-20,Cortland,0,44,130,7561,0.0,0.0,0.0013351134846461949
5865,2020-06-21,Cortland,0,44,84,7645,0.0,0.0,0.0013351134846461949
5866,2020-06-22,Cortland,0,44,181,7826,0.0,0.0,0.0013351134846461949
5867,2020-06-23,Cortland,0,44,90,7916,0.0,0.0,0.0013351134846461949
5868,2020-06-24,Cortland,0,44,153,8069,0.0,0.0,0.0
5869,2020-06-25,Cortland,0,44,106,8175,0.0,0.0,0.0
5870,2020-06-26,Cortland,0,44,234,8409,0.0,0.0,0.0
5871,2020-06-27,Cortland,2,46,234,8643,0.008547008547008548,0.0,0.0006105006105006106
5872,2020-06-28,Cortland,1,47,95,8738,0.010526315789473684,0.0,0.001362380309748731
5873,2020-06-29,Cortland,0,47,144,8882,0.0,0.0,0.001362380309748731
5874,2020-06-30,Cortland,0,47,111,8993,0.0,0.0,0.001362380309748731
5875,2020-07-01,Cortland,0,47,138,9131,0.0,0.0,0.001362380309748731
5876,2020-07-02,Cortland,1,48,41,9172,0.024390243902439025,0.0,0.003104540588494375
5877,2020-07-03,Cortland,2,50,135,9307,0.014814814814814815,0.0,0.0041627416466954335
5878,2020-07-04,Cortland,1,51,217,9524,0.004608294930875576,0.0,0.003881404959828793
5879,2020-07-05,Cortland,1,52,55,9579,0.01818181818181818,0.0,0.004428226559281971
5880,2020-07-06,Cortland,1,53,164,9743,0.006097560975609756,0.0,0.004863766628968383
5881,2020-07-07,Cortland,1,54,137,9880,0.0072992700729927005,0.0,0.005385143062753575
5882,2020-07-08,Cortland,1,55,147,10027,0.006802721088435374,0.0,0.005871051711927531
5883,2020-07-09,Cortland,1,56,92,10119,0.010869565217391304,0.0,0.004905288948709836
5884,2020-07-10,Cortland,2,58,138,10257,0.014492753623188406,0.0,0.004882284577879378
5885,2020-07-11,Cortland,0,58,278,10535,0.0,0.0,0.004553120654245409
5886,2020-07-12,Cortland,1,59,103,10638,0.009708737864077669,0.0,0.003947900631549658
5887,2020-07-13,Cortland,0,59,143,10781,0.0,0.0,0.0035123605618632464
5888,2020-07-14,Cortland,2,61,160,10941,0.0125,0.0,0.003883841270935197
5889,2020-07-15,Cortland,2,63,85,11026,0.023529411764705882,0.0,0.005078604890668804
5890,2020-07-16,Cortland,4,67,216,11242,0.018518518518518517,0.0,0.005624958697892176
5891,2020-07-17,Cortland,1,68,285,11527,0.0035087719298245615,0.0,0.004840388576937616
5892,2020-07-18,Cortland,1,69,133,11660,0.007518796992481203,0.0,0.005377445504971988
5893,2020-07-19,Cortland,0,69,83,11743,0.0,0.0,0.00468396422896644
5894,2020-07-20,Cortland,4,73,182,11925,0.02197802197802198,1.0,0.0062538229416822955
5895,2020-07-21,Cortland,4,77,398,12323,0.010050251256281407,1.0,0.00607884088855954
5896,2020-07-22,Cortland,3,80,259,12582,0.011583011583011582,1.0,0.005225526589867089
5897,2020-07-23,Cortland,2,82,98,12680,0.02040816326530612,1.0,0.0053605012146376325
5898,2020-07-24,Cortland,2,84,362,13042,0.0055248618784530384,1.0,0.005504507639539667
5899,2020-07-25,Cortland,1,85,212,13254,0.0047169811320754715,1.0,0.005304377935224972
5900,2020-07-26,Cortland,2,87,470,13724,0.00425531914893617,1.0,0.005608329303006127
5901,2020-07-27,Cortland,2,89,267,13991,0.00749063670411985,1.0,0.004573516069155974
5902,2020-07-28,Cortland,1,90,148,14139,0.006756756756756757,0.0,0.00433826646204707
5903,2020-07-29,Cortland,0,90,166,14305,0.0,0.0,0.0035109084918319576
5904,2020-07-30,Cortland,1,91,247,14552,0.004048582995951417,0.0,0.0023423670440209073
5905,2020-07-31,Cortland,0,91,168,14720,0.0,0.0,0.0019477340527028332
5906,2020-08-01,Cortland,1,92,233,14953,0.004291845493562232,0.0,0.001917367221380459
5907,2020-08-02,Cortland,0,92,103,15056,0.0,0.0,0.001613415853599304
5908,2020-08-03,Cortland,1,93,311,15367,0.003215434083601286,0.0,0.001308044237847978
5909,2020-08-04,Cortland,1,94,88,15455,0.011363636363636364,0.0,0.001637107066910807
5910,2020-08-05,Cortland,0,94,192,15647,0.0,0.0,0.001637107066910807
5911,2020-08-06,Cortland,1,95,148,15795,0.006756756756756757,0.0,0.0018305480498254742
5912,2020-08-07,Cortland,0,95,255,16050,0.0,0.0,0.0018305480498254742
5913,2020-08-08,Cortland,0,95,149,16199,0.0,0.0,0.0015239876574281719
5914,2020-08-09,Cortland,0,95,247,16446,0.0,0.0,0.0015239876574281719
5915,2020-08-10,Cortland,0,95,327,16773,0.0,0.0,0.0012943137943137943
5916,2020-08-11,Cortland,1,96,109,16882,0.009174311926605505,0.0,0.0011379334773830188
5917,2020-08-12,Cortland,1,97,187,17069,0.0053475935828877,0.0,0.001519904447589283
5918,2020-08-13,Cortland,0,97,113,17182,0.0,0.0,0.0010372789649638005
5919,2020-08-14,Cortland,0,97,211,17393,0.0,0.0,0.0010372789649638005
5920,2020-08-15,Cortland,0,97,150,17543,0.0,0.0,0.0010372789649638005
5921,2020-08-16,Cortland,0,97,112,17655,0.0,0.0,0.0010372789649638005
5922,2020-08-17,Cortland,0,97,372,18027,0.0,0.0,0.0010372789649638005
5923,2020-08-18,Cortland,0,97,143,18170,0.0,0.0,0.0003819709702062643
5924,2020-08-19,Cortland,1,98,176,18346,0.005681818181818182,0.0,0.00040584415584415587
5925,2020-08-20,Cortland,0,98,168,18514,0.0,0.0,0.00040584415584415587
5926,2020-08-21,Cortland,0,98,223,18737,0.0,0.0,0.00040584415584415587
5927,2020-08-22,Cortland,0,98,106,18843,0.0,0.0,0.00040584415584415587
5928,2020-08-23,Cortland,0,98,239,19082,0.0,0.0,0.00040584415584415587
5929,2020-08-24,Cortland,0,98,103,19185,0.0,0.0,0.00040584415584415587
5930,2020-08-25,Cortland,0,98,173,19358,0.0,0.0,0.00040584415584415587
5931,2020-08-26,Cortland,0,98,82,19440,0.0,0.0,0.0
5932,2020-08-27,Cortland,0,98,200,19640,0.0,0.0,0.0
5933,2020-08-28,Cortland,0,98,196,19836,0.0,0.0,0.0
5934,2020-08-29,Cortland,1,99,156,19992,0.00641025641025641,0.0,0.0004578754578754579
5935,2020-08-30,Cortland,1,100,93,20085,0.010752688172043012,0.0,0.0012259246130213873
5936,2020-08-31,Cortland,1,101,145,20230,0.006896551724137931,0.0,0.001718535450459811
5937,2020-09-01,Cortland,1,102,92,20322,0.010869565217391304,0.0,0.002494932965987761
5938,2020-09-02,Cortland,0,102,112,20434,0.0,0.0,0.002494932965987761
5939,2020-09-03,Cortland,0,102,231,20665,0.0,0.0,0.002494932965987761
5940,2020-09-04,Cortland,0,102,171,20836,0.0,0.0,0.002494932965987761
5941,2020-09-05,Cortland,1,103,223,21059,0.004484304932735426,0.0,0.0023573650033076906
5942,2020-09-06,Cortland,0,103,77,21136,0.0,0.0,0.0015893158481617615
5943,2020-09-07,Cortland,0,103,224,21360,0.0,0.0,0.0010967050107233377
5944,2020-09-08,Cortland,0,103,101,21461,0.0,0.0,0.00032030749519538755
5945,2020-09-09,Cortland,1,104,98,21559,0.01020408163265306,0.0,0.0010491704689563205
5946,2020-09-10,Cortland,5,109,187,21746,0.026737967914438502,0.0,0.002959025319987642
5947,2020-09-11,Cortland,10,119,378,22124,0.026455026455026454,1.0,0.004848670066775245
5948,2020-09-12,Cortland,9,128,221,22345,0.04072398190045249,1.0,0.007437218421612178
5949,2020-09-13,Cortland,4,132,193,22538,0.02072538860103627,2.0,0.008917603321686198
5950,2020-09-14,Cortland,5,137,241,22779,0.02074688796680498,2.0,0.010399523890743697
5951,2020-09-15,Cortland,0,137,279,23058,0.0,2.0,0.010399523890743697
5952,2020-09-16,Cortland,4,141,287,23345,0.013937282229965157,2.0,0.010666181076265989
5953,2020-09-17,Cortland,9,150,279,23624,0.03225806451612903,2.0,0.011060473690672454
5954,2020-09-18,Cortland,5,155,356,23980,0.014044943820224719,2.0,0.010174039216758047
5955,2020-09-19,Cortland,4,159,305,24285,0.013114754098360656,2.0,0.008201951516608628
5956,2020-09-20,Cortland,2,161,193,24478,0.010362694300518135,2.0,0.007461759066571619
5957,2020-09-21,Cortland,1,162,167,24645,0.005988023952095809,1.0,0.006407554494092393
5958,2020-09-22,Cortland,2,164,255,24900,0.00784313725490196,1.0,0.006967778583728248
5959,2020-09-23,Cortland,3,167,172,25072,0.01744186046511628,1.0,0.007218105600524757
5960,2020-09-24,Cortland,2,169,328,25400,0.006097560975609756,1.0,0.005349498204773379
5961,2020-09-25,Cortland,2,171,376,25776,0.005319148936170213,1.0,0.004726227141626629
5962,2020-09-26,Cortland,0,171,253,26029,0.0,0.0,0.0037894589917437252
5963,2020-09-27,Cortland,0,171,176,26205,0.0,0.0,0.0030492665417067156
5964,2020-09-28,Cortland,10,181,215,26420,0.046511627906976744,1.0,0.005943809681341068
5965,2020-09-29,Cortland,3,184,858,27278,0.0034965034965034965,1.0,0.005633335841455463
5966,2020-09-30,Cortland,11,195,759,28037,0.014492753623188406,2.0,0.0054226853527463295
5967,2020-10-01,Cortland,3,198,350,28387,0.008571428571428572,2.0,0.005599390181019101
5968,2020-10-02,Cortland,7,205,525,28912,0.013333333333333334,2.0,0.006171831923673611
5969,2020-10-03,Cortland,18,223,411,29323,0.043795620437956206,3.0,0.009300090526384768
5970,2020-10-04,Cortland,0,223,150,29473,0.0,3.0,0.009300090526384768
5971,2020-10-05,Cortland,14,237,166,29639,0.08433734939759036,4.0,0.012001927775714311
5972,2020-10-06,Cortland,3,240,583,30222,0.005145797598627788,4.0,0.012119734497294619
5973,2020-10-07,Cortland,20,260,347,30569,0.05763688760806916,4.0,0.015201458353357528
5974,2020-10-08,Cortland,17,277,790,31359,0.021518987341772152,5.0,0.016126283979810644
5975,2020-10-09,Cortland,16,293,546,31905,0.029304029304029304,6.0,0.017267047977717498
5976,2020-10-10,Cortland,8,301,474,32379,0.016877637130801686,5.0,0.015344334884349317
5977,2020-10-11,Cortland,16,317,498,32877,0.0321285140562249,6.0,0.01763922874550824
5978,2020-10-12,Cortland,16,333,267,33144,0.0599250936329588,6.0,0.015895496190891697
5979,2020-10-13,Cortland,13,346,1040,34184,0.0125,7.0,0.016420796362418284
5980,2020-10-14,Cortland,25,371,1189,35373,0.021026072329688814,7.0,0.01380573812824826
5981,2020-10-15,Cortland,16,387,1203,36576,0.013300083125519535,7.0,0.013218673541373073
5982,2020-10-16,Cortland,12,399,1022,37598,0.011741682974559686,7.0,0.011964220232125244
5983,2020-10-17,Cortland,7,406,635,38233,0.011023622047244094,7.0,0.011546076297585417
5984,2020-10-18,Cortland,10,416,246,38479,0.04065040650406504,7.0,0.012154782901002569
5985,2020-10-19,Cortland,20,436,282,38761,0.07092198581560284,7.0,0.012940275199762858
5986,2020-10-20,Cortland,15,451,799,39560,0.01877346683354193,7.0,0.01338837997358728
5987,2020-10-21,Cortland,24,475,1031,40591,0.023278370514064017,7.0,0.013549258415328365
5988,2020-10-22,Cortland,13,488,454,41045,0.028634361233480177,7.0,0.014644563994468415
5989,2020-10-23,Cortland,8,496,1258,42303,0.006359300476947536,6.0,0.01426010810178183
5990,2020-10-24,Cortland,14,510,678,42981,0.02064896755162242,7.0,0.014947632780665996
5991,2020-10-25,Cortland,14,524,1106,44087,0.012658227848101266,7.0,0.012948191448097156
5992,2020-10-26,Cortland,18,542,742,44829,0.02425876010781671,7.0,0.009615103897541003
5993,2020-10-27,Cortland,5,547,400,45229,0.0125,6.0,0.009166999123716579
5994,2020-10-28,Cortland,6,553,1116,46345,0.005376344086021506,5.0,0.007888282950284972
5995,2020-10-29,Cortland,14,567,426,46771,0.03286384976525822,5.0,0.008190389273983405
5996,2020-10-30,Cortland,17,584,565,47336,0.03008849557522124,6.0,0.009885331781002954
5997,2020-10-31,Cortland,5,589,408,47744,0.012254901960784314,5.0,0.009285755667371661
5998,2020-11-01,Cortland,3,592,219,47963,0.0136986301369863,4.0,0.009360070116577733
5999,2020-11-02,Cortland,6,598,315,48278,0.01904761904761905,4.0,0.008987845755135044
6000,2020-11-03,Cortland,6,604,437,48715,0.013729977116704805,4.0,0.009075701263471101
6001,2020-11-04,Cortland,9,613,476,49191,0.018907563025210083,4.0,0.010042216901984572
6002,2020-11-05,Cortland,9,622,366,49557,0.02459016393442623,3.0,0.00945123934263943
6003,2020-11-06,Cortland,11,633,410,49967,0.026829268292682926,3.0,0.009218437393886694
6004,2020-11-07,Cortland,14,647,983,50950,0.014242115971515769,4.0,0.009360381251796083
6005,2020-11-08,Cortland,9,656,450,51400,0.02,4.0,0.009810479099154204
6006,2020-11-09,Cortland,9,665,280,51680,0.03214285714285714,4.0,0.010745853248814068
6007,2020-11-10,Cortland,12,677,774,52454,0.015503875968992248,5.0,0.010872560309691743
6008,2020-11-11,Cortland,15,692,430,52884,0.03488372093023256,5.0,0.012013714445764778
6009,2020-11-12,Cortland,20,712,504,53388,0.03968253968253968,6.0,0.013091741284915736
6010,2020-11-13,Cortland,11,723,392,53780,0.02806122448979592,6.0,0.013179738156138094
6011,2020-11-14,Cortland,27,750,419,54199,0.06443914081145585,7.0,0.016765239930419527
6012,2020-11-15,Cortland,21,771,345,54544,0.06086956521739131,8.0,0.01968449458880462
6013,2020-11-16,Cortland,8,779,330,54874,0.024242424242424242,8.0,0.019120177953059418
6014,2020-11-17,Cortland,22,801,527,55401,0.04174573055028463,8.0,0.020994596137437444
6015,2020-11-18,Cortland,26,827,447,55848,0.058165548098434,9.0,0.02265758379230897
6016,2020-11-19,Cortland,12,839,460,56308,0.02608695652173913,9.0,0.021686470709394647
6017,2020-11-20,Cortland,31,870,792,57100,0.039141414141414144,10.0,0.02247791282736738
6018,2020-11-21,Cortland,14,884,590,57690,0.023728813559322035,9.0,0.01957003230935782
6019,2020-11-22,Cortland,23,907,386,58076,0.05958549222797927,9.0,0.019478312810114105
6020,2020-11-23,Cortland,6,913,269,58345,0.022304832713754646,9.0,0.01933991341520913
6021,2020-11-24,Cortland,38,951,550,58895,0.06909090909090909,10.0,0.021293140453825167
6022,2020-11-25,Cortland,6,957,377,59272,0.015915119363395226,9.0,0.01827525268703668
6023,2020-11-26,Cortland,22,979,285,59557,0.07719298245614035,10.0,0.021925683110922484
6024,2020-11-27,Cortland,46,1025,279,59836,0.16487455197132617,11.0,0.030906621527344774
6025,2020-11-28,Cortland,19,1044,338,60174,0.05621301775147929,11.0,0.03322692182678458
6026,2020-11-29,Cortland,17,1061,426,60600,0.03990610328638498,11.0,0.03182125118809927
6027,2020-11-30,Cortland,21,1082,366,60966,0.05737704918032787,12.0,0.034326409507140214
6028,2020-12-01,Cortland,9,1091,466,61432,0.019313304721030045,10.0,0.030770866337863138
6029,2020-12-02,Cortland,25,1116,482,61914,0.05186721991701245,11.0,0.03333887352026437
6030,2020-12-03,Cortland,24,1140,541,62455,0.04436229205175601,11.0,0.030993824205665484
6031,2020-12-04,Cortland,36,1176,607,63062,0.05930807248764415,10.0,0.023453361385402487
6032,2020-12-05,Cortland,27,1203,402,63464,0.06716417910447761,11.0,0.024235587196330937
6033,2020-12-06,Cortland,16,1219,229,63693,0.06986899563318777,11.0,0.026375793792531136
6034,2020-12-07,Cortland,39,1258,325,64018,0.12,12.0,0.030848861708222004
6035,2020-12-08,Cortland,33,1291,455,64473,0.07252747252747253,14.0,0.03464987369439646
6036,2020-12-09,Cortland,44,1335,607,65080,0.07248764415156507,15.0,0.03612276113972165
6037,2020-12-10,Cortland,40,1375,689,65769,0.05805515239477504,16.0,0.037100822592794444
6038,2020-12-11,Cortland,59,1434,802,66571,0.07356608478802992,18.0,0.038119252042822
6039,2020-12-12,Cortland,44,1478,574,67145,0.07665505226480836,19.0,0.038797171554274194
6040,2020-12-13,Cortland,35,1513,310,67455,0.11290322580645161,21.0,0.04187104513807875
6041,2020-12-14,Cortland,26,1539,323,67778,0.0804953560371517,20.0,0.039049284855018164
6042,2020-12-15,Cortland,22,1561,379,68157,0.05804749340369393,19.0,0.038015000631891116
6043,2020-12-16,Cortland,52,1613,469,68626,0.11087420042643924,19.0,0.04075689750866784
6044,2020-12-17,Cortland,42,1655,747,69373,0.05622489959839357,20.0,0.040626165166069164
6045,2020-12-18,Cortland,33,1688,568,69941,0.058098591549295774,18.0,0.0395213442204453
6046,2020-12-19,Cortland,25,1713,424,70365,0.0589622641509434,16.0,0.03825757364088351
6047,2020-12-20,Cortland,32,1745,357,70722,0.0896358543417367,16.0,0.036595618536261025
6048,2020-12-21,Cortland,23,1768,225,70947,0.10222222222222223,16.0,0.038147537549480345
6049,2020-12-22,Cortland,30,1798,613,71560,0.048939641109298535,16.0,0.037496976671309246
6050,2020-12-23,Cortland,33,1831,335,71895,0.09850746268656717,15.0,0.03661363826131838
6051,2020-12-24,Cortland,53,1884,579,72474,0.09153713298791019,16.0,0.039135940646283854
6052,2020-12-25,Cortland,41,1925,466,72940,0.08798283261802575,16.0,0.041270529294050284
6053,2020-12-26,Cortland,16,1941,187,73127,0.0855614973262032,16.0,0.04317047452085456
6054,2020-12-27,Cortland,24,1965,215,73342,0.11162790697674418,15.0,0.04474133542335509
6055,2020-12-28,Cortland,21,1986,167,73509,0.12574850299401197,15.0,0.0464217840499115
6056,2020-12-29,Cortland,31,2017,317,73826,0.09779179810725552,15.0,0.049911223835479857
6057,2020-12-30,Cortland,53,2070,464,74290,0.11422413793103449,17.0,0.051033843495798946
6058,2020-12-31,Cortland,37,2107,371,74661,0.09973045822102426,15.0,0.051619081012449955
6059,2021-01-01,Cortland,54,2161,587,75248,0.0919931856899489,16.0,0.05190553480330161
6060,2021-01-02,Cortland,22,2183,340,75588,0.06470588235294118,17.0,0.050415848019497174
6061,2021-01-03,Cortland,17,2200,240,75828,0.07083333333333333,16.0,0.04750194990211069
6062,2021-01-04,Cortland,17,2217,191,76019,0.08900523560209424,16.0,0.04487743080268799
6063,2021-01-05,Cortland,24,2241,397,76416,0.060453400503778336,16.0,0.042210402402439624
6064,2021-01-06,Cortland,48,2289,603,77019,0.07960199004975124,15.0,0.03973739183949082
6065,2021-01-07,Cortland,51,2340,460,77479,0.1108695652173913,16.0,0.04053304233923132
6066,2021-01-08,Cortland,64,2404,872,78351,0.07339449541284404,17.0,0.03920456446229526
6067,2021-01-09,Cortland,31,2435,571,78922,0.0542907180385289,18.0,0.038460624154122956
6068,2021-01-10,Cortland,20,2455,354,79276,0.05649717514124294,18.0,0.037436612854687926
6069,2021-01-11,Cortland,22,2477,318,79594,0.06918238993710692,18.0,0.03602069530718883
6070,2021-01-12,Cortland,27,2504,360,79954,0.075,18.0,0.03705973812834752
6071,2021-01-13,Cortland,29,2533,499,80453,0.05811623246492986,17.0,0.03552504115800314
6072,2021-01-14,Cortland,30,2563,671,81124,0.044709388971684055,15.0,0.030799314283309762
6073,2021-01-15,Cortland,24,2587,552,81676,0.043478260869565216,13.0,0.028662440387361276
6074,2021-01-16,Cortland,17,2604,598,82274,0.028428093645484948,12.0,0.026815110073572422
6075,2021-01-17,Cortland,24,2628,348,82622,0.06896551724137931,12.0,0.027705705937867874
6076,2021-01-18,Cortland,14,2642,221,82843,0.06334841628959276,11.0,0.02728899353447401
6077,2021-01-19,Cortland,26,2668,343,83186,0.07580174927113703,11.0,0.027346261339555228
6078,2021-01-20,Cortland,28,2696,530,83716,0.052830188679245285,11.0,0.0269686867834349
6079,2021-01-21,Cortland,14,2710,605,84321,0.023140495867768594,10.0,0.025428051561726648
6080,2021-01-22,Cortland,28,2738,1157,85478,0.024200518582541054,10.0,0.024051069969796356
6081,2021-01-23,Cortland,15,2753,521,85999,0.028790786948176585,10.0,0.024076976634274327
6082,2021-01-24,Cortland,9,2762,271,86270,0.033210332103321034,9.0,0.02152303483869874
6083,2021-01-25,Cortland,8,2770,233,86503,0.034334763948497854,9.0,0.0194506311000491
6084,2021-01-26,Cortland,3,2773,523,87026,0.0057361376673040155,7.0,0.01444594455691817
6085,2021-01-27,Cortland,20,2793,622,87648,0.03215434083601286,6.0,0.01296909828240157
6086,2021-01-28,Cortland,12,2805,523,88171,0.022944550669216062,6.0,0.012955102196790675
6087,2021-01-29,Cortland,27,2832,644,88815,0.04192546583850932,6.0,0.014221169857931265
6088,2021-01-30,Cortland,14,2846,757,89572,0.018494055482166448,6.0,0.013485689038930543
6089,2021-01-31,Cortland,7,2853,234,89806,0.029914529914529916,6.0,0.013250274596874034
6090,2021-02-01,Cortland,12,2865,223,90029,0.053811659192825115,6.0,0.014641481400040266
6091,2021-02-02,Cortland,5,2870,306,90335,0.016339869281045753,6.0,0.015398890801021818
6092,2021-02-03,Cortland,19,2889,449,90784,0.042316258351893093,6.0,0.01612474205215612
6093,2021-02-04,Cortland,9,2898,889,91673,0.010123734533183352,6.0,0.015208969471010927
6094,2021-02-05,Cortland,13,2911,436,92109,0.02981651376146789,5.0,0.014344044322650826
6095,2021-02-06,Cortland,12,2923,1770,93879,0.006779661016949152,5.0,0.013507301860849589
6096,2021-02-07,Cortland,12,2935,223,94102,0.053811659192825115,5.0,0.015214239666442106
6097,2021-02-08,Cortland,10,2945,212,94314,0.04716981132075472,5.0,0.014739821961294221
6098,2021-02-09,Cortland,6,2951,291,94605,0.020618556701030927,5.0,0.015045442491293162
6099,2021-02-10,Cortland,30,2981,1582,96187,0.018963337547408345,6.0,0.013377376719544252
6100,2021-02-11,Cortland,9,2990,318,96505,0.02830188679245283,6.0,0.014675816166634928
6101,2021-02-12,Cortland,14,3004,518,97023,0.02702702702702703,6.0,0.014476567114174863
6102,2021-02-13,Cortland,12,3016,1463,98486,0.008202323991797676,6.0,0.014578185898092618
6103,2021-02-14,Cortland,7,3023,1603,100089,0.004366812227074236,6.0,0.011046411114824697
6104,2021-02-15,Cortland,4,3027,139,100228,0.02877697841726619,5.0,0.009732637336004088
6105,2021-02-16,Cortland,11,3038,335,100563,0.03283582089552239,6.0,0.010605299064182049
6106,2021-02-17,Cortland,15,3053,445,101008,0.033707865168539325,5.0,0.011658479608548548
6107,2021-02-18,Cortland,7,3060,2731,103739,0.002563163676309044,5.0,0.00981999938596685
6108,2021-02-19,Cortland,14,3074,567,104306,0.024691358024691357,5.0,0.009653165885800017
6109,2021-02-20,Cortland,4,3078,2855,107161,0.0014010507880910684,4.0,0.009167360656963828
6110,2021-02-21,Cortland,12,3090,385,107546,0.03116883116883117,4.0,0.01108179058137504
6111,2021-02-22,Cortland,8,3098,182,107728,0.04395604395604396,5.0,0.012166009548430595
6112,2021-02-23,Cortland,4,3102,1438,109166,0.0027816411682892906,4.0,0.010019282425056801
6113,2021-02-24,Cortland,10,3112,1857,111023,0.005385029617662897,4.0,0.007996222742851342
6114,2021-02-25,Cortland,28,3140,2511,113534,0.011150935882118677,5.0,0.008609635043266315
6115,2021-02-26,Cortland,8,3148,1183,114717,0.006762468300929839,5.0,0.007329000062997635
6116,2021-02-27,Cortland,13,3161,2972,117689,0.004374158815612382,5.0,0.007541364922106301
6117,2021-02-28,Cortland,6,3167,158,117847,0.0379746835443038,5.0,0.00802749723464006
6118,2021-03-01,Cortland,5,3172,175,118022,0.02857142857142857,5.0,0.006928596135738961
6119,2021-03-02,Cortland,6,3178,972,118994,0.006172839506172839,5.0,0.007170824588444929
6120,2021-03-03,Cortland,14,3192,1802,120796,0.00776914539400666,5.0,0.007341118572469484
6121,2021-03-04,Cortland,15,3207,433,121229,0.03464203233256351,4.0,0.009019054033215543
6122,2021-03-05,Cortland,24,3231,572,121801,0.04195804195804196,5.0,0.011533023580152122
6123,2021-03-06,Cortland,10,3241,1956,123757,0.005112474437627812,5.0,0.01158576041029608
6124,2021-03-07,Cortland,9,3250,238,123995,0.037815126050420166,5.0,0.011574363446447253
6125,2021-03-08,Cortland,8,3258,132,124127,0.06060606060606061,6.0,0.013862551448920969
6126,2021-03-09,Cortland,7,3265,960,125087,0.007291666666666667,6.0,0.01394246767467053
6127,2021-03-10,Cortland,11,3276,2160,127247,0.005092592592592593,6.0,0.013751285331712382
6128,2021-03-11,Cortland,6,3282,563,127810,0.010657193605683837,5.0,0.012038082565506689
6129,2021-03-12,Cortland,14,3296,487,128297,0.028747433264887063,4.0,0.011094467658852766
6130,2021-03-13,Cortland,5,3301,1718,130015,0.002910360884749709,4.0,0.01093717383364719
6131,2021-03-14,Cortland,3,3304,197,130212,0.015228426395939087,3.0,0.009323838144041396
6132,2021-03-15,Cortland,5,3309,128,130340,0.0390625,3.0,0.00778501238646564
6133,2021-03-16,Cortland,6,3315,824,131164,0.007281553398058253,3.0,0.0077842900101364665
6134,2021-03-17,Cortland,6,3321,1023,132187,0.005865102639296188,3.0,0.007839469299186722
6135,2021-03-18,Cortland,4,3325,1847,134034,0.002165674066053059,3.0,0.007232932189213097
6136,2021-03-19,Cortland,4,3329,565,134599,0.007079646017699115,2.0,0.005685233100128243
6137,2021-03-20,Cortland,7,3336,1765,136364,0.00396600566572238,2.0,0.005760636298769149
6138,2021-03-21,Cortland,6,3342,171,136535,0.03508771929824561,2.0,0.007179157220362472
6139,2021-03-22,Cortland,4,3346,119,136654,0.03361344537815126,2.0,0.0067899390330875605
6140,2021-03-23,Cortland,10,3356,735,137389,0.013605442176870748,2.0,0.007241645374431311
6141,2021-03-24,Cortland,7,3363,2157,139546,0.003245248029670839,3.0,0.0070545129023152145
6142,2021-03-25,Cortland,9,3372,668,140214,0.01347305389221557,3.0,0.007862182889898251
6143,2021-03-26,Cortland,6,3378,1420,141634,0.004225352112676056,3.0,0.007658304753825175
6144,2021-03-27,Cortland,5,3383,1427,143061,0.00350385423966363,3.0,0.007625293937678123
6145,2021-03-28,Cortland,7,3390,412,143473,0.01699029126213592,3.0,0.00633262050652743
6146,2021-03-29,Cortland,9,3399,260,143733,0.03461538461538462,3.0,0.006404187594901242
6147,2021-03-30,Cortland,7,3406,822,144555,0.00851581508515815,3.0,0.006040642802636055
6148,2021-03-31,Cortland,12,3418,471,145026,0.025477707006369428,3.0,0.007628675586685953
6149,2021-04-01,Cortland,8,3426,654,145680,0.012232415902140673,3.0,0.007540058587394891
6150,2021-04-02,Cortland,8,3434,898,146578,0.008908685968819599,4.0,0.007874582434262286
6151,2021-04-03,Cortland,7,3441,1139,147717,0.006145741878841089,4.0,0.008063288694203533
6152,2021-04-04,Cortland,5,3446,272,147989,0.01838235294117647,4.0,0.00816272167127786
6153,2021-04-05,Cortland,7,3453,79,148068,0.08860759493670886,3.0,0.012019308122801017
6154,2021-04-06,Cortland,4,3457,774,148842,0.00516795865633075,3.0,0.01178017552074192
6155,2021-04-07,Cortland,13,3470,943,149785,0.013785790031813362,3.0,0.010945038593987915
6156,2021-04-08,Cortland,12,3482,770,150555,0.015584415584415584,4.0,0.011184467142721838
6157,2021-04-09,Cortland,5,3487,1168,151723,0.004280821917808219,3.0,0.010853905424792452
6158,2021-04-10,Cortland,6,3493,370,152093,0.016216216216216217,3.0,0.011573225020319248
6159,2021-04-11,Cortland,9,3502,221,152314,0.04072398190045249,4.0,0.013169055660267536
6160,2021-04-12,Cortland,5,3507,327,152641,0.01529051987767584,3.0,0.007932121727479462
6161,2021-04-13,Cortland,8,3515,483,153124,0.016563146997929608,4.0,0.00874606375187938
6162,2021-04-14,Cortland,7,3522,1212,154336,0.005775577557755775,3.0,0.008173905718018125
6163,2021-04-15,Cortland,6,3528,712,155048,0.008426966292134831,3.0,0.007662659339998071
6164,2021-04-16,Cortland,9,3537,502,155550,0.017928286852589643,3.0,0.008637478263911027
6165,2021-04-17,Cortland,9,3546,735,156285,0.012244897959183673,3.0,0.00835381267412299
6166,2021-04-18,Cortland,7,3553,325,156610,0.021538461538461538,3.0,0.006983418362552207
6167,2021-04-19,Cortland,6,3559,229,156839,0.026200873362445413,3.0,0.007762729325750036
6168,2021-04-20,Cortland,10,3569,866,157705,0.011547344110854504,3.0,0.007404457690958955
6169,2021-04-21,Cortland,10,3579,1230,158935,0.008130081300813009,4.0,0.007572636529748757
6170,2021-04-22,Cortland,9,3588,487,159422,0.018480492813141684,4.0,0.008290745566963532
6171,2021-04-23,Cortland,9,3597,1315,160737,0.006844106463878327,4.0,0.007499018396341296
6172,2021-04-24,Cortland,2,3599,383,161120,0.005221932114882507,3.0,0.006997377978891213
6173,2021-04-25,Cortland,2,3601,327,161447,0.0061162079510703364,3.0,0.0058957884369347
6174,2021-04-26,Cortland,2,3603,104,161551,0.019230769230769232,3.0,0.005397923856100687
6175,2021-04-27,Cortland,10,3613,439,161990,0.022779043280182234,3.0,0.0062001880824812386
6176,2021-04-28,Cortland,6,3619,543,162533,0.011049723756906077,2.0,0.006408733972202172
6177,2021-04-29,Cortland,3,3622,747,163280,0.004016064257028112,2.0,0.0053755605039083445
6178,2021-04-30,Cortland,2,3624,466,163746,0.004291845493562232,1.0,0.005193256148885766
6179,2021-05-01,Cortland,12,3636,704,164450,0.017045454545454544,2.0,0.006037793465355198
6180,2021-05-02,Cortland,7,3643,224,164674,0.03125,3.0,0.007833064325993032
6181,2021-05-03,Cortland,9,3652,85,164759,0.10588235294117647,3.0,0.01402246316245069
6182,2021-05-04,Cortland,11,3663,392,165151,0.02806122448979592,3.0,0.01439976182028024
6183,2021-05-05,Cortland,10,3673,432,165583,0.023148148148148147,3.0,0.015263934991083245
6184,2021-05-06,Cortland,6,3679,379,165962,0.0158311345646438,4.0,0.016107868584484365
6185,2021-05-07,Cortland,15,3694,918,166880,0.016339869281045753,5.0,0.016968441712161757
6186,2021-05-08,Cortland,8,3702,604,167484,0.013245033112582781,4.0,0.016696983038385207
6187,2021-05-09,Cortland,2,3704,228,167712,0.008771929824561403,4.0,0.015091406597282447
6188,2021-05-10,Cortland,6,3710,140,167852,0.04285714285714286,4.0,0.010589605876994332
6189,2021-05-11,Cortland,6,3716,414,168266,0.014492753623188406,3.0,0.009620429386522368
6190,2021-05-12,Cortland,12,3728,423,168689,0.028368794326241134,3.0,0.00999333268495758
6191,2021-05-13,Cortland,22,3750,675,169364,0.03259259259259259,5.0,0.011190579686953925
6192,2021-05-14,Cortland,6,3756,487,169851,0.012320328542094456,4.0,0.010903469634171688
6193,2021-05-15,Cortland,10,3766,593,170444,0.016863406408094434,4.0,0.011161924869565376
6194,2021-05-16,Cortland,7,3773,210,170654,0.03333333333333333,4.0,0.01291631083447766
6195,2021-05-17,Cortland,12,3785,113,170767,0.10619469026548672,5.0,0.017440421363645077
6196,2021-05-18,Cortland,10,3795,325,171092,0.03076923076923077,5.0,0.018603026874076674
6197,2021-05-19,Cortland,12,3807,585,171677,0.020512820512820513,5.0,0.018041885887403773
6198,2021-05-20,Cortland,9,3816,687,172364,0.013100436681222707,4.0,0.01664958903659164
6199,2021-05-21,Cortland,8,3824,407,172771,0.019656019656019656,4.0,0.017173566973300584
6200,2021-05-22,Cortland,7,3831,315,173086,0.022222222222222223,4.0,0.017556339531452563
6201,2021-05-23,Cortland,2,3833,109,173195,0.01834862385321101,4.0,0.016486003140015255
6202,2021-05-24,Cortland,6,3839,170,173365,0.03529411764705882,3.0,0.011421676524413265
6203,2021-05-25,Cortland,8,3847,289,173654,0.02768166089965398,3.0,0.011201135819443495
6204,2021-05-26,Cortland,10,3857,330,173984,0.030303030303030304,3.0,0.011900436518744192
6205,2021-05-27,Cortland,13,3870,696,174680,0.01867816091954023,3.0,0.01229884539290973
6206,2021-05-28,Cortland,5,3875,450,175130,0.011111111111111112,3.0,0.01168849478255912
6207,2021-05-29,Cortland,5,3880,348,175478,0.014367816091954023,3.0,0.01112746577325425
6208,2021-05-30,Cortland,7,3887,116,175594,0.0603448275862069,3.0,0.014127194611325385
6209,2021-05-31,Cortland,2,3889,57,175651,0.03508771929824561,3.0,0.01411245187212444
6210,2021-06-01,Cortland,4,3893,132,175783,0.030303030303030304,3.0,0.014299692543794177
6211,2021-06-02,Cortland,2,3895,320,176103,0.00625,2.0,0.012581618950720585
6212,2021-06-03,Cortland,3,3898,306,176409,0.00980392156862745,2.0,0.011947744711369671
6213,2021-06-04,Cortland,4,3902,787,177196,0.005082592121982211,1.0,0.011517136212146178
6214,2021-06-05,Cortland,6,3908,348,177544,0.017241379310344827,2.0,0.011722390727745521
6215,2021-06-06,Cortland,3,3911,114,177658,0.02631578947368421,1.0,0.009291745148279617
6216,2021-06-07,Cortland,2,3913,111,177769,0.018018018018018018,1.0,0.008072480771120502
6217,2021-06-08,Cortland,2,3915,350,178119,0.005714285714285714,1.0,0.0063161418719244605
6218,2021-06-09,Cortland,1,3916,197,178316,0.005076142131979695,1.0,0.0062322948813515805
6219,2021-06-10,Cortland,3,3919,350,178666,0.008571428571428572,1.0,0.006144259667265947
6220,2021-06-11,Cortland,5,3924,410,179076,0.012195121951219513,1.0,0.006652297512211467
6221,2021-06-12,Cortland,1,3925,237,179313,0.004219409282700422,1.0,0.005722156795951153
6222,2021-06-13,Cortland,0,3925,78,179391,0.0,1.0,0.003842457547830853
6223,2021-06-14,Cortland,1,3926,59,179450,0.01694915254237288,0.0,0.0037661100138561996
6224,2021-06-15,Cortland,0,3926,237,179687,0.0,0.0,0.003357946748550077
6225,2021-06-16,Cortland,0,3926,212,179899,0.0,0.0,0.0029953651676943847
6226,2021-06-17,Cortland,1,3927,348,180247,0.0028735632183908046,0.0,0.0025883747853345444
6227,2021-06-18,Cortland,2,3929,251,180498,0.00796812749003984,0.0,0.002286446609535996
6228,2021-06-19,Cortland,0,3929,208,180706,0.0,0.0,0.001985060232200252
6229,2021-06-20,Cortland,0,3929,57,180763,0.0,0.0,0.001985060232200252
6230,2021-06-21,Cortland,1,3930,49,180812,0.02040816326530612,0.0,0.002232132426695483
6231,2021-06-22,Cortland,1,3931,172,180984,0.005813953488372093,0.0,0.002647414818722061
6232,2021-06-23,Cortland,0,3931,135,181119,0.0,0.0,0.002647414818722061
6233,2021-06-24,Cortland,0,3931,207,181326,0.0,0.0,0.002442160303122718
6234,2021-06-25,Cortland,0,3931,272,181598,0.0,0.0,0.0018730083395484438
6235,2021-06-26,Cortland,2,3933,108,181706,0.018518518518518517,0.0,0.0031957596622997665
6236,2021-06-27,Cortland,1,3934,37,181743,0.02702702702702703,0.0,0.005126261592801697
6237,2021-06-28,Cortland,0,3934,39,181782,0.0,0.0,0.003668535645279831
6238,2021-06-29,Cortland,0,3934,195,181977,0.0,0.0,0.0032532532532532532
6239,2021-06-30,Cortland,0,3934,119,182096,0.0,0.0,0.0032532532532532532
6240,2021-07-01,Cortland,1,3935,205,182301,0.004878048780487805,0.0,0.003601685309002382
6241,2021-07-02,Cortland,0,3935,128,182429,0.0,0.0,0.003601685309002382
6242,2021-07-03,Cortland,0,3935,64,182493,0.0,0.0,0.0022789339862510595
6243,2021-07-04,Cortland,0,3935,55,182548,0.0,0.0,0.0003484320557491289
6244,2021-07-05,Cortland,0,3935,50,182598,0.0,0.0,0.0003484320557491289
6245,2021-07-06,Cortland,1,3936,53,182651,0.018867924528301886,0.0,0.0016961409506278352
6246,2021-07-07,Cortland,0,3936,167,182818,0.0,0.0,0.0016961409506278352
6247,2021-07-08,Cortland,0,3936,119,182937,0.0,0.0,0.001347708894878706
6248,2021-07-09,Cortland,0,3936,170,183107,0.0,0.0,0.001347708894878706
6249,2021-07-10,Cortland,0,3936,66,183173,0.0,0.0,0.001347708894878706
6250,2021-07-11,Cortland,0,3936,38,183211,0.0,0.0,0.001347708894878706
6251,2021-07-12,Cortland,1,3937,69,183280,0.014492753623188406,0.0,0.0023829055822493063
6252,2021-07-13,Cortland,1,3938,183,183463,0.00546448087431694,0.0,0.0014255167498218105
6253,2021-07-14,Cortland,2,3940,107,183570,0.018691588785046728,0.0,0.002760630234468005
6254,2021-07-15,Cortland,0,3940,151,183721,0.0,0.0,0.002760630234468005
6255,2021-07-16,Cortland,0,3940,130,183851,0.0,0.0,0.002760630234468005
6256,2021-07-17,Cortland,1,3941,89,183940,0.011235955056179775,0.0,0.003563198452766561
6257,2021-07-18,Cortland,1,3942,40,183980,0.025,0.0,0.005348912738480846
6258,2021-07-19,Cortland,2,3944,67,184047,0.029850746268656716,0.0,0.006445912213157155
6259,2021-07-20,Cortland,1,3945,161,184208,0.006211180124223602,0.0,0.006499247873864774
6260,2021-07-21,Cortland,4,3949,127,184335,0.031496062992125984,0.0,0.0074138531743704345
6261,2021-07-22,Cortland,2,3951,170,184505,0.011764705882352941,0.0,0.008254189308824215
6262,2021-07-23,Cortland,4,3955,144,184649,0.027777777777777776,1.0,0.0102383162929512
6263,2021-07-24,Cortland,2,3957,104,184753,0.019230769230769232,1.0,0.010809374448279018
6264,2021-07-25,Cortland,1,3958,35,184788,0.02857142857142857,1.0,0.011064476489095346
6265,2021-07-26,Cortland,0,3958,118,184906,0.0,1.0,0.008932280327048436
6266,2021-07-27,Cortland,3,3961,162,185068,0.018518518518518517,1.0,0.00981137592664093
6267,2021-07-28,Cortland,4,3965,99,185167,0.04040404040404041,1.0,0.010447660027491963
6268,2021-07-29,Cortland,3,3968,179,185346,0.01675977653631285,1.0,0.010804450788489097
6269,2021-07-30,Cortland,5,3973,190,185536,0.02631578947368421,1.0,0.010700023052482414
6270,2021-07-31,Cortland,1,3974,181,185717,0.0055248618784530384,1.0,0.009721029670174115
6271,2021-08-01,Cortland,5,3979,42,185759,0.11904761904761904,1.0,0.016183614704187717
6272,2021-08-02,Cortland,1,3980,76,185835,0.013157894736842105,1.0,0.01712346432824787
6273,2021-08-03,Cortland,1,3981,177,186012,0.005649717514124294,1.0,0.016204264256505427
6274,2021-08-04,Cortland,3,3984,163,186175,0.018404907975460124,1.0,0.014632897654463977
6275,2021-08-05,Cortland,4,3988,213,186388,0.018779342723004695,1.0,0.014777152382084822
6276,2020-03-01,Delaware,0,0,0,0,,,
6277,2020-03-02,Delaware,0,0,0,0,,,
6278,2020-03-03,Delaware,0,0,0,0,,,
6279,2020-03-04,Delaware,0,0,0,0,,,
6280,2020-03-05,Delaware,0,0,0,0,,,
6281,2020-03-06,Delaware,0,0,0,0,,,
6282,2020-03-07,Delaware,0,0,0,0,,0.0,
6283,2020-03-08,Delaware,0,0,0,0,,0.0,
6284,2020-03-09,Delaware,0,0,1,1,0.0,0.0,
6285,2020-03-10,Delaware,0,0,1,2,0.0,0.0,
6286,2020-03-11,Delaware,0,0,2,4,0.0,0.0,
6287,2020-03-12,Delaware,1,1,1,5,1.0,0.0,
6288,2020-03-13,Delaware,0,1,1,6,0.0,0.0,
6289,2020-03-14,Delaware,0,1,1,7,0.0,0.0,
6290,2020-03-15,Delaware,0,1,5,12,0.0,0.0,0.07142857142857142
6291,2020-03-16,Delaware,0,1,0,12,,0.0,
6292,2020-03-17,Delaware,0,1,0,12,,0.0,
6293,2020-03-18,Delaware,0,1,1,13,0.0,0.0,
6294,2020-03-19,Delaware,0,1,4,17,0.0,0.0,
6295,2020-03-20,Delaware,0,1,8,25,0.0,0.0,
6296,2020-03-21,Delaware,2,3,10,35,0.2,0.0,
6297,2020-03-22,Delaware,0,3,10,45,0.0,0.0,
6298,2020-03-23,Delaware,0,3,5,50,0.0,0.0,
6299,2020-03-24,Delaware,2,5,5,55,0.4,0.0,0.042857142857142864
6300,2020-03-25,Delaware,2,7,12,67,0.16666666666666666,0.0,0.054761904761904755
6301,2020-03-26,Delaware,1,8,7,74,0.14285714285714285,0.0,0.06496598639455783
6302,2020-03-27,Delaware,0,8,13,87,0.0,0.0,0.06496598639455783
6303,2020-03-28,Delaware,0,8,4,91,0.0,0.0,0.05068027210884354
6304,2020-03-29,Delaware,3,11,12,103,0.25,0.0,0.06853741496598639
6305,2020-03-30,Delaware,5,16,11,114,0.45454545454545453,0.0,0.10100494743351887
6306,2020-03-31,Delaware,4,20,13,127,0.3076923076923077,1.0,0.09441154084011227
6307,2020-04-01,Delaware,2,22,7,134,0.2857142857142857,1.0,0.10291494220065647
6308,2020-04-02,Delaware,2,24,9,143,0.2222222222222222,1.0,0.1085838764410193
6309,2020-04-03,Delaware,2,26,18,161,0.1111111111111111,1.0,0.11652038437752724
6310,2020-04-04,Delaware,1,27,12,173,0.08333333333333333,1.0,0.12247276532990818
6311,2020-04-05,Delaware,2,29,28,201,0.07142857142857142,1.0,0.10971766328909185
6312,2020-04-06,Delaware,7,36,30,231,0.23333333333333334,1.0,0.09391679748822605
6313,2020-04-07,Delaware,1,37,16,247,0.0625,1.0,0.0764030612244898
6314,2020-04-08,Delaware,0,37,22,269,0.0,1.0,0.05599489795918367
6315,2020-04-09,Delaware,2,39,20,289,0.1,1.0,0.04726473922902495
6316,2020-04-10,Delaware,0,39,17,306,0.0,0.0,0.03932823129251701
6317,2020-04-11,Delaware,0,39,10,316,0.0,0.0,0.03337585034013606
6318,2020-04-12,Delaware,3,42,14,330,0.21428571428571427,0.0,0.04357993197278912
6319,2020-04-13,Delaware,3,45,48,378,0.0625,0.0,0.031377551020408165
6320,2020-04-14,Delaware,1,46,7,385,0.14285714285714285,0.0,0.037117346938775504
6321,2020-04-15,Delaware,1,47,9,394,0.1111111111111111,0.0,0.04505385487528345
6322,2020-04-16,Delaware,1,48,10,404,0.1,0.0,0.04505385487528345
6323,2020-04-17,Delaware,1,49,8,412,0.125,0.0,0.05398242630385488
6324,2020-04-18,Delaware,0,49,10,422,0.0,0.0,0.05398242630385488
6325,2020-04-19,Delaware,0,49,5,427,0.0,0.0,0.03867630385487529
6326,2020-04-20,Delaware,0,49,3,430,0.0,0.0,0.03421201814058957
6327,2020-04-21,Delaware,1,50,18,448,0.05555555555555555,0.0,0.027976190476190477
6328,2020-04-22,Delaware,0,50,21,469,0.0,0.0,0.02003968253968254
6329,2020-04-23,Delaware,1,51,15,484,0.06666666666666667,0.0,0.01765873015873016
6330,2020-04-24,Delaware,7,58,135,619,0.05185185185185185,0.0,0.012433862433862434
6331,2020-04-25,Delaware,0,58,35,654,0.0,0.0,0.012433862433862434
6332,2020-04-26,Delaware,0,58,21,675,0.0,0.0,0.012433862433862434
6333,2020-04-27,Delaware,1,59,16,691,0.0625,0.0,0.016898148148148148
6334,2020-04-28,Delaware,1,60,14,705,0.07142857142857142,0.0,0.01803193499622071
6335,2020-04-29,Delaware,1,61,24,729,0.041666666666666664,0.0,0.021008125472411186
6336,2020-04-30,Delaware,0,61,24,753,0.0,0.0,0.016246220710506423
6337,2020-05-01,Delaware,0,61,29,782,0.0,0.0,0.01254251700680272
6338,2020-05-02,Delaware,0,61,28,810,0.0,0.0,0.01254251700680272
6339,2020-05-03,Delaware,1,62,54,864,0.018518518518518517,0.0,0.013865268329554042
6340,2020-05-04,Delaware,0,62,31,895,0.0,0.0,0.009400982615268328
6341,2020-05-05,Delaware,0,62,30,925,0.0,0.0,0.004298941798941799
6342,2020-05-06,Delaware,1,63,30,955,0.03333333333333333,0.0,0.0037037037037037034
6343,2020-05-07,Delaware,0,63,24,979,0.0,0.0,0.0037037037037037034
6344,2020-05-08,Delaware,0,63,30,1009,0.0,0.0,0.0037037037037037034
6345,2020-05-09,Delaware,1,64,33,1042,0.030303030303030304,0.0,0.005868205868205868
6346,2020-05-10,Delaware,1,65,19,1061,0.05263157894736842,0.0,0.008304853041695147
6347,2020-05-11,Delaware,0,65,50,1111,0.0,0.0,0.008304853041695147
6348,2020-05-12,Delaware,1,66,53,1164,0.018867924528301886,0.0,0.009652561936573852
6349,2020-05-13,Delaware,1,67,136,1300,0.007352941176470588,0.0,0.007796819639655085
6350,2020-05-14,Delaware,0,67,120,1420,0.0,0.0,0.007796819639655085
6351,2020-05-15,Delaware,1,68,70,1490,0.014285714285714285,0.0,0.008817227802920392
6352,2020-05-16,Delaware,1,69,51,1541,0.0196078431372549,0.0,0.008053285862507862
6353,2020-05-17,Delaware,0,69,56,1597,0.0,0.0,0.004293887366267262
6354,2020-05-18,Delaware,0,69,65,1662,0.0,0.0,0.004293887366267262
6355,2020-05-19,Delaware,0,69,45,1707,0.0,0.0,0.002946178471388555
6356,2020-05-20,Delaware,2,71,65,1772,0.03076923076923077,0.0,0.00461877058515714
6357,2020-05-21,Delaware,1,72,124,1896,0.008064516129032258,0.0,0.005194807451516586
6358,2020-05-22,Delaware,2,74,51,1947,0.0392156862745098,0.0,0.006975519736430552
6359,2020-05-23,Delaware,3,77,80,2027,0.0375,0.0,0.008253530940912345
6360,2020-05-24,Delaware,0,77,44,2071,0.0,0.0,0.008253530940912345
6361,2020-05-25,Delaware,0,77,22,2093,0.0,0.0,0.008253530940912345
6362,2020-05-26,Delaware,1,78,205,2298,0.004878048780487805,0.0,0.008601962996661475
6363,2020-05-27,Delaware,0,78,213,2511,0.0,0.0,0.006404160798859276
6364,2020-05-28,Delaware,1,79,156,2667,0.00641025641025641,0.0,0.006285999390375287
6365,2020-05-29,Delaware,0,79,123,2790,0.0,0.0,0.0034848789421960155
6366,2020-05-30,Delaware,0,79,209,2999,0.0,0.0,0.0008063075136245867
6367,2020-05-31,Delaware,2,81,96,3095,0.020833333333333332,0.0,0.002294402751719825
6368,2020-06-01,Delaware,1,82,138,3233,0.007246376811594203,0.0,0.002812001095405125
6369,2020-06-02,Delaware,0,82,195,3428,0.0,0.0,0.002463569039655996
6370,2020-06-03,Delaware,0,82,171,3599,0.0,0.0,0.002463569039655996
6371,2020-06-04,Delaware,2,84,129,3728,0.015503875968992248,0.0,0.003113113293851413
6372,2020-06-05,Delaware,1,85,217,3945,0.004608294930875576,0.0,0.003442277217485383
6373,2020-06-06,Delaware,0,85,124,4069,0.0,0.0,0.003442277217485383
6374,2020-06-07,Delaware,0,85,164,4233,0.0,0.0,0.001954181979390145
6375,2020-06-08,Delaware,1,86,194,4427,0.005154639175257732,0.0,0.001804772148223254
6376,2020-06-09,Delaware,1,87,198,4625,0.005050505050505051,0.0,0.002165522508973615
6377,2020-06-10,Delaware,1,88,173,4798,0.005780346820809248,0.0,0.002578404424745704
6378,2020-06-11,Delaware,0,88,92,4890,0.0,0.0,0.0014709847126748291
6379,2020-06-12,Delaware,0,88,110,5000,0.0,0.0,0.0011418207890408593
6380,2020-06-13,Delaware,0,88,181,5181,0.0,0.0,0.0011418207890408593
6381,2020-06-14,Delaware,0,88,111,5292,0.0,0.0,0.0011418207890408593
6382,2020-06-15,Delaware,0,88,206,5498,0.0,0.0,0.0007736322765224499
6383,2020-06-16,Delaware,1,89,202,5700,0.0049504950495049506,0.0,0.0007664887050224427
6384,2020-06-17,Delaware,0,89,116,5816,0.0,0.0,0.0003536067892503536
6385,2020-06-18,Delaware,0,89,143,5959,0.0,0.0,0.0003536067892503536
6386,2020-06-19,Delaware,1,90,144,6103,0.006944444444444444,0.0,0.0008496385352820997
6387,2020-06-20,Delaware,0,90,167,6270,0.0,0.0,0.0008496385352820997
6388,2020-06-21,Delaware,0,90,134,6404,0.0,0.0,0.0008496385352820997
6389,2020-06-22,Delaware,1,91,167,6571,0.005988023952095809,0.0,0.0012773545318603716
6390,2020-06-23,Delaware,0,91,91,6662,0.0,0.0,0.000923747742610018
6391,2020-06-24,Delaware,0,91,215,6877,0.0,0.0,0.000923747742610018
6392,2020-06-25,Delaware,0,91,69,6946,0.0,0.0,0.000923747742610018
6393,2020-06-26,Delaware,0,91,131,7077,0.0,0.0,0.00042771599657827206
6394,2020-06-27,Delaware,0,91,220,7297,0.0,0.0,0.00042771599657827206
6395,2020-06-28,Delaware,0,91,154,7451,0.0,0.0,0.00042771599657827206
6396,2020-06-29,Delaware,0,91,147,7598,0.0,0.0,0.0
6397,2020-06-30,Delaware,0,91,157,7755,0.0,0.0,0.0
6398,2020-07-01,Delaware,0,91,106,7861,0.0,0.0,0.0
6399,2020-07-02,Delaware,0,91,62,7923,0.0,0.0,0.0
6400,2020-07-03,Delaware,0,91,73,7996,0.0,0.0,0.0
6401,2020-07-04,Delaware,0,91,265,8261,0.0,0.0,0.0
6402,2020-07-05,Delaware,0,91,85,8346,0.0,0.0,0.0
6403,2020-07-06,Delaware,0,91,147,8493,0.0,0.0,0.0
6404,2020-07-07,Delaware,0,91,50,8543,0.0,0.0,0.0
6405,2020-07-08,Delaware,0,91,83,8626,0.0,0.0,0.0
6406,2020-07-09,Delaware,0,91,78,8704,0.0,0.0,0.0
6407,2020-07-10,Delaware,0,91,147,8851,0.0,0.0,0.0
6408,2020-07-11,Delaware,1,92,247,9098,0.004048582995951417,0.0,0.0002891844997108155
6409,2020-07-12,Delaware,0,92,80,9178,0.0,0.0,0.0002891844997108155
6410,2020-07-13,Delaware,0,92,111,9289,0.0,0.0,0.0002891844997108155
6411,2020-07-14,Delaware,0,92,100,9389,0.0,0.0,0.0002891844997108155
6412,2020-07-15,Delaware,0,92,117,9506,0.0,0.0,0.0002891844997108155
6413,2020-07-16,Delaware,0,92,161,9667,0.0,0.0,0.0002891844997108155
6414,2020-07-17,Delaware,1,93,193,9860,0.0051813471502590676,0.0,0.0006592807247293204
6415,2020-07-18,Delaware,0,93,64,9924,0.0,0.0,0.00037009622501850485
6416,2020-07-19,Delaware,0,93,105,10029,0.0,0.0,0.00037009622501850485
6417,2020-07-20,Delaware,0,93,119,10148,0.0,0.0,0.00037009622501850485
6418,2020-07-21,Delaware,0,93,187,10335,0.0,0.0,0.00037009622501850485
6419,2020-07-22,Delaware,2,95,114,10449,0.017543859649122806,0.0,0.0016232290570987052
6420,2020-07-23,Delaware,2,97,120,10569,0.016666666666666666,0.0,0.002813705247574895
6421,2020-07-24,Delaware,1,98,133,10702,0.007518796992481203,0.0,0.0029806659505907623
6422,2020-07-25,Delaware,0,98,77,10779,0.0,0.0,0.0029806659505907623
6423,2020-07-26,Delaware,0,98,65,10844,0.0,0.0,0.0029806659505907623
6424,2020-07-27,Delaware,1,99,110,10954,0.00909090909090909,0.0,0.003630016599941412
6425,2020-07-28,Delaware,2,101,98,11052,0.02040816326530612,0.0,0.005087742547463277
6426,2020-07-29,Delaware,0,101,186,11238,0.0,0.0,0.003834609715383077
6427,2020-07-30,Delaware,1,102,126,11364,0.007936507936507936,0.0,0.003211026948943168
6428,2020-07-31,Delaware,1,103,156,11520,0.00641025641025641,0.0,0.0031318454787842543
6429,2020-08-01,Delaware,0,103,148,11668,0.0,0.0,0.0031318454787842543
6430,2020-08-02,Delaware,1,104,134,11802,0.007462686567164179,0.0,0.003664894519295981
6431,2020-08-03,Delaware,0,104,153,11955,0.0,0.0,0.0030155438699453314
6432,2020-08-04,Delaware,0,104,130,12085,0.0,0.0,0.001557817922423466
6433,2020-08-05,Delaware,0,104,35,12120,0.0,0.0,0.001557817922423466
6434,2020-08-06,Delaware,0,104,163,12283,0.0,0.0,0.0009909244983871848
6435,2020-08-07,Delaware,1,105,184,12467,0.005434782608695652,0.0,0.0009212477982757023
6436,2020-08-08,Delaware,0,105,150,12617,0.0,0.0,0.0009212477982757023
6437,2020-08-09,Delaware,0,105,135,12752,0.0,0.0,0.00038819875776397513
6438,2020-08-10,Delaware,1,106,273,13025,0.003663003663003663,0.0,0.0006498418765499512
6439,2020-08-11,Delaware,0,106,154,13179,0.0,0.0,0.0006498418765499512
6440,2020-08-12,Delaware,1,107,139,13318,0.007194244604316547,0.0,0.0011637164911439902
6441,2020-08-13,Delaware,0,107,102,13420,0.0,0.0,0.0011637164911439902
6442,2020-08-14,Delaware,0,107,169,13589,0.0,0.0,0.0007755177333800151
6443,2020-08-15,Delaware,0,107,117,13706,0.0,0.0,0.0007755177333800151
6444,2020-08-16,Delaware,0,107,80,13786,0.0,0.0,0.0007755177333800151
6445,2020-08-17,Delaware,0,107,165,13951,0.0,0.0,0.0005138746145940391
6446,2020-08-18,Delaware,1,108,173,14124,0.005780346820809248,0.0,0.0009267565303661283
6447,2020-08-19,Delaware,1,109,119,14243,0.008403361344537815,0.0,0.0010131220118105044
6448,2020-08-20,Delaware,0,109,146,14389,0.0,0.0,0.0010131220118105044
6449,2020-08-21,Delaware,0,109,143,14532,0.0,0.0,0.0010131220118105044
6450,2020-08-22,Delaware,0,109,177,14709,0.0,0.0,0.0010131220118105044
6451,2020-08-23,Delaware,0,109,143,14852,0.0,0.0,0.0010131220118105044
6452,2020-08-24,Delaware,0,109,112,14964,0.0,0.0,0.0010131220118105044
6453,2020-08-25,Delaware,0,109,173,15137,0.0,0.0,0.0006002400960384153
6454,2020-08-26,Delaware,1,110,131,15268,0.007633587786259542,0.0,0.0005452562704471102
6455,2020-08-27,Delaware,2,112,175,15443,0.011428571428571429,0.0,0.001361582801059355
6456,2020-08-28,Delaware,0,112,120,15563,0.0,0.0,0.001361582801059355
6457,2020-08-29,Delaware,3,115,183,15746,0.01639344262295082,0.0,0.002532542988412985
6458,2020-08-30,Delaware,0,115,90,15836,0.0,0.0,0.002532542988412985
6459,2020-08-31,Delaware,0,115,289,16125,0.0,0.0,0.002532542988412985
6460,2020-09-01,Delaware,5,120,159,16284,0.031446540880503145,0.0,0.004778724479877495
6461,2020-09-02,Delaware,1,121,160,16444,0.00625,0.0,0.004679896780858957
6462,2020-09-03,Delaware,0,121,382,16826,0.0,0.0,0.003863570250246712
6463,2020-09-04,Delaware,2,123,213,17039,0.009389671361502348,0.0,0.004534261061782593
6464,2020-09-05,Delaware,0,123,134,17173,0.0,0.0,0.0033633008744289638
6465,2020-09-06,Delaware,1,124,229,17402,0.004366812227074236,0.0,0.0036752160335056946
6466,2020-09-07,Delaware,1,125,165,17567,0.006060606060606061,0.0,0.004108116466406128
6467,2020-09-08,Delaware,0,125,32,17599,0.0,0.0,0.0018619349749416177
6468,2020-09-09,Delaware,0,125,69,17668,0.0,0.0,0.001415506403513046
6469,2020-09-10,Delaware,3,128,140,17808,0.02142857142857143,0.0,0.002946118648411005
6470,2020-09-11,Delaware,0,128,213,18021,0.0,0.0,0.0022754278368751235
6471,2020-09-12,Delaware,0,128,217,18238,0.0,0.0,0.0022754278368751235
6472,2020-09-13,Delaware,0,128,169,18407,0.0,0.0,0.0019635126777983922
6473,2020-09-14,Delaware,0,128,82,18489,0.0,0.0,0.001530612244897959
6474,2020-09-15,Delaware,1,129,86,18575,0.011627906976744186,0.0,0.0023611770289511153
6475,2020-09-16,Delaware,0,129,127,18702,0.0,0.0,0.0023611770289511153
6476,2020-09-17,Delaware,0,129,132,18834,0.0,0.0,0.0008305647840531562
6477,2020-09-18,Delaware,1,130,139,18973,0.007194244604316547,0.0,0.0013444393986471951
6478,2020-09-19,Delaware,0,130,217,19190,0.0,0.0,0.0013444393986471951
6479,2020-09-20,Delaware,0,130,220,19410,0.0,0.0,0.0013444393986471951
6480,2020-09-21,Delaware,1,131,205,19615,0.004878048780487805,0.0,0.0016928714543963243
6481,2020-09-22,Delaware,1,132,139,19754,0.007194244604316547,0.0,0.001376181284937207
6482,2020-09-23,Delaware,1,133,122,19876,0.00819672131147541,0.0,0.001961661378614022
6483,2020-09-24,Delaware,0,133,107,19983,0.0,0.0,0.001961661378614022
6484,2020-09-25,Delaware,0,133,232,20215,0.0,0.0,0.0014477867640199829
6485,2020-09-26,Delaware,1,134,167,20382,0.005988023952095809,0.0,0.0018755027605982552
6486,2020-09-27,Delaware,1,135,171,20553,0.005847953216374269,0.0,0.0022932137046249887
6487,2020-09-28,Delaware,1,136,237,20790,0.004219409282700422,0.0,0.0022461680262116043
6488,2020-09-29,Delaware,0,136,510,21300,0.0,0.0,0.0017322934116175653
6489,2020-09-30,Delaware,1,137,111,21411,0.009009009009009009,0.0,0.0017903139614413935
6490,2020-10-01,Delaware,1,138,129,21540,0.007751937984496124,0.0,0.002344023817476831
6491,2020-10-02,Delaware,2,140,227,21767,0.00881057268722467,0.0,0.002973350437992878
6492,2020-10-03,Delaware,1,141,170,21937,0.0058823529411764705,0.0,0.002965802508641497
6493,2020-10-04,Delaware,0,141,191,22128,0.0,0.0,0.0025480915646147635
6494,2020-10-05,Delaware,2,143,139,22267,0.014388489208633094,0.0,0.0032744544164670973
6495,2020-10-06,Delaware,0,143,480,22747,0.0,0.0,0.0032744544164670973
6496,2020-10-07,Delaware,1,144,159,22906,0.006289308176100629,0.0,0.003080190071259356
6497,2020-10-08,Delaware,0,144,175,23081,0.0,0.0,0.0025264802152239188
6498,2020-10-09,Delaware,2,146,185,23266,0.010810810810810811,0.0,0.0026693543669086433
6499,2020-10-10,Delaware,2,148,146,23412,0.0136986301369863,0.0,0.0032276598808950595
6500,2020-10-11,Delaware,1,149,223,23635,0.004484304932735426,0.0,0.003547967376090447
6501,2020-10-12,Delaware,5,154,332,23967,0.015060240963855422,0.0,0.003595949644320613
6502,2020-10-13,Delaware,0,154,501,24468,0.0,0.0,0.003595949644320613
6503,2020-10-14,Delaware,2,156,143,24611,0.013986013986013986,0.0,0.0041457143450287105
6504,2020-10-15,Delaware,1,157,138,24749,0.007246376811594203,0.0,0.0046633126887140105
6505,2020-10-16,Delaware,2,159,206,24955,0.009708737864077669,0.0,0.004584593192518786
6506,2020-10-17,Delaware,0,159,165,25120,0.0,0.0,0.003606119611305479
6507,2020-10-18,Delaware,0,159,231,25351,0.0,0.0,0.0032858121161100915
6508,2020-10-19,Delaware,0,159,224,25575,0.0,0.0,0.002210080618691847
6509,2020-10-20,Delaware,2,161,693,26268,0.002886002886002886,0.0,0.0024162236819777676
6510,2020-10-21,Delaware,3,164,109,26377,0.027522935779816515,0.0,0.003383146667249377
6511,2020-10-22,Delaware,2,166,105,26482,0.01904761904761905,0.0,0.004226092541251151
6512,2020-10-23,Delaware,2,168,189,26671,0.010582010582010581,0.0,0.004288469163960645
6513,2020-10-24,Delaware,1,169,226,26897,0.004424778761061947,0.0,0.004604524789750784
6514,2020-10-25,Delaware,0,169,223,27120,0.0,0.0,0.004604524789750784
6515,2020-10-26,Delaware,4,173,176,27296,0.022727272727272728,1.0,0.006227901413127407
6516,2020-10-27,Delaware,4,177,1016,28312,0.003937007874015748,1.0,0.006302973197985469
6517,2020-10-28,Delaware,1,178,160,28472,0.00625,1.0,0.004783477785141432
6518,2020-10-29,Delaware,3,181,173,28645,0.017341040462427744,1.0,0.004661579314770625
6519,2020-10-30,Delaware,6,187,142,28787,0.04225352112676056,1.0,0.006923830067967053
6520,2020-10-31,Delaware,5,192,187,28974,0.026737967914438502,1.0,0.008517629293208234
6521,2020-11-01,Delaware,1,193,176,29150,0.005681818181818182,1.0,0.00892347344905239
6522,2020-11-02,Delaware,4,197,139,29289,0.02877697841726619,1.0,0.009355595284051924
6523,2020-11-03,Delaware,8,205,298,29587,0.026845637583892617,2.0,0.010991925977614557
6524,2020-11-04,Delaware,8,213,724,30311,0.011049723756906077,2.0,0.011334763388822134
6525,2020-11-05,Delaware,9,222,173,30484,0.05202312138728324,2.0,0.01381205488345467
6526,2020-11-06,Delaware,5,227,197,30681,0.025380710659898477,2.0,0.012606854135821662
6527,2020-11-07,Delaware,11,238,160,30841,0.06875,3.0,0.015607713570504627
6528,2020-11-08,Delaware,8,246,189,31030,0.042328042328042326,3.0,0.018225301009520637
6529,2020-11-09,Delaware,9,255,394,31424,0.02284263959390863,4.0,0.017801419664995096
6530,2020-11-10,Delaware,7,262,1305,32729,0.0053639846743295016,4.0,0.01626701588574059
6531,2020-11-11,Delaware,4,266,195,32924,0.020512820512820513,3.0,0.016942951368305904
6532,2020-11-12,Delaware,5,271,130,33054,0.038461538461538464,3.0,0.01597426687360985
6533,2020-11-13,Delaware,5,276,139,33193,0.03597122302158273,3.0,0.016730732042301584
6534,2020-11-14,Delaware,1,277,136,33329,0.007352941176470588,2.0,0.01234522784062091
6535,2020-11-15,Delaware,3,280,118,33447,0.025423728813559324,2.0,0.011137776875300697
6536,2020-11-16,Delaware,1,281,166,33613,0.006024096385542169,1.0,0.009936452360417378
6537,2020-11-17,Delaware,8,289,338,33951,0.023668639053254437,1.0,0.011243927673197733
6538,2020-11-18,Delaware,2,291,418,34369,0.004784688995215311,1.0,0.0101204897076545
6539,2020-11-19,Delaware,6,297,102,34471,0.058823529411764705,1.0,0.011574917632670661
6540,2020-11-20,Delaware,3,300,238,34709,0.012605042016806723,1.0,0.00990590470375809
6541,2020-11-21,Delaware,9,309,154,34863,0.05844155844155844,2.0,0.013555091651264364
6542,2020-11-22,Delaware,5,314,384,35247,0.013020833333333334,2.0,0.012669170545533936
6543,2020-11-23,Delaware,5,319,218,35465,0.022935779816513763,2.0,0.01387714793346048
6544,2020-11-24,Delaware,7,326,297,35762,0.02356902356902357,2.0,0.013870032541729704
6545,2020-11-25,Delaware,10,336,240,36002,0.041666666666666664,3.0,0.016504459518261943
6546,2020-11-26,Delaware,6,342,173,36175,0.03468208092485549,3.0,0.014780070340625572
6547,2020-11-27,Delaware,4,346,204,36379,0.0196078431372549,3.0,0.015280270420657582
6548,2020-11-28,Delaware,13,359,353,36732,0.036827195467422094,3.0,0.013736387351076417
6549,2020-11-29,Delaware,4,363,297,37029,0.013468013468013467,3.0,0.013768328789267854
6550,2020-11-30,Delaware,12,375,343,37372,0.03498542274052478,4.0,0.014629017569554354
6551,2020-12-01,Delaware,10,385,199,37571,0.05025125628140704,4.0,0.016534891334724598
6552,2020-12-02,Delaware,8,393,233,37804,0.034334763948497854,4.0,0.016011183997712543
6553,2020-12-03,Delaware,8,401,198,38002,0.04040404040404041,4.0,0.016419895389082895
6554,2020-12-04,Delaware,19,420,428,38430,0.04439252336448598,5.0,0.01819022969102797
6555,2020-12-05,Delaware,12,432,333,38763,0.036036036036036036,5.0,0.018133718303071828
6556,2020-12-06,Delaware,14,446,329,39092,0.0425531914893617,5.0,0.020211231018882416
6557,2020-12-07,Delaware,8,454,97,39189,0.08247422680412371,5.0,0.023603288451996624
6558,2020-12-08,Delaware,16,470,301,39490,0.053156146179401995,6.0,0.023810780587567693
6559,2020-12-09,Delaware,7,477,249,39739,0.028112449799196786,6.0,0.02336632957690333
6560,2020-12-10,Delaware,11,488,215,39954,0.05116279069767442,6.0,0.02413481174073433
6561,2020-12-11,Delaware,12,500,377,40331,0.03183023872679045,5.0,0.02323750569518465
6562,2020-12-12,Delaware,12,512,285,40616,0.042105263157894736,5.0,0.023671021918174554
6563,2020-12-13,Delaware,8,520,347,40963,0.023054755043227664,5.0,0.02227827645773641
6564,2020-12-14,Delaware,5,525,105,41068,0.047619047619047616,5.0,0.019788620801659548
6565,2020-12-15,Delaware,9,534,186,41254,0.04838709677419355,4.0,0.01944797441557323
6566,2020-12-16,Delaware,4,538,152,41406,0.02631578947368421,4.0,0.019319641535179476
6567,2020-12-17,Delaware,9,547,190,41596,0.04736842105263158,4.0,0.01904861513196213
6568,2020-12-18,Delaware,19,566,228,41824,0.08333333333333333,4.0,0.022727407603858052
6569,2020-12-19,Delaware,15,581,285,42109,0.05263157894736842,4.0,0.02347928730310617
6570,2020-12-20,Delaware,9,590,189,42298,0.047619047619047616,5.0,0.02523387962995045
6571,2020-12-21,Delaware,6,596,114,42412,0.05263157894736842,5.0,0.025591917581973368
6572,2020-12-22,Delaware,9,605,331,42743,0.027190332326283987,5.0,0.024077862978551252
6573,2020-12-23,Delaware,4,609,294,43037,0.013605442176870748,5.0,0.023169981028778864
6574,2020-12-24,Delaware,14,623,285,43322,0.04912280701754386,5.0,0.023295294311986882
6575,2020-12-25,Delaware,13,636,248,43570,0.05241935483870968,5.0,0.021087152990942337
6576,2020-12-26,Delaware,13,649,166,43736,0.0783132530120482,4.0,0.02292155828127661
6577,2020-12-27,Delaware,6,655,119,43855,0.05042016806722689,4.0,0.023121638313289415
6578,2020-12-28,Delaware,20,675,255,44110,0.0784313725490196,5.0,0.02496448071340735
6579,2020-12-29,Delaware,16,691,315,44425,0.050793650793650794,6.0,0.026650432032504983
6580,2020-12-30,Delaware,16,707,246,44671,0.06504065040650407,7.0,0.030324375477478793
6581,2020-12-31,Delaware,19,726,318,44989,0.059748427672955975,7.0,0.031083348381436803
6582,2021-01-01,Delaware,10,736,278,45267,0.03597122302158273,7.0,0.02990848182307059
6583,2021-01-02,Delaware,14,750,254,45521,0.05511811023622047,7.0,0.028251685910511467
6584,2021-01-03,Delaware,10,760,188,45709,0.05319148936170213,7.0,0.028449637431545414
6585,2021-01-04,Delaware,11,771,133,45842,0.08270676691729323,6.0,0.028755022743564954
6586,2021-01-05,Delaware,12,783,251,46093,0.04780876494023904,6.0,0.028541816611178404
6587,2021-01-06,Delaware,27,810,344,46437,0.07848837209302326,7.0,0.029502368160215488
6588,2021-01-07,Delaware,28,838,305,46742,0.09180327868852459,8.0,0.03179200037561325
6589,2021-01-08,Delaware,22,860,274,47016,0.08029197080291971,8.0,0.03495776807428018
6590,2021-01-09,Delaware,29,889,408,47424,0.07107843137254902,9.0,0.03609779101258936
6591,2021-01-10,Delaware,12,901,184,47608,0.06521739130434782,10.0,0.03695678400849262
6592,2021-01-11,Delaware,25,926,279,47887,0.08960573476702509,11.0,0.037449567426330606
6593,2021-01-12,Delaware,11,937,274,48161,0.040145985401459854,11.0,0.036902226030703526
6594,2021-01-13,Delaware,14,951,213,48374,0.06572769953051644,10.0,0.0359907494190959
6595,2021-01-14,Delaware,14,965,432,48806,0.032407407407407406,9.0,0.03174818718473038
6596,2021-01-15,Delaware,18,983,373,49179,0.04825737265415549,8.0,0.029460001602675794
6597,2021-01-16,Delaware,7,990,419,49598,0.016706443914081145,7.0,0.025576288212785233
6598,2021-01-17,Delaware,10,1000,224,49822,0.044642857142857144,7.0,0.02410667862982161
6599,2021-01-18,Delaware,9,1009,137,49959,0.06569343065693431,5.0,0.02239865690767227
6600,2021-01-19,Delaware,20,1029,396,50355,0.050505050505050504,6.0,0.023138590129357317
6601,2021-01-20,Delaware,15,1044,355,50710,0.04225352112676056,6.0,0.02146186310051761
6602,2021-01-21,Delaware,23,1067,424,51134,0.054245283018867926,7.0,0.023021711358479077
6603,2021-01-22,Delaware,33,1100,421,51555,0.07838479809976247,8.0,0.025173670318879574
6604,2021-01-23,Delaware,19,1119,409,51964,0.04645476772616137,9.0,0.027298550591171023
6605,2021-01-24,Delaware,15,1134,266,52230,0.05639097744360902,9.0,0.028137702041224726
6606,2021-01-25,Delaware,25,1159,148,52378,0.16891891891891891,10.0,0.03551095120279506
6607,2021-01-26,Delaware,8,1167,298,52676,0.026845637583892617,9.0,0.03382099313699806
6608,2021-01-27,Delaware,12,1179,251,52927,0.04780876494023904,9.0,0.03421779626653224
6609,2021-01-28,Delaware,18,1197,325,53252,0.055384615384615386,9.0,0.03429917714979991
6610,2021-01-29,Delaware,8,1205,464,53716,0.017241379310344827,7.0,0.029931790093412937
6611,2021-01-30,Delaware,12,1217,260,53976,0.046153846153846156,7.0,0.029910295695390426
6612,2021-01-31,Delaware,9,1226,241,54217,0.03734439834024896,6.0,0.028549825759436136
6613,2021-02-01,Delaware,7,1233,203,54420,0.034482758620689655,5.0,0.018947242880991193
6614,2021-02-02,Delaware,1,1234,120,54540,0.008333333333333333,4.0,0.01762493543452267
6615,2021-02-03,Delaware,7,1241,323,54863,0.021671826625386997,4.0,0.015758011269176093
6616,2021-02-04,Delaware,12,1253,309,55172,0.038834951456310676,4.0,0.01457589241715433
6617,2021-02-05,Delaware,8,1261,353,55525,0.0226628895184136,4.0,0.014963143146302099
6618,2021-02-06,Delaware,16,1277,319,55844,0.050156739811912224,4.0,0.015249064121878247
6619,2021-02-07,Delaware,8,1285,198,56042,0.04040404040404041,4.0,0.015467609983577633
6620,2021-02-08,Delaware,5,1290,87,56129,0.05747126436781609,4.0,0.01710964610837238
6621,2021-02-09,Delaware,11,1301,1523,57652,0.007222586999343401,4.0,0.017030307084515958
6622,2021-02-10,Delaware,20,1321,359,58011,0.055710306406685235,5.0,0.019461627068894403
6623,2021-02-11,Delaware,19,1340,372,58383,0.051075268817204304,6.0,0.02033593545181538
6624,2021-02-12,Delaware,12,1352,237,58620,0.05063291139240506,6.0,0.02233379415710048
6625,2021-02-13,Delaware,13,1365,463,59083,0.028077753779697623,6.0,0.020756723726228006
6626,2021-02-14,Delaware,6,1371,190,59273,0.031578947368421054,6.0,0.020126359937969483
6627,2021-02-15,Delaware,14,1385,125,59398,0.112,6.0,0.024021269625982618
6628,2021-02-16,Delaware,7,1392,851,60249,0.008225616921269096,6.0,0.024092914620405883
6629,2021-02-17,Delaware,19,1411,398,60647,0.04773869346733668,6.0,0.0235235136961667
6630,2021-02-18,Delaware,20,1431,337,60984,0.05934718100890208,6.0,0.024114364567002257
6631,2021-02-19,Delaware,7,1438,359,61343,0.019498607242339833,6.0,0.021890485699140455
6632,2021-02-20,Delaware,10,1448,248,61591,0.04032258064516129,5.0,0.022765116189530716
6633,2021-02-21,Delaware,10,1458,312,61903,0.03205128205128205,6.0,0.022798854381163643
6634,2021-02-22,Delaware,5,1463,88,61991,0.056818181818181816,5.0,0.018857295939605202
6635,2021-02-23,Delaware,6,1469,965,62956,0.0062176165803108805,5.0,0.018713867343822473
6636,2021-02-24,Delaware,9,1478,938,63894,0.009594882729211088,4.0,0.01598930943395636
6637,2021-02-25,Delaware,8,1486,787,64681,0.010165184243964422,3.0,0.012476309665032242
6638,2021-02-26,Delaware,12,1498,321,65002,0.037383177570093455,4.0,0.013753778974157499
6639,2021-02-27,Delaware,10,1508,405,65407,0.024691358024691357,4.0,0.012637263072695361
6640,2021-02-28,Delaware,11,1519,170,65577,0.06470588235294118,4.0,0.014969734522813872
6641,2021-03-01,Delaware,5,1524,124,65701,0.04032258064516129,4.0,0.013791477296169549
6642,2021-03-02,Delaware,11,1535,1042,66743,0.01055662188099808,4.0,0.014101406246218634
6643,2021-03-03,Delaware,8,1543,822,67565,0.009732360097323601,4.0,0.014111226058226673
6644,2021-03-04,Delaware,17,1560,296,67861,0.057432432432432436,5.0,0.01748745807168867
6645,2021-03-05,Delaware,13,1573,310,68171,0.041935483870967745,5.0,0.017812622807465407
6646,2021-03-06,Delaware,17,1590,397,68568,0.042821158690176324,5.0,0.01910760856928576
6647,2021-03-07,Delaware,15,1605,217,68785,0.06912442396313365,6.0,0.019423218684299505
6648,2021-03-08,Delaware,10,1615,120,68905,0.08333333333333333,6.0,0.022495415304883228
6649,2021-03-09,Delaware,11,1626,952,69857,0.011554621848739496,6.0,0.022566701016864754
6650,2021-03-10,Delaware,9,1635,809,70666,0.011124845488257108,6.0,0.022666164259074296
6651,2021-03-11,Delaware,27,1662,305,70971,0.08852459016393442,7.0,0.024887032668467292
6652,2021-03-12,Delaware,24,1686,293,71264,0.08191126279863481,8.0,0.02774244544901494
6653,2021-03-13,Delaware,11,1697,393,71657,0.027989821882951654,7.0,0.02668306424849889
6654,2021-03-14,Delaware,10,1707,146,71803,0.0684931506849315,7.0,0.02663797330005588
6655,2021-03-15,Delaware,3,1710,141,71944,0.02127659574468085,6.0,0.022205349186580705
6656,2021-03-16,Delaware,11,1721,1064,73008,0.010338345864661654,6.0,0.022118472330575144
6657,2021-03-17,Delaware,16,1737,912,73920,0.017543859649122806,7.0,0.02257697334206555
6658,2021-03-18,Delaware,15,1752,314,74234,0.04777070063694268,6.0,0.01966598123299471
6659,2021-03-19,Delaware,19,1771,264,74498,0.07196969696969698,6.0,0.018955869388070583
6660,2021-03-20,Delaware,15,1786,394,74892,0.03807106598984772,6.0,0.01967595825284887
6661,2021-03-21,Delaware,12,1798,218,75110,0.05504587155963303,6.0,0.018715438315327546
6662,2021-03-22,Delaware,7,1805,126,75236,0.05555555555555555,6.0,0.021163935444675742
6663,2021-03-23,Delaware,12,1817,1032,76268,0.011627906976744186,6.0,0.021256046952681636
6664,2021-03-24,Delaware,17,1834,841,77109,0.020214030915576695,6.0,0.02144677347171406
6665,2021-03-25,Delaware,12,1846,736,77845,0.016304347826086956,6.0,0.019199176842367223
6666,2021-03-26,Delaware,17,1863,417,78262,0.0407673860911271,6.0,0.016970440351040804
6667,2021-03-27,Delaware,16,1879,332,78594,0.04819277108433735,6.0,0.017693419286361492
6668,2021-03-28,Delaware,8,1887,152,78746,0.05263157894736842,6.0,0.017520969814056875
6669,2021-03-29,Delaware,7,1894,178,78924,0.03932584269662921,6.0,0.01636170460984785
6670,2021-03-30,Delaware,19,1913,1019,79943,0.018645731108930325,6.0,0.01686297776214686
6671,2021-03-31,Delaware,39,1952,431,80374,0.09048723897911833,8.0,0.02188249262382841
6672,2021-04-01,Delaware,28,1980,717,81091,0.03905160390516039,9.0,0.02350729662947651
6673,2021-04-02,Delaware,21,2001,453,81544,0.046357615894039736,9.0,0.023906598758255983
6674,2021-04-03,Delaware,12,2013,290,81834,0.041379310344827586,9.0,0.023419922991148145
6675,2021-04-04,Delaware,8,2021,242,82076,0.03305785123966942,9.0,0.022021799583455355
6676,2021-04-05,Delaware,7,2028,137,82213,0.051094890510948905,9.0,0.02286244585590676
6677,2021-04-06,Delaware,12,2040,962,83175,0.012474012474012475,9.0,0.022421608810555486
6678,2021-04-07,Delaware,8,2048,898,84073,0.008908685968819599,6.0,0.016594569309819864
6679,2021-04-08,Delaware,21,2069,875,84948,0.024,6.0,0.015519454745165553
6680,2021-04-09,Delaware,14,2083,419,85367,0.03341288782816229,5.0,0.01459483131188859
6681,2021-04-10,Delaware,12,2095,319,85686,0.03761755485893417,5.0,0.014326134491467633
6682,2021-04-11,Delaware,8,2103,170,85856,0.047058823529411764,5.0,0.015326203940734943
6683,2021-04-12,Delaware,9,2112,201,86057,0.04477611940298507,6.0,0.014874863147308955
6684,2021-04-13,Delaware,7,2119,1009,87066,0.006937561942517344,5.0,0.014479402395059304
6685,2021-04-14,Delaware,18,2137,1025,88091,0.0175609756097561,6.0,0.015097423083697622
6686,2021-04-15,Delaware,5,2142,635,88726,0.007874015748031496,5.0,0.013945567065699873
6687,2021-04-16,Delaware,14,2156,400,89126,0.035,5.0,0.01405893222083114
6688,2021-04-17,Delaware,14,2170,465,89591,0.030107526881720432,5.0,0.013522501651030156
6689,2021-04-18,Delaware,10,2180,146,89737,0.0684931506849315,5.0,0.01505352501928157
6690,2021-04-19,Delaware,3,2183,113,89850,0.02654867256637168,5.0,0.01375156453095204
6691,2021-04-20,Delaware,12,2195,1092,90942,0.01098901098901099,5.0,0.014040953748558729
6692,2021-04-21,Delaware,6,2201,976,91918,0.006147540983606557,4.0,0.013225708418119477
6693,2021-04-22,Delaware,12,2213,705,92623,0.01702127659574468,5.0,0.013879084192956134
6694,2021-04-23,Delaware,15,2228,508,93131,0.02952755905511811,5.0,0.013488195554035997
6695,2021-04-24,Delaware,6,2234,226,93357,0.02654867256637168,4.0,0.013233991674368228
6696,2021-04-25,Delaware,3,2237,193,93550,0.015544041450777202,4.0,0.009451912443357207
6697,2021-04-26,Delaware,1,2238,85,93635,0.011764705882352941,3.0,0.008395914823070155
6698,2021-04-27,Delaware,5,2243,230,93865,0.021739130434782608,3.0,0.009163780497768127
6699,2021-04-28,Delaware,6,2249,451,94316,0.013303769401330377,3.0,0.009674939670462688
6700,2021-04-29,Delaware,9,2258,679,94995,0.013254786450662739,3.0,0.00940590466009969
6701,2021-04-30,Delaware,8,2266,354,95349,0.022598870056497175,2.0,0.008910998303055338
6702,2021-05-01,Delaware,5,2271,285,95634,0.017543859649122806,2.0,0.008267797380394704
6703,2021-05-02,Delaware,1,2272,175,95809,0.005714285714285714,2.0,0.007565671970645311
6704,2021-05-03,Delaware,4,2276,90,95899,0.044444444444444446,2.0,0.009899939010794704
6705,2021-05-04,Delaware,3,2279,178,96077,0.016853932584269662,2.0,0.009550996307186638
6706,2021-05-05,Delaware,8,2287,315,96392,0.025396825396825397,2.0,0.010414786021150566
6707,2021-05-06,Delaware,3,2290,682,97074,0.004398826979472141,2.0,0.009782217487494096
6708,2021-05-07,Delaware,3,2293,324,97398,0.009259259259259259,1.0,0.008829388144834244
6709,2021-05-08,Delaware,4,2297,279,97677,0.014336917562724014,1.0,0.008600320852948616
6710,2021-05-09,Delaware,1,2298,136,97813,0.007352941176470588,1.0,0.008717367671676107
6711,2021-05-10,Delaware,3,2301,134,97947,0.022388059701492536,1.0,0.007141911618608114
6712,2021-05-11,Delaware,6,2307,200,98147,0.03,2.0,0.008080916434017423
6713,2021-05-12,Delaware,4,2311,361,98508,0.0110803324099723,1.0,0.007058309792099345
6714,2021-05-13,Delaware,6,2317,600,99108,0.01,1.0,0.007458393579279907
6715,2021-05-14,Delaware,3,2320,278,99386,0.01079136690647482,1.0,0.0075678298397953035
6716,2021-05-15,Delaware,0,2320,181,99567,0.0,1.0,0.006543764299600732
6717,2021-05-16,Delaware,1,2321,79,99646,0.012658227848101266,1.0,0.006922713347574351
6718,2021-05-17,Delaware,3,2324,126,99772,0.023809523809523808,1.0,0.007024246498148014
6719,2021-05-18,Delaware,8,2332,238,100010,0.03361344537815126,1.0,0.007282349739444533
6720,2021-05-19,Delaware,2,2334,527,100537,0.003795066413662239,1.0,0.006761973596850956
6721,2021-05-20,Delaware,3,2337,199,100736,0.01507537688442211,1.0,0.007124500517166821
6722,2021-05-21,Delaware,7,2344,345,101081,0.020289855072463767,1.0,0.007802963957594603
6723,2021-05-22,Delaware,1,2345,139,101220,0.007194244604316547,1.0,0.008316838572188642
6724,2021-05-23,Delaware,3,2348,102,101322,0.029411764705882353,1.0,0.009513519776315862
6725,2021-05-24,Delaware,0,2348,98,101420,0.0,1.0,0.00781283950420702
6726,2021-05-25,Delaware,0,2348,168,101588,0.0,1.0,0.005411879120053358
6727,2021-05-26,Delaware,1,2349,416,102004,0.002403846153846154,1.0,0.005312506244352208
6728,2021-05-27,Delaware,1,2350,251,102255,0.00398406374501992,0.0,0.004520269591537768
6729,2021-05-28,Delaware,2,2352,181,102436,0.011049723756906077,0.0,0.0038602602118550755
6730,2021-05-29,Delaware,2,2354,242,102678,0.008264462809917356,0.0,0.00393670436939799
6731,2021-05-30,Delaware,2,2356,110,102788,0.01818181818181818,0.0,0.003134565331964835
6732,2021-05-31,Delaware,1,2357,84,102872,0.011904761904761904,0.0,0.0039849054680192566
6733,2021-06-01,Delaware,0,2357,81,102953,0.0,0.0,0.0039849054680192566
6734,2021-06-02,Delaware,0,2357,136,103089,0.0,0.0,0.00381320217131596
6735,2021-06-03,Delaware,4,2361,379,103468,0.010554089709762533,0.0,0.0042824897402261464
6736,2021-06-04,Delaware,5,2366,358,103826,0.013966480446927373,1.0,0.004490829503799095
6737,2021-06-05,Delaware,6,2372,116,103942,0.05172413793103448,1.0,0.007595092012450321
6738,2021-06-06,Delaware,2,2374,72,104014,0.027777777777777776,1.0,0.008280517697876005
6739,2021-06-07,Delaware,0,2374,121,104135,0.0,1.0,0.007430177561821584
6740,2021-06-08,Delaware,2,2376,148,104283,0.013513513513513514,1.0,0.008395428527072549
6741,2021-06-09,Delaware,0,2376,266,104549,0.0,1.0,0.008395428527072549
6742,2021-06-10,Delaware,1,2377,278,104827,0.0035971223021582736,1.0,0.007898502283672244
6743,2021-06-11,Delaware,2,2379,206,105033,0.009708737864077669,0.0,0.0075943778134686946
6744,2021-06-12,Delaware,0,2379,125,105158,0.0,0.0,0.003899796532680517
6745,2021-06-13,Delaware,0,2379,61,105219,0.0,0.0,0.0019156695485535327
6746,2021-06-14,Delaware,2,2381,64,105283,0.03125,0.0,0.0041478124056963895
6747,2021-06-15,Delaware,2,2383,116,105399,0.017241379310344827,0.0,0.004414088534041484
6748,2021-06-16,Delaware,2,2385,255,105654,0.00784313725490196,0.0,0.004974312623677339
6749,2021-06-17,Delaware,0,2385,104,105758,0.0,0.0,0.004717375316380319
6750,2021-06-18,Delaware,0,2385,146,105904,0.0,0.0,0.0040238940403747704
6751,2021-06-19,Delaware,0,2385,80,105984,0.0,0.0,0.0040238940403747704
6752,2021-06-20,Delaware,1,2386,65,106049,0.015384615384615385,0.0,0.00512279513927587
6753,2021-06-21,Delaware,0,2386,76,106125,0.0,0.0,0.0028906522821330123
6754,2021-06-22,Delaware,2,2388,90,106215,0.022222222222222223,0.0,0.0032464267758385407
6755,2021-06-23,Delaware,1,2389,231,106446,0.004329004329004329,0.0,0.0029954172811315666
6756,2021-06-24,Delaware,0,2389,96,106542,0.0,0.0,0.0029954172811315666
6757,2021-06-25,Delaware,2,2391,125,106667,0.016,0.0,0.0041382744239887095
6758,2021-06-26,Delaware,1,2392,125,106792,0.008,0.0,0.004709702995417281
6759,2021-06-27,Delaware,1,2393,54,106846,0.018518518518518517,0.0,0.0049335532192675054
6760,2021-06-28,Delaware,1,2394,60,106906,0.016666666666666666,0.0,0.006124029409743695
6761,2021-06-29,Delaware,1,2395,116,107022,0.008620689655172414,0.0,0.005152491369240139
6762,2021-06-30,Delaware,0,2395,149,107171,0.0,0.0,0.004843276774311257
6763,2021-07-01,Delaware,0,2395,90,107261,0.0,0.0,0.004843276774311257
6764,2021-07-02,Delaware,0,2395,84,107345,0.0,0.0,0.003700419631454114
6765,2021-07-03,Delaware,0,2395,75,107420,0.0,0.0,0.0031289910600255425
6766,2021-07-04,Delaware,0,2395,94,107514,0.0,0.0,0.00180623973727422
6767,2021-07-05,Delaware,0,2395,20,107534,0.0,0.0,0.0006157635467980296
6768,2021-07-06,Delaware,0,2395,46,107580,0.0,0.0,0.0
6769,2021-07-07,Delaware,0,2395,109,107689,0.0,0.0,0.0
6770,2021-07-08,Delaware,2,2397,177,107866,0.011299435028248588,0.0,0.0008071025020177562
6771,2021-07-09,Delaware,0,2397,103,107969,0.0,0.0,0.0008071025020177562
6772,2021-07-10,Delaware,0,2397,82,108051,0.0,0.0,0.0008071025020177562
6773,2021-07-11,Delaware,1,2398,109,108160,0.009174311926605505,0.0,0.0014624104967752923
6774,2021-07-12,Delaware,0,2398,47,108207,0.0,0.0,0.0014624104967752923
6775,2021-07-13,Delaware,2,2400,105,108312,0.01904761904761905,0.0,0.0028229547144623672
6776,2021-07-14,Delaware,0,2400,163,108475,0.0,0.0,0.0028229547144623672
6777,2021-07-15,Delaware,1,2401,69,108544,0.014492753623188406,0.0,0.0030510488998152117
6778,2021-07-16,Delaware,0,2401,75,108619,0.0,0.0,0.0030510488998152117
6779,2021-07-17,Delaware,0,2401,72,108691,0.0,0.0,0.0030510488998152117
6780,2021-07-18,Delaware,3,2404,35,108726,0.08571428571428572,0.0,0.008518189884649512
6781,2021-07-19,Delaware,0,2404,131,108857,0.0,0.0,0.008518189884649512
6782,2021-07-20,Delaware,3,2407,79,108936,0.0379746835443038,0.0,0.009870123062984138
6783,2021-07-21,Delaware,2,2409,182,109118,0.01098901098901099,0.0,0.010655052419342064
6784,2021-07-22,Delaware,1,2410,73,109191,0.0136986301369863,0.0,0.010598329313184772
6785,2021-07-23,Delaware,2,2412,97,109288,0.020618556701030927,0.0,0.01207108336325841
6786,2021-07-24,Delaware,0,2412,76,109364,0.0,0.0,0.01207108336325841
6787,2021-07-25,Delaware,0,2412,28,109392,0.0,0.0,0.005948634383666573
6788,2021-07-26,Delaware,3,2415,110,109502,0.02727272727272727,0.0,0.007896686331718519
6789,2021-07-27,Delaware,4,2419,189,109691,0.021164021164021163,0.0,0.006695924733126904
6790,2021-07-28,Delaware,6,2425,155,109846,0.03870967741935484,1.0,0.00867597233529432
6791,2021-07-29,Delaware,6,2431,122,109968,0.04918032786885246,1.0,0.011210379316141906
6792,2021-07-30,Delaware,1,2432,87,110055,0.011494252873563218,1.0,0.01055864332846564
6793,2021-07-31,Delaware,2,2434,199,110254,0.010050251256281407,1.0,0.011276518418200028
6794,2021-08-01,Delaware,1,2435,101,110355,0.009900990099009901,1.0,0.011983731996700733
6795,2021-08-02,Delaware,8,2443,100,110455,0.08,2.0,0.015749965762934498
6796,2021-08-03,Delaware,5,2448,128,110583,0.0390625,2.0,0.017028428536932986
6797,2021-08-04,Delaware,2,2450,213,110796,0.009389671361502348,1.0,0.014934142389943521
6798,2021-08-05,Delaware,3,2453,146,110942,0.02054794520547945,1.0,0.012888972199702595
6799,2020-03-01,Dutchess,0,0,0,0,,,
6800,2020-03-02,Dutchess,0,0,0,0,,,
6801,2020-03-03,Dutchess,0,0,0,0,,,
6802,2020-03-04,Dutchess,0,0,0,0,,,
6803,2020-03-05,Dutchess,0,0,0,0,,,
6804,2020-03-06,Dutchess,0,0,0,0,,,
6805,2020-03-07,Dutchess,0,0,0,0,,0.0,
6806,2020-03-08,Dutchess,0,0,0,0,,0.0,
6807,2020-03-09,Dutchess,0,0,0,0,,0.0,
6808,2020-03-10,Dutchess,0,0,2,2,0.0,0.0,
6809,2020-03-11,Dutchess,1,1,5,7,0.2,0.0,
6810,2020-03-12,Dutchess,0,1,3,10,0.0,0.0,
6811,2020-03-13,Dutchess,2,3,10,20,0.2,0.0,
6812,2020-03-14,Dutchess,4,7,17,37,0.23529411764705882,0.0,
6813,2020-03-15,Dutchess,3,10,20,57,0.15,0.0,
6814,2020-03-16,Dutchess,6,16,32,89,0.1875,1.0,0.06948529411764705
6815,2020-03-17,Dutchess,4,20,23,112,0.17391304347826086,1.0,0.08190765436609426
6816,2020-03-18,Dutchess,11,31,107,219,0.102803738317757,2.0,0.07496506424593405
6817,2020-03-19,Dutchess,5,36,59,278,0.0847457627118644,2.0,0.08101833301106721
6818,2020-03-20,Dutchess,13,49,205,483,0.06341463414634146,3.0,0.07126223545009161
6819,2020-03-21,Dutchess,33,82,205,688,0.16097560975609757,5.0,0.06595377060073723
6820,2020-03-22,Dutchess,18,100,135,823,0.13333333333333333,6.0,0.06476329441026105
6821,2020-03-23,Dutchess,24,124,111,934,0.21621621621621623,7.0,0.06681445271141935
6822,2020-03-24,Dutchess,29,153,146,1080,0.19863013698630136,9.0,0.0685799593905651
6823,2020-03-25,Dutchess,37,190,209,1289,0.17703349282296652,11.0,0.07388208471236578
6824,2020-03-26,Dutchess,35,225,155,1444,0.22580645161290322,13.0,0.08395784820529713
6825,2020-03-27,Dutchess,37,262,200,1644,0.185,15.0,0.09264251719484416
6826,2020-03-28,Dutchess,58,320,195,1839,0.29743589743589743,17.0,0.10238968060054414
6827,2020-03-29,Dutchess,72,392,227,2066,0.31718061674008813,20.0,0.11552162941531234
6828,2020-03-30,Dutchess,92,484,300,2366,0.30666666666666664,25.0,0.1219823758760588
6829,2020-03-31,Dutchess,63,547,196,2562,0.32142857142857145,28.0,0.13075369262193523
6830,2020-04-01,Dutchess,120,667,330,2892,0.36363636363636365,34.0,0.14408246910860648
6831,2020-04-02,Dutchess,142,809,415,3307,0.3421686746987952,41.0,0.15239405647188445
6832,2020-04-03,Dutchess,129,938,447,3754,0.28859060402684567,48.0,0.15979338533094486
6833,2020-04-04,Dutchess,139,1077,352,4106,0.39488636363636365,54.0,0.16675413291669244
6834,2020-04-05,Dutchess,112,1189,338,4444,0.33136094674556216,56.0,0.16776701363136917
6835,2020-04-06,Dutchess,60,1249,335,4779,0.1791044776119403,54.0,0.15865542869888874
6836,2020-04-07,Dutchess,146,1395,462,5241,0.31601731601731603,60.0,0.1582689104552276
6837,2020-04-08,Dutchess,98,1493,512,5753,0.19140625,59.0,0.1459667594812016
6838,2020-04-09,Dutchess,105,1598,509,6262,0.206286836935167,56.0,0.13626091392665676
6839,2020-04-10,Dutchess,146,1744,584,6846,0.25,57.0,0.13350444221045352
6840,2020-04-11,Dutchess,94,1838,431,7277,0.21809744779582366,54.0,0.12087666250755781
6841,2020-04-12,Dutchess,43,1881,499,7776,0.08617234468937876,49.0,0.10336319093211613
6842,2020-04-13,Dutchess,53,1934,566,8342,0.09363957597173145,48.0,0.09725855510067265
6843,2020-04-14,Dutchess,114,2048,487,8829,0.23408624229979466,46.0,0.09140633554942111
6844,2020-04-15,Dutchess,37,2085,314,9143,0.1178343949044586,42.0,0.08615120304259671
6845,2020-04-16,Dutchess,57,2142,300,9443,0.19,38.0,0.08498785754722767
6846,2020-04-17,Dutchess,59,2201,381,9824,0.15485564304461943,32.0,0.07819183205041476
6847,2020-04-18,Dutchess,39,2240,196,10020,0.1989795918367347,28.0,0.07682627091047985
6848,2020-04-19,Dutchess,44,2284,357,10377,0.12324929971988796,28.0,0.07947462484123048
6849,2020-04-20,Dutchess,47,2331,209,10586,0.22488038277511962,28.0,0.08884896818432965
6850,2020-04-21,Dutchess,60,2391,313,10899,0.19169329073482427,24.0,0.0858209002154032
6851,2020-04-22,Dutchess,69,2460,366,11265,0.1885245901639344,26.0,0.09087019987679432
6852,2020-04-23,Dutchess,57,2517,374,11639,0.15240641711229946,26.0,0.0881849439562443
6853,2020-04-24,Dutchess,143,2660,913,12552,0.1566265060240964,32.0,0.08831143416906406
6854,2020-04-25,Dutchess,69,2729,485,13037,0.1422680412371134,34.0,0.08426060912623397
6855,2020-04-26,Dutchess,64,2793,389,13426,0.16452442159383032,36.0,0.08720883211722985
6856,2020-04-27,Dutchess,24,2817,223,13649,0.10762331838565023,34.0,0.07883332751798203
6857,2020-04-28,Dutchess,64,2881,566,14215,0.11307420494699646,35.0,0.0732176785331372
6858,2020-04-29,Dutchess,73,2954,427,14642,0.17096018735362997,35.0,0.07196307833240115
6859,2020-04-30,Dutchess,48,3002,443,15085,0.10835214446952596,34.0,0.06881634457220305
6860,2020-05-01,Dutchess,47,3049,473,15558,0.09936575052854123,27.0,0.06472629060823483
6861,2020-05-02,Dutchess,37,3086,434,15992,0.08525345622119816,25.0,0.06065382024995516
6862,2020-05-03,Dutchess,45,3131,370,16362,0.12162162162162163,24.0,0.057589334537654545
6863,2020-05-04,Dutchess,20,3151,307,16669,0.06514657980456026,23.0,0.05455528178186241
6864,2020-05-05,Dutchess,41,3192,370,17039,0.11081081081081082,22.0,0.05439361077213486
6865,2020-05-06,Dutchess,41,3233,438,17477,0.09360730593607305,19.0,0.04886840495659507
6866,2020-05-07,Dutchess,44,3277,482,17959,0.0912863070539419,19.0,0.04764941656976764
6867,2020-05-08,Dutchess,42,3319,534,18493,0.07865168539325842,19.0,0.04616984048867601
6868,2020-05-09,Dutchess,40,3359,471,18964,0.08492569002123142,19.0,0.046146428617249824
6869,2020-05-10,Dutchess,19,3378,348,19312,0.05459770114942529,17.0,0.04135900572637865
6870,2020-05-11,Dutchess,21,3399,216,19528,0.09722222222222222,17.0,0.043650123041925934
6871,2020-05-12,Dutchess,30,3429,387,19915,0.07751937984496124,16.0,0.0412721636872224
6872,2020-05-13,Dutchess,45,3474,459,20374,0.09803921568627451,17.0,0.04158872866937964
6873,2020-05-14,Dutchess,24,3498,394,20768,0.06091370558375635,15.0,0.039419257135794965
6874,2020-05-15,Dutchess,29,3527,627,21395,0.046251993620414676,14.0,0.03710499343773469
6875,2020-05-16,Dutchess,16,3543,491,21886,0.032586558044806514,13.0,0.0333664840108472
6876,2020-05-17,Dutchess,9,3552,337,22223,0.026706231454005934,12.0,0.0313742361754601
6877,2020-05-18,Dutchess,158,3710,972,23195,0.16255144032921812,22.0,0.03604060889738838
6878,2020-05-19,Dutchess,14,3724,536,23731,0.026119402985074626,21.0,0.03236918197882505
6879,2020-05-20,Dutchess,21,3745,573,24304,0.03664921465968586,19.0,0.027984181905497292
6880,2020-05-21,Dutchess,22,3767,556,24860,0.039568345323741004,19.0,0.026459513315496192
6881,2020-05-22,Dutchess,26,3793,549,25409,0.04735883424408015,19.0,0.026538573360043727
6882,2020-05-23,Dutchess,14,3807,874,26283,0.016018306636155607,18.0,0.025355126830854374
6883,2020-05-24,Dutchess,18,3825,650,26933,0.027692307692307693,19.0,0.025425560847875932
6884,2020-05-25,Dutchess,9,3834,301,27234,0.029900332225913623,8.0,0.015950481697639896
6885,2020-05-26,Dutchess,13,3847,423,27657,0.030732860520094562,8.0,0.016280014378712755
6886,2020-05-27,Dutchess,20,3867,911,28568,0.021953896816684963,8.0,0.015230348818498399
6887,2020-05-28,Dutchess,20,3887,1257,29825,0.015910898965791568,8.0,0.013540531221502014
6888,2020-05-29,Dutchess,12,3899,1265,31090,0.009486166007905139,7.0,0.010835340633203797
6889,2020-05-30,Dutchess,10,3909,765,31855,0.013071895424836602,7.0,0.010624882689538153
6890,2020-05-31,Dutchess,15,3924,1034,32889,0.014506769825918761,7.0,0.00968305855622466
6891,2020-06-01,Dutchess,12,3936,936,33825,0.01282051282051282,7.0,0.008463071455838888
6892,2020-06-02,Dutchess,15,3951,1003,34828,0.014955134596211365,7.0,0.007336091032704372
6893,2020-06-03,Dutchess,11,3962,771,35599,0.014267185473411154,6.0,0.006787040222470529
6894,2020-06-04,Dutchess,22,3984,1166,36765,0.018867924528301886,6.0,0.0069982563340784095
6895,2020-06-05,Dutchess,11,3995,1072,37837,0.010261194029850746,6.0,0.007053615478503096
6896,2020-06-06,Dutchess,5,4000,793,38630,0.006305170239596469,6.0,0.006570277965271656
6897,2020-06-07,Dutchess,6,4006,906,39536,0.006622516556291391,5.0,0.00600711701744113
6898,2020-06-08,Dutchess,10,4016,717,40253,0.01394700139470014,5.0,0.00608758048702594
6899,2020-06-09,Dutchess,6,4022,944,41197,0.006355932203389831,5.0,0.005473351744681544
6900,2020-06-10,Dutchess,5,4027,1072,42269,0.0046641791044776115,4.0,0.004787422718329147
6901,2020-06-11,Dutchess,8,4035,1046,43315,0.0076481835564053535,3.0,0.003986012648907967
6902,2020-06-12,Dutchess,14,4049,1186,44501,0.011804384485666104,3.0,0.004096240538609064
6903,2020-06-13,Dutchess,7,4056,766,45267,0.009138381201044387,4.0,0.004298612750141059
6904,2020-06-14,Dutchess,12,4068,1161,46428,0.0103359173126615,4.0,0.0045638556613103514
6905,2020-06-15,Dutchess,7,4075,817,47245,0.008567931456548347,4.0,0.004179636380013796
6906,2020-06-16,Dutchess,2,4077,841,48086,0.0023781212841854932,3.0,0.003895507028642057
6907,2020-06-17,Dutchess,11,4088,1071,49157,0.01027077497665733,4.0,0.0042959781623691795
6908,2020-06-18,Dutchess,22,4110,1206,50363,0.01824212271973466,5.0,0.005052688102606987
6909,2020-06-19,Dutchess,17,4127,978,51341,0.017382413087934562,5.0,0.005451118717054734
6910,2020-06-20,Dutchess,11,4138,1101,52442,0.009990917347865577,5.0,0.0055120141561133896
6911,2020-06-21,Dutchess,7,4145,781,53223,0.008962868117797696,5.0,0.005413939213623119
6912,2020-06-22,Dutchess,5,4150,494,53717,0.010121457489878543,5.0,0.0055249053588609905
6913,2020-06-23,Dutchess,8,4158,595,54312,0.013445378151260505,5.0,0.006315423706509206
6914,2020-06-24,Dutchess,18,4176,1245,55557,0.014457831325301205,6.0,0.006614499159983768
6915,2020-06-25,Dutchess,3,4179,958,56515,0.003131524008350731,4.0,0.005535170680599202
6916,2020-06-26,Dutchess,12,4191,1099,57614,0.01091901728844404,4.0,0.005073499552064163
6917,2020-06-27,Dutchess,7,4198,828,58442,0.008454106280193236,4.0,0.00496372733294471
6918,2020-06-28,Dutchess,3,4201,773,59215,0.0038809831824062097,4.0,0.004600735551845319
6919,2020-06-29,Dutchess,6,4207,422,59637,0.014218009478672985,4.0,0.00489334640818778
6920,2020-06-30,Dutchess,6,4213,1015,60652,0.005911330049261084,3.0,0.004355200115187821
6921,2020-07-01,Dutchess,12,4225,973,61625,0.012332990750256937,3.0,0.004203425788398945
6922,2020-07-02,Dutchess,6,4231,967,62592,0.0062047569803516025,3.0,0.00442294242925615
6923,2020-07-03,Dutchess,7,4238,828,63420,0.008454106280193236,3.0,0.004246877357238235
6924,2020-07-04,Dutchess,5,4243,1123,64543,0.004452359750667854,3.0,0.003961038319414994
6925,2020-07-05,Dutchess,3,4246,1096,65639,0.002737226277372263,3.0,0.003879341397626854
6926,2020-07-06,Dutchess,2,4248,772,66411,0.0025906735751295338,2.0,0.003048817404516608
6927,2020-07-07,Dutchess,2,4250,699,67110,0.002861230329041488,2.0,0.0028309531387866365
6928,2020-07-08,Dutchess,5,4255,1052,68162,0.004752851711026616,2.0,0.0022895146359844707
6929,2020-07-09,Dutchess,7,4262,1041,69203,0.0067243035542747355,2.0,0.002326625105550409
6930,2020-07-10,Dutchess,7,4269,1229,70432,0.005695687550854353,2.0,0.002129595196311917
6931,2020-07-11,Dutchess,7,4276,1047,71479,0.0066857688634192934,2.0,0.0022891244186513055
6932,2020-07-12,Dutchess,4,4280,839,72318,0.004767580452920143,2.0,0.002434149716904726
6933,2020-07-13,Dutchess,38,4318,1153,73471,0.03295750216825672,5.0,0.004603208902128097
6934,2020-07-14,Dutchess,19,4337,907,74378,0.020948180815876516,6.0,0.005895133936902027
6935,2020-07-15,Dutchess,20,4357,1278,75656,0.01564945226917058,7.0,0.006673462548198024
6936,2020-07-16,Dutchess,6,4363,1198,76854,0.005008347245409015,7.0,0.006550894240421901
6937,2020-07-17,Dutchess,10,4373,1125,77979,0.008888888888888889,7.0,0.006778980050281511
6938,2020-07-18,Dutchess,3,4376,802,78781,0.003740648379052369,7.0,0.0065686143013981586
6939,2020-07-19,Dutchess,0,4376,603,79384,0.0,6.0,0.006228072840475292
6940,2020-07-20,Dutchess,4,4380,852,80236,0.004694835680751174,4.0,0.00420931094851061
6941,2020-07-21,Dutchess,7,4387,986,81222,0.007099391480730223,3.0,0.003220111710285875
6942,2020-07-22,Dutchess,13,4400,1149,82371,0.011314186248912098,3.0,0.002910449851695983
6943,2020-07-23,Dutchess,8,4408,1146,83517,0.006980802792321117,3.0,0.003051339533618277
6944,2020-07-24,Dutchess,4,4412,1041,84558,0.0038424591738712775,2.0,0.0026908802682598758
6945,2020-07-25,Dutchess,13,4425,921,85479,0.014115092290988056,3.0,0.0034319119762552816
6946,2020-07-26,Dutchess,15,4440,739,86218,0.02029769959404601,4.0,0.0048817476615442825
6947,2020-07-27,Dutchess,7,4447,1020,87238,0.006862745098039216,4.0,0.005036598334207714
6948,2020-07-28,Dutchess,6,4453,1250,88488,0.0048,4.0,0.004872356085584127
6949,2020-07-29,Dutchess,15,4468,1715,90203,0.008746355685131196,4.0,0.004688939616742633
6950,2020-07-30,Dutchess,22,4490,1610,91813,0.013664596273291925,5.0,0.005166353436811976
6951,2020-07-31,Dutchess,14,4504,1376,93189,0.010174418604651164,6.0,0.005618636253296255
6952,2020-08-01,Dutchess,16,4520,1429,94618,0.01119664100769769,6.0,0.005410175447346943
6953,2020-08-02,Dutchess,23,4543,1047,95665,0.021967526265520534,7.0,0.005529448781023695
6954,2020-08-03,Dutchess,14,4557,796,96461,0.017587939698492462,7.0,0.006295534109627498
6955,2020-08-04,Dutchess,11,4568,990,97451,0.011111111111111112,8.0,0.006746327760421148
6956,2020-08-05,Dutchess,14,4582,1232,98683,0.011363636363636364,8.0,0.006933276380314375
6957,2020-08-06,Dutchess,7,4589,992,99675,0.007056451612903226,7.0,0.006461266047429468
6958,2020-08-07,Dutchess,11,4600,1191,100866,0.009235936188077247,6.0,0.006394231589102759
6959,2020-08-08,Dutchess,7,4607,1244,102110,0.005627009646302251,6.0,0.005996400777574513
6960,2020-08-09,Dutchess,6,4613,998,103108,0.006012024048096192,5.0,0.00485672204775849
6961,2020-08-10,Dutchess,6,4619,885,103993,0.006779661016949152,4.0,0.004084702141933967
6962,2020-08-11,Dutchess,12,4631,1114,105107,0.010771992818671455,4.0,0.004060479406759706
6963,2020-08-12,Dutchess,9,4640,1362,106469,0.006607929515418502,4.0,0.0037207860604584306
6964,2020-08-13,Dutchess,15,4655,1549,108018,0.009683666881859263,4.0,0.00390844429395529
6965,2020-08-14,Dutchess,13,4668,1797,109815,0.007234279354479688,4.0,0.0037654688058411786
6966,2020-08-15,Dutchess,18,4686,1581,111396,0.011385199240986717,5.0,0.004176768062604355
6967,2020-08-16,Dutchess,14,4700,1177,112573,0.0118946474086661,6.0,0.004596955445502206
6968,2020-08-17,Dutchess,4,4704,787,113360,0.005082592121982211,6.0,0.004475736238718852
6969,2020-08-18,Dutchess,6,4710,1253,114613,0.004788507581803671,5.0,0.004048344436085439
6970,2020-08-19,Dutchess,11,4721,1406,116019,0.007823613086770981,5.0,0.004135178976896331
6971,2020-08-20,Dutchess,13,4734,1832,117851,0.007096069868995633,5.0,0.003950350618834643
6972,2020-08-21,Dutchess,19,4753,1522,119373,0.012483574244415242,6.0,0.00432530025383004
6973,2020-08-22,Dutchess,14,4767,1475,120848,0.009491525423728813,5.0,0.004190037838311618
6974,2020-08-23,Dutchess,10,4777,1245,122093,0.008032128514056224,5.0,0.00391414363155377
6975,2020-08-24,Dutchess,13,4790,1523,123616,0.008535784635587657,6.0,0.004160800239668445
6976,2020-08-25,Dutchess,8,4798,1335,124951,0.00599250936329588,6.0,0.004246800366917888
6977,2020-08-26,Dutchess,17,4815,2006,126957,0.00847457627118644,6.0,0.0042932977372332785
6978,2020-08-27,Dutchess,12,4827,1803,128760,0.0066555740432612314,6.0,0.0042618337496808205
6979,2020-08-28,Dutchess,19,4846,2102,130862,0.009039010466222646,6.0,0.00401579347980992
6980,2020-08-29,Dutchess,6,4852,1867,132729,0.0032137118371719335,6.0,0.0035673782236272863
6981,2020-08-30,Dutchess,13,4865,1455,134184,0.008934707903780068,6.0,0.0036318481800361323
6982,2020-08-31,Dutchess,3,4868,1515,135699,0.0019801980198019802,5.0,0.0031635919931942984
6983,2020-09-01,Dutchess,10,4878,1329,137028,0.007524454477050414,5.0,0.003273016644176765
6984,2020-09-02,Dutchess,14,4892,1400,138428,0.01,5.0,0.0033819754819491626
6985,2020-09-03,Dutchess,10,4902,1308,139736,0.00764525993883792,5.0,0.0034526673316332113
6986,2020-09-04,Dutchess,12,4914,1692,141428,0.0070921985815602835,4.0,0.003313609339871615
6987,2020-09-05,Dutchess,14,4928,1404,142832,0.009971509971509971,5.0,0.0037963092066100454
6988,2020-09-06,Dutchess,11,4939,992,143824,0.011088709677419355,5.0,0.003950166476155709
6989,2020-09-07,Dutchess,5,4944,609,144433,0.008210180623973728,5.0,0.004395165233596549
6990,2020-09-08,Dutchess,12,4956,867,145300,0.01384083044982699,5.0,0.004846334945937732
6991,2020-09-09,Dutchess,6,4962,1341,146641,0.0044742729306487695,5.0,0.004451640155269787
6992,2020-09-10,Dutchess,13,4975,1436,148077,0.009052924791086351,5.0,0.0045521876447161035
6993,2020-09-11,Dutchess,9,4984,1632,149709,0.0055147058823529415,5.0,0.004439509594772723
6994,2020-09-12,Dutchess,2,4986,1298,151007,0.0015408320493066256,4.0,0.003837318314615341
6995,2020-09-13,Dutchess,8,4994,1157,152164,0.006914433880726016,3.0,0.0035391557577086727
6996,2020-09-14,Dutchess,12,5006,1047,153211,0.011461318051575931,4.0,0.003771379859680259
6997,2020-09-15,Dutchess,8,5014,1186,154397,0.006745362563237774,4.0,0.0032645607249238867
6998,2020-09-16,Dutchess,28,5042,1294,155691,0.021638330757341576,5.0,0.004490564855401944
6999,2020-09-17,Dutchess,8,5050,1205,156896,0.006639004149377593,5.0,0.004318141952422747
7000,2020-09-18,Dutchess,3,5053,1444,158340,0.002077562326869806,4.0,0.004072631698459666
7001,2020-09-19,Dutchess,6,5059,1591,159931,0.003771213073538655,5.0,0.004231944628761954
7002,2020-09-20,Dutchess,17,5076,1090,161021,0.015596330275229359,5.0,0.004852080085512192
7003,2020-09-21,Dutchess,8,5084,982,162003,0.008146639511201629,5.0,0.004615317332628314
7004,2020-09-22,Dutchess,5,5089,910,162913,0.005494505494505495,5.0,0.004525970399147436
7005,2020-09-23,Dutchess,16,5105,1303,164216,0.012279355333844973,4.0,0.003857472154611965
7006,2020-09-24,Dutchess,3,5108,1388,165604,0.002161383285302594,4.0,0.0035376420928923224
7007,2020-09-25,Dutchess,7,5115,1346,166950,0.005200594353640416,4.0,0.003760715809090223
7008,2020-09-26,Dutchess,5,5120,1218,168168,0.004105090311986864,4.0,0.0037845641832650948
7009,2020-09-27,Dutchess,4,5124,886,169054,0.004514672686230248,3.0,0.0029930172126223014
7010,2020-09-28,Dutchess,6,5130,896,169950,0.006696428571428571,3.0,0.002889430716924226
7011,2020-09-29,Dutchess,7,5137,837,170787,0.008363201911589008,3.0,0.003094337603858762
7012,2020-09-30,Dutchess,11,5148,1617,172404,0.006802721088435374,3.0,0.0027031494434723627
7013,2020-10-01,Dutchess,17,5165,2223,174627,0.007647323436797121,4.0,0.0030950023114362578
7014,2020-10-02,Dutchess,4,5169,2087,176714,0.0019166267369429804,3.0,0.002860433195957869
7015,2020-10-03,Dutchess,10,5179,1408,178122,0.007102272727272727,4.0,0.0030745176541925735
7016,2020-10-04,Dutchess,8,5187,1157,179279,0.006914433880726016,4.0,0.003245929168085128
7017,2020-10-05,Dutchess,18,5205,1487,180766,0.0121049092131809,5.0,0.0036322492139245805
7018,2020-10-06,Dutchess,9,5214,1341,182107,0.006711409395973154,5.0,0.003514264034237734
7019,2020-10-07,Dutchess,8,5222,2438,184545,0.003281378178835111,5.0,0.0032627395406948584
7020,2020-10-08,Dutchess,11,5233,1790,186335,0.006145251396648044,4.0,0.0031554486806842095
7021,2020-10-09,Dutchess,12,5245,1883,188218,0.006372809346787042,5.0,0.003473747438530214
7022,2020-10-10,Dutchess,7,5252,1454,189672,0.004814305364511692,5.0,0.0033103211983329973
7023,2020-10-11,Dutchess,7,5259,1465,191137,0.00477815699658703,5.0,0.00315772999232307
7024,2020-10-12,Dutchess,12,5271,1172,192309,0.010238907849829351,4.0,0.003024444180655102
7025,2020-10-13,Dutchess,10,5281,1996,194305,0.00501002004008016,4.0,0.002902916369519888
7026,2020-10-14,Dutchess,8,5289,1951,196256,0.004100461301896463,4.0,0.0029614223068814135
7027,2020-10-15,Dutchess,16,5305,1542,197798,0.010376134889753566,5.0,0.0032636282706746643
7028,2020-10-16,Dutchess,13,5318,2055,199853,0.006326034063260341,5.0,0.003260287178994186
7029,2020-10-17,Dutchess,10,5328,1421,201274,0.007037297677691766,5.0,0.003419072344221334
7030,2020-10-18,Dutchess,12,5340,1399,202673,0.008577555396711936,5.0,0.0036904579442302563
7031,2020-10-19,Dutchess,15,5355,1287,203960,0.011655011655011656,6.0,0.0037916082160289917
7032,2020-10-20,Dutchess,11,5366,1182,205142,0.009306260575296108,6.0,0.004098482539972989
7033,2020-10-21,Dutchess,16,5382,1749,206891,0.009148084619782733,6.0,0.00445902706267915
7034,2020-10-22,Dutchess,21,5403,2223,209114,0.009446693657219974,7.0,0.004392638403212465
7035,2020-10-23,Dutchess,18,5421,1919,211033,0.009379885356956748,7.0,0.004610770638476494
7036,2020-10-24,Dutchess,17,5438,1551,212584,0.01096067053513862,7.0,0.004891011556865555
7037,2020-10-25,Dutchess,12,5450,1216,213800,0.009868421052631578,7.0,0.004983216246574101
7038,2020-10-26,Dutchess,15,5465,1516,215316,0.009894459102902375,7.0,0.00485746249285201
7039,2020-10-27,Dutchess,7,5472,1356,216672,0.005162241887905605,7.0,0.004561461158038403
7040,2020-10-28,Dutchess,36,5508,2367,219039,0.015209125475285171,9.0,0.004994392647717148
7041,2020-10-29,Dutchess,17,5525,1787,220826,0.009513150531617236,8.0,0.004999139567316952
7042,2020-10-30,Dutchess,22,5547,1793,222619,0.012269938650306749,9.0,0.005205571945413381
7043,2020-10-31,Dutchess,18,5565,1974,224593,0.00911854103343465,9.0,0.00507399126672024
7044,2020-11-01,Dutchess,20,5585,1265,225858,0.015810276679841896,9.0,0.005498409525806692
7045,2020-11-02,Dutchess,27,5612,1626,227484,0.016605166051660517,10.0,0.005977745736432274
7046,2020-11-03,Dutchess,30,5642,1665,229149,0.018018018018018018,12.0,0.006896015460011731
7047,2020-11-04,Dutchess,27,5669,1989,231138,0.013574660633484163,11.0,0.00677926797131166
7048,2020-11-05,Dutchess,41,5710,1828,232966,0.022428884026258207,13.0,0.007701820363786014
7049,2020-11-06,Dutchess,29,5739,2426,235392,0.011953833470733718,13.0,0.007679241422387941
7050,2020-11-07,Dutchess,51,5790,2182,237574,0.023373052245646196,16.0,0.008697420794688765
7051,2020-11-08,Dutchess,49,5839,1529,239103,0.032047089601046436,18.0,0.009857193146203378
7052,2020-11-09,Dutchess,40,5879,1551,240654,0.025789813023855575,19.0,0.010513239358503025
7053,2020-11-10,Dutchess,65,5944,2150,242804,0.030232558139534883,21.0,0.011385706510039941
7054,2020-11-11,Dutchess,59,6003,2240,245044,0.026339285714285714,23.0,0.01229746544438291
7055,2020-11-12,Dutchess,71,6074,3122,248166,0.02274183215887252,26.0,0.012319818882426791
7056,2020-11-13,Dutchess,70,6144,2344,250510,0.029863481228668942,28.0,0.01359907943656502
7057,2020-11-14,Dutchess,41,6185,1598,252108,0.025657071339173967,28.0,0.013762223657531289
7058,2020-11-15,Dutchess,39,6224,3281,255389,0.011886619932947273,27.0,0.01232219010980992
7059,2020-11-16,Dutchess,84,6308,2479,257868,0.033884630899556276,30.0,0.012900391386645683
7060,2020-11-17,Dutchess,78,6386,2094,259962,0.03724928366762178,31.0,0.013401586067223319
7061,2020-11-18,Dutchess,53,6439,1655,261617,0.03202416918429003,31.0,0.013807649172223628
7062,2020-11-19,Dutchess,54,6493,2283,263900,0.023653088042049936,29.0,0.013872738878164871
7063,2020-11-20,Dutchess,76,6569,2466,266366,0.030819140308191405,30.0,0.013941000240987904
7064,2020-11-21,Dutchess,65,6634,2110,268476,0.030805687203791468,32.0,0.014308758517032009
7065,2020-11-22,Dutchess,94,6728,2778,271254,0.033837293016558675,36.0,0.015876663737289968
7066,2020-11-23,Dutchess,83,6811,2414,273668,0.0343827671913836,35.0,0.015912244900991922
7067,2020-11-24,Dutchess,56,6867,1726,275394,0.03244495944380069,34.0,0.015569078885004703
7068,2020-11-25,Dutchess,63,6930,2393,277787,0.02632678646050982,35.0,0.015162122976163258
7069,2020-11-26,Dutchess,91,7021,2517,280304,0.03615415176797775,37.0,0.016055056099443816
7070,2020-11-27,Dutchess,101,7122,2173,282477,0.046479521398987575,39.0,0.017173654748786397
7071,2020-11-28,Dutchess,75,7197,2021,284498,0.03711034141514102,40.0,0.017623987192454223
7072,2020-11-29,Dutchess,87,7284,2563,287061,0.03394459617635583,39.0,0.017631651703868306
7073,2020-11-30,Dutchess,70,7354,1940,289001,0.03608247422680412,38.0,0.017753059349255484
7074,2020-12-01,Dutchess,158,7512,2795,291796,0.05652951699463327,46.0,0.019473384888600676
7075,2020-12-02,Dutchess,123,7635,3029,294825,0.040607461208319574,50.0,0.020493433084872798
7076,2020-12-03,Dutchess,163,7798,2715,297540,0.06003683241252302,55.0,0.022199338845197456
7077,2020-12-04,Dutchess,157,7955,2642,300182,0.059424678274034824,59.0,0.023123992907700834
7078,2020-12-05,Dutchess,144,8099,2776,302958,0.05187319884726225,64.0,0.024178482724280918
7079,2020-12-06,Dutchess,93,8192,1809,304767,0.05140961857379768,64.0,0.0254259843240982
7080,2020-12-07,Dutchess,147,8339,2514,307281,0.05847255369928401,70.0,0.027025275714989618
7081,2020-12-08,Dutchess,117,8456,1969,309250,0.05942102590147283,67.0,0.027231812065478155
7082,2020-12-09,Dutchess,173,8629,2364,311614,0.07318104906937395,71.0,0.029558496912696325
7083,2020-12-10,Dutchess,165,8794,2770,314384,0.05956678700361011,71.0,0.029524922240631118
7084,2020-12-11,Dutchess,182,8976,3362,317746,0.05413444378346222,72.0,0.029147048348447363
7085,2020-12-12,Dutchess,170,9146,2605,320351,0.06525911708253358,74.0,0.03010318536525245
7086,2020-12-13,Dutchess,144,9290,2437,322788,0.059089043906442346,78.0,0.03065171574615565
7087,2020-12-14,Dutchess,192,9482,2466,325254,0.07785888077858881,81.0,0.032036453394677415
7088,2020-12-15,Dutchess,160,9642,2381,327635,0.06719865602687947,84.0,0.03259199840363504
7089,2020-12-16,Dutchess,158,9800,2717,330352,0.05815237394184763,83.0,0.03151852160881173
7090,2020-12-17,Dutchess,159,9959,3649,334001,0.043573581803233764,83.0,0.03037614980878484
7091,2020-12-18,Dutchess,131,10090,2090,336091,0.06267942583732057,79.0,0.03098650566977473
7092,2020-12-19,Dutchess,148,10238,2194,338285,0.0674567000911577,78.0,0.03114347588467645
7093,2020-12-20,Dutchess,167,10405,2513,340798,0.06645443692797454,79.0,0.03166957538621446
7094,2020-12-21,Dutchess,215,10620,2281,343079,0.09425690486628671,81.0,0.032840862821050025
7095,2020-12-22,Dutchess,152,10772,2665,345744,0.05703564727954972,80.0,0.032114933624812186
7096,2020-12-23,Dutchess,157,10929,2565,348309,0.061208576998050684,80.0,0.03233323384311241
7097,2020-12-24,Dutchess,191,11120,2999,351308,0.06368789596532178,82.0,0.033769970568975835
7098,2020-12-25,Dutchess,146,11266,2472,353780,0.05906148867313916,84.0,0.03351154648582002
7099,2020-12-26,Dutchess,161,11427,2052,355832,0.07846003898635477,84.0,0.03429749926404838
7100,2020-12-27,Dutchess,169,11596,1672,357504,0.10107655502392345,85.0,0.03677050769947331
7101,2020-12-28,Dutchess,124,11720,2278,359782,0.05443371378402107,78.0,0.033925994050740045
7102,2020-12-29,Dutchess,149,11869,2005,361787,0.0743142144638404,78.0,0.035160177421046525
7103,2020-12-30,Dutchess,213,12082,2655,364442,0.08022598870056497,82.0,0.03651856397122611
7104,2020-12-31,Dutchess,297,12379,3338,367780,0.0889754343918514,89.0,0.038324816715978226
7105,2021-01-01,Dutchess,222,12601,2900,370680,0.07655172413793103,95.0,0.03957411924917765
7106,2021-01-02,Dutchess,196,12797,2116,372796,0.09262759924385633,97.0,0.04058608783899919
7107,2021-01-03,Dutchess,223,13020,2253,375049,0.0989791389258766,101.0,0.040436272403424414
7108,2021-01-04,Dutchess,170,13190,1854,376903,0.09169363538295577,105.0,0.04309769537477689
7109,2021-01-05,Dutchess,189,13379,2499,379402,0.07563025210084033,107.0,0.04319169806313404
7110,2021-01-06,Dutchess,263,13642,3462,382864,0.07596764875794339,111.0,0.04288753092437535
7111,2021-01-07,Dutchess,281,13923,3478,386342,0.08079355951696378,110.0,0.042303111290454797
7112,2021-01-08,Dutchess,289,14212,3231,389573,0.08944599195295574,115.0,0.04322413042009943
7113,2021-01-09,Dutchess,259,14471,3388,392961,0.07644628099173553,119.0,0.04206832197351936
7114,2021-01-10,Dutchess,286,14757,2727,395688,0.10487715438210488,124.0,0.042489608791821384
7115,2021-01-11,Dutchess,240,14997,2651,398339,0.0905318747642399,129.0,0.04240662589048454
7116,2021-01-12,Dutchess,273,15270,2249,400588,0.12138728323699421,135.0,0.045674985257352675
7117,2021-01-13,Dutchess,219,15489,2937,403525,0.0745658835546476,131.0,0.04557485917140298
7118,2021-01-14,Dutchess,384,15873,4683,408208,0.08199871877001921,139.0,0.04566094197519265
7119,2021-01-15,Dutchess,242,16115,3741,411949,0.06468858593958834,135.0,0.04389255583138069
7120,2021-01-16,Dutchess,212,16327,3500,415449,0.060571428571428575,132.0,0.042758637801358766
7121,2021-01-17,Dutchess,214,16541,2933,418382,0.07296283668598705,127.0,0.040479043680207494
7122,2021-01-18,Dutchess,216,16757,2553,420935,0.0846063454759107,125.0,0.04005579158818399
7123,2021-01-19,Dutchess,206,16963,2290,423225,0.08995633187772925,120.0,0.03781072363395077
7124,2021-01-20,Dutchess,219,17182,3421,426646,0.06401636948260743,120.0,0.03705718691451932
7125,2021-01-21,Dutchess,242,17424,3529,430175,0.06857466704448853,110.0,0.03609832607698142
7126,2021-01-22,Dutchess,199,17623,3313,433488,0.06006640507093269,107.0,0.035768170300648876
7127,2021-01-23,Dutchess,190,17813,3300,436788,0.05757575757575758,106.0,0.03555419380095809
7128,2021-01-24,Dutchess,191,18004,3462,440250,0.055170421721548235,104.0,0.034283307017783884
7129,2021-01-25,Dutchess,231,18235,2538,442788,0.09101654846335698,105.0,0.03474117865974434
7130,2021-01-26,Dutchess,142,18377,2451,445239,0.057935536515707875,101.0,0.03245397899102852
7131,2021-01-27,Dutchess,176,18553,3217,448456,0.05470935654336338,97.0,0.03178919235251109
7132,2021-01-28,Dutchess,196,18749,3098,451554,0.0632666236281472,94.0,0.031410046394200995
7133,2021-01-29,Dutchess,219,18968,3774,455328,0.05802861685214626,96.0,0.03126449009285911
7134,2021-01-30,Dutchess,155,19123,2823,458151,0.0549061282323769,93.0,0.031073802282617632
7135,2021-01-31,Dutchess,173,19296,3040,461191,0.05690789473684211,92.0,0.031197907497995763
7136,2021-02-01,Dutchess,112,19408,1882,463073,0.05951115834218916,83.0,0.028947522489340925
7137,2021-02-02,Dutchess,34,19442,962,464035,0.035343035343035345,76.0,0.027333772405578598
7138,2021-02-03,Dutchess,70,19512,1744,465779,0.040137614678899085,68.0,0.026292933700974002
7139,2021-02-04,Dutchess,167,19679,3406,469185,0.04903112155020552,66.0,0.02527611212397817
7140,2021-02-05,Dutchess,186,19865,3719,472904,0.05001344447432105,64.0,0.02470359981127637
7141,2021-02-06,Dutchess,131,19996,3584,476488,0.03655133928571429,62.0,0.023392543457943327
7142,2021-02-07,Dutchess,126,20122,2744,479232,0.04591836734693878,59.0,0.022607577215807372
7143,2021-02-08,Dutchess,133,20255,2046,481278,0.06500488758553274,60.0,0.022999986447474773
7144,2021-02-09,Dutchess,93,20348,2575,483853,0.03611650485436893,64.0,0.02305523426971288
7145,2021-02-10,Dutchess,129,20477,3488,487341,0.03698394495412844,68.0,0.022829972146514978
7146,2021-02-11,Dutchess,118,20595,3575,490916,0.03300699300699301,65.0,0.021685391536285518
7147,2021-02-12,Dutchess,119,20714,3083,493999,0.03859876743431722,60.0,0.02087005746199953
7148,2021-02-13,Dutchess,123,20837,2802,496801,0.043897216274089934,60.0,0.02139476296116922
7149,2021-02-14,Dutchess,106,20943,2422,499223,0.04376548307184145,58.0,0.02124098551294798
7150,2021-02-15,Dutchess,81,21024,1563,500786,0.05182341650671785,54.0,0.0202994518644612
7151,2021-02-16,Dutchess,107,21131,2103,502889,0.050879695672848314,55.0,0.02135396549435259
7152,2021-02-17,Dutchess,91,21222,2615,505504,0.03479923518164436,53.0,0.021197914796318006
7153,2021-02-18,Dutchess,122,21344,3023,508527,0.04035726099900761,53.0,0.021722933938604767
7154,2021-02-19,Dutchess,108,21452,5257,513784,0.020544036522731596,52.0,0.020433310302062937
7155,2021-02-20,Dutchess,113,21565,2454,516238,0.04604726976365118,52.0,0.020586885551317307
7156,2021-02-21,Dutchess,91,21656,2092,518330,0.04349904397705545,50.0,0.020567854187404026
7157,2021-02-22,Dutchess,113,21769,1873,520203,0.0603310197544047,53.0,0.021175540133667372
7158,2021-02-23,Dutchess,93,21862,1665,521868,0.055855855855855854,52.0,0.02153098014673934
7159,2021-02-24,Dutchess,106,21968,3191,525059,0.03321842682544657,53.0,0.02141806526415378
7160,2021-02-25,Dutchess,120,22088,3901,528960,0.03076134324532171,53.0,0.020732642567461934
7161,2021-02-26,Dutchess,102,22190,2771,531731,0.03680981595092025,52.0,0.021894483955189694
7162,2021-02-27,Dutchess,107,22297,3001,534732,0.035654781739420195,52.0,0.021152163382030336
7163,2021-02-28,Dutchess,90,22387,1982,536714,0.045408678102926335,52.0,0.021288565819592542
7164,2021-03-01,Dutchess,70,22457,1666,538380,0.04201680672268908,49.0,0.01998040774589857
7165,2021-03-02,Dutchess,92,22549,2243,540623,0.04101649576460098,49.0,0.018920453453666077
7166,2021-03-03,Dutchess,129,22678,3073,543696,0.04197852261633583,50.0,0.019546174581586744
7167,2021-03-04,Dutchess,116,22794,3616,547312,0.032079646017699116,50.0,0.019640339065327982
7168,2021-03-05,Dutchess,106,22900,2934,550246,0.03612815269256987,50.0,0.019591648832588675
7169,2021-03-06,Dutchess,106,23006,2923,553169,0.036264112213479305,50.0,0.019635172437878608
7170,2021-03-07,Dutchess,78,23084,1936,555105,0.040289256198347105,49.0,0.01926949944469438
7171,2021-03-08,Dutchess,100,23184,1678,556783,0.05959475566150179,51.0,0.02052506722603814
7172,2021-03-09,Dutchess,104,23288,2446,559229,0.04251839738348324,52.0,0.020632345913101157
7173,2021-03-10,Dutchess,151,23439,3162,562391,0.04775458570524984,54.0,0.021044921848023593
7174,2021-03-11,Dutchess,146,23585,3784,566175,0.03858350951374207,56.0,0.02150948352631237
7175,2021-03-12,Dutchess,121,23706,3014,569189,0.040145985401459854,57.0,0.02179647157694737
7176,2021-03-13,Dutchess,64,23770,2230,571419,0.028699551569506727,54.0,0.02125614581666362
7177,2021-03-14,Dutchess,158,23928,2600,574019,0.06076923076923077,60.0,0.022719001143155306
7178,2021-03-15,Dutchess,111,24039,1894,575913,0.05860612460401267,61.0,0.02264838463904894
7179,2021-03-16,Dutchess,117,24156,2159,578072,0.05419175544233441,62.0,0.023482195928966883
7180,2021-03-17,Dutchess,126,24282,3675,581747,0.03428571428571429,60.0,0.022520133684714342
7181,2021-03-18,Dutchess,127,24409,3526,585273,0.03601815087918321,58.0,0.02233689378224585
7182,2021-03-19,Dutchess,162,24571,2820,588093,0.0574468085106383,61.0,0.023572666861472885
7183,2021-03-20,Dutchess,173,24744,3128,591221,0.05530690537084399,69.0,0.025473192132996973
7184,2021-03-21,Dutchess,118,24862,2172,593393,0.05432780847145488,66.0,0.025013090540298693
7185,2021-03-22,Dutchess,115,24977,1689,595082,0.06808762581409118,67.0,0.025690340626732876
7186,2021-03-23,Dutchess,155,25132,3271,598353,0.047386120452461024,69.0,0.02520422384174192
7187,2021-03-24,Dutchess,150,25282,3603,601956,0.041631973355537054,71.0,0.025728956632443546
7188,2021-03-25,Dutchess,118,25400,2944,604900,0.04008152173913043,70.0,0.02601919740815406
7189,2021-03-26,Dutchess,130,25530,3745,608645,0.03471295060080107,68.0,0.024395350414594258
7190,2021-03-27,Dutchess,141,25671,4040,612685,0.034900990099009904,66.0,0.022937785038034682
7191,2021-03-28,Dutchess,136,25807,2783,615468,0.04886812791951132,67.0,0.022547807855753
7192,2021-03-29,Dutchess,86,25893,1824,617292,0.047149122807017545,65.0,0.021052200498104884
7193,2021-03-30,Dutchess,151,26044,2861,620153,0.05277874868926949,65.0,0.021437388229305486
7194,2021-03-31,Dutchess,186,26230,3454,623607,0.05385060799073538,67.0,0.022310147846105365
7195,2021-04-01,Dutchess,99,26329,2897,626504,0.034173282706247844,66.0,0.02188813077232804
7196,2021-04-02,Dutchess,121,26450,3112,629616,0.03888174807197944,65.0,0.022185902020269353
7197,2021-04-03,Dutchess,123,26573,3376,632992,0.03643364928909953,64.0,0.022295377676704326
7198,2021-04-04,Dutchess,107,26680,2297,635289,0.04658249891162386,62.0,0.022132118461855223
7199,2021-04-05,Dutchess,96,26776,1760,637049,0.05454545454545454,63.0,0.022660427871743574
7200,2021-04-06,Dutchess,123,26899,2855,639904,0.04308231173380035,61.0,0.021967825232067213
7201,2021-04-07,Dutchess,133,27032,2864,642768,0.04643854748603352,57.0,0.021438392338874224
7202,2021-04-08,Dutchess,110,27142,3915,646683,0.0280970625798212,58.0,0.02100437661555803
7203,2021-04-09,Dutchess,116,27258,2871,649554,0.04040404040404041,57.0,0.021113111782133813
7204,2021-04-10,Dutchess,113,27371,2825,652379,0.04,57.0,0.02136785111862671
7205,2021-04-11,Dutchess,78,27449,1659,654038,0.04701627486437613,54.0,0.02139883511525187
7206,2021-04-12,Dutchess,61,27510,1368,655406,0.0445906432748538,52.0,0.020687777167351814
7207,2021-04-13,Dutchess,106,27616,2352,657758,0.045068027210884355,51.0,0.02082961398714353
7208,2021-04-14,Dutchess,104,27720,2846,660604,0.036542515811665496,49.0,0.020122754581831527
7209,2021-04-15,Dutchess,93,27813,2283,662887,0.040735873850197106,47.0,0.021025526815429803
7210,2021-04-16,Dutchess,89,27902,2845,665732,0.031282952548330405,46.0,0.020374020540021947
7211,2021-04-17,Dutchess,80,27982,3511,669243,0.02278553118769581,43.0,0.01914441562485736
7212,2021-04-18,Dutchess,45,28027,1988,671231,0.022635814889336015,41.0,0.017402954198068785
7213,2021-04-19,Dutchess,65,28092,1613,672844,0.040297582145071294,41.0,0.01709630697451289
7214,2021-04-20,Dutchess,55,28147,2272,675116,0.02420774647887324,37.0,0.015606286922226384
7215,2021-04-21,Dutchess,66,28213,3053,678169,0.021618080576482148,35.0,0.014540255833999002
7216,2021-04-22,Dutchess,54,28267,2564,680733,0.02106084243369735,32.0,0.013134896447106163
7217,2021-04-23,Dutchess,66,28333,2409,683142,0.0273972602739726,30.0,0.012857346998937747
7218,2021-04-24,Dutchess,59,28392,3118,686260,0.01892238614496472,29.0,0.0125814080673141
7219,2021-04-25,Dutchess,49,28441,1786,688046,0.027435610302351622,29.0,0.012924250596815212
7220,2021-04-26,Dutchess,39,28480,1687,689733,0.023117960877296978,27.0,0.01169713479197419
7221,2021-04-27,Dutchess,53,28533,2506,692239,0.02114924181963288,27.0,0.011478670173457021
7222,2021-04-28,Dutchess,54,28587,3101,695340,0.017413737504030958,26.0,0.011178359953996223
7223,2021-04-29,Dutchess,53,28640,2660,698000,0.01992481203007519,26.0,0.011097214925166066
7224,2021-04-30,Dutchess,58,28698,2930,700930,0.019795221843003412,26.0,0.010554212180096839
7225,2021-05-01,Dutchess,46,28744,2785,703715,0.01651705565529623,25.0,0.010382402859406234
7226,2021-05-02,Dutchess,37,28781,1426,705141,0.025946704067321177,24.0,0.010276052414046916
7227,2021-05-03,Dutchess,35,28816,1204,706345,0.029069767441860465,24.0,0.010701181454372878
7228,2021-05-04,Dutchess,34,28850,2708,709053,0.012555391432791729,22.0,0.01008733499816994
7229,2021-05-05,Dutchess,42,28892,2295,711348,0.018300653594771243,21.0,0.01015068614750853
7230,2021-05-06,Dutchess,45,28937,2499,713847,0.01800720288115246,21.0,0.010013714065442622
7231,2021-05-07,Dutchess,38,28975,3016,716863,0.012599469496021221,19.0,0.009499731754943895
7232,2021-05-08,Dutchess,34,29009,2378,719241,0.014297729184188394,18.0,0.00934120843557905
7233,2021-05-09,Dutchess,29,29038,1787,721028,0.016228315612758813,18.0,0.008647037831681737
7234,2021-05-10,Dutchess,26,29064,1117,722145,0.023276633840644583,17.0,0.008233242574452033
7235,2021-05-11,Dutchess,21,29085,2175,724320,0.009655172413793104,16.0,0.008026084073094988
7236,2021-05-12,Dutchess,22,29107,2546,726866,0.00864100549882168,15.0,0.00733610920909859
7237,2021-05-13,Dutchess,30,29137,2352,729218,0.012755102040816327,14.0,0.006960959149074581
7238,2021-05-14,Dutchess,38,29175,2175,731393,0.01747126436781609,14.0,0.0073089444970599275
7239,2021-05-15,Dutchess,19,29194,1912,733305,0.00993723849372385,13.0,0.0069974808763124605
7240,2021-05-16,Dutchess,20,29214,1433,734738,0.013956734124214934,12.0,0.006835225055702184
7241,2021-05-17,Dutchess,17,29231,1107,735845,0.015356820234869015,11.0,0.006269524083861071
7242,2021-05-18,Dutchess,18,29249,1697,737542,0.01060695344725987,11.0,0.006337508443394412
7243,2021-05-19,Dutchess,26,29275,2170,739712,0.011981566820276499,12.0,0.0065761199663554705
7244,2021-05-20,Dutchess,14,29289,1769,741481,0.00791407574901074,10.0,0.006230332374083642
7245,2021-05-21,Dutchess,12,29301,1927,743408,0.006227296315516347,9.0,0.005427191798919376
7246,2021-05-22,Dutchess,19,29320,1773,745181,0.01071630005640158,9.0,0.005482839053396356
7247,2021-05-23,Dutchess,9,29329,984,746165,0.009146341463414634,8.0,0.005139239577624906
7248,2021-05-24,Dutchess,9,29338,1050,747215,0.008571428571428572,7.0,0.004654568744522017
7249,2021-05-25,Dutchess,8,29346,1361,748576,0.005878030859662013,6.0,0.004316788559693599
7250,2021-05-26,Dutchess,13,29359,2078,750654,0.006256015399422521,6.0,0.003907820601061172
7251,2021-05-27,Dutchess,12,29371,1852,752506,0.0064794816414686825,5.0,0.0038053495933795963
7252,2021-05-28,Dutchess,9,29380,1837,754343,0.004899292324442025,5.0,0.0037104921654457163
7253,2021-05-29,Dutchess,5,29385,1455,755798,0.003436426116838488,4.0,0.0031905011697626385
7254,2021-05-30,Dutchess,7,29392,983,756781,0.007121057985757884,4.0,0.0030458380642157277
7255,2021-05-31,Dutchess,2,29394,814,757595,0.002457002457002457,4.0,0.0026090933417567195
7256,2021-06-01,Dutchess,8,29402,693,758288,0.011544011544011544,4.0,0.0030138062477816857
7257,2021-06-02,Dutchess,11,29413,1543,759831,0.007128969539857421,3.0,0.0030761601149556068
7258,2021-06-03,Dutchess,9,29422,1932,761763,0.004658385093167702,3.0,0.0029460817900769654
7259,2021-06-04,Dutchess,12,29434,1746,763509,0.006872852233676976,3.0,0.0030870503550223193
7260,2021-06-05,Dutchess,9,29443,1562,765071,0.005761843790012804,4.0,0.0032531516173919138
7261,2021-06-06,Dutchess,5,29448,931,766002,0.0053705692803437165,4.0,0.0031281167098623297
7262,2021-06-07,Dutchess,4,29452,921,766923,0.004343105320304018,4.0,0.003262838342955299
7263,2021-06-08,Dutchess,5,29457,1746,768669,0.0028636884306987398,3.0,0.0026428152634329558
7264,2021-06-09,Dutchess,3,29460,1793,770462,0.0016731734523145567,3.0,0.0022531155428941797
7265,2021-06-10,Dutchess,0,29460,1489,771951,0.0,2.0,0.0019203737505250579
7266,2021-06-11,Dutchess,7,29467,1772,773723,0.0039503386004514675,2.0,0.0017116227767232357
7267,2021-06-12,Dutchess,1,29468,1240,774963,0.0008064516129032258,1.0,0.0013576661926439804
7268,2021-06-13,Dutchess,2,29470,799,775762,0.0025031289111389237,1.0,0.0011528490234150664
7269,2021-06-14,Dutchess,2,29472,671,776433,0.0029806259314456036,1.0,0.001055529067068037
7270,2021-06-15,Dutchess,3,29475,1245,777678,0.0024096385542168677,1.0,0.0010230969330336174
7271,2021-06-16,Dutchess,0,29475,1367,779045,0.0,1.0,0.0009035845435825777
7272,2021-06-17,Dutchess,3,29478,1444,780489,0.002077562326869806,1.0,0.0010519818526447068
7273,2021-06-18,Dutchess,5,29483,1338,781827,0.0037369207772795215,1.0,0.0010367377224181392
7274,2021-06-19,Dutchess,2,29485,1026,782853,0.001949317738791423,1.0,0.001118371017124439
7275,2021-06-20,Dutchess,3,29488,854,783707,0.00351288056206089,1.0,0.0011904961350474364
7276,2021-06-21,Dutchess,3,29491,598,784305,0.005016722408026756,1.0,0.001335931597660376
7277,2021-06-22,Dutchess,2,29493,1038,785343,0.0019267822736030828,1.0,0.00130144186333082
7278,2021-06-23,Dutchess,1,29494,1459,786802,0.0006854009595613434,1.0,0.0013503990747280588
7279,2021-06-24,Dutchess,6,29500,1043,787845,0.005752636625119847,1.0,0.001612904381745919
7280,2021-06-25,Dutchess,1,29501,1195,789040,0.0008368200836820083,1.0,0.0014057543322032393
7281,2021-06-26,Dutchess,3,29504,1029,790069,0.0029154518950437317,1.0,0.00147476391479269
7282,2021-06-27,Dutchess,3,29507,678,790747,0.004424778761061947,1.0,0.0015398995004356224
7283,2021-06-28,Dutchess,1,29508,845,791592,0.001183431952662722,1.0,0.0012660930393381916
7284,2021-06-29,Dutchess,4,29512,1292,792884,0.0030959752321981426,1.0,0.0013496068220949817
7285,2021-06-30,Dutchess,2,29514,1399,794283,0.0014295925661186562,1.0,0.0014027633654205038
7286,2021-07-01,Dutchess,3,29517,790,795073,0.0037974683544303796,1.0,0.001263108488942685
7287,2021-07-02,Dutchess,3,29520,1077,796150,0.002785515320334262,1.0,0.0014023010058464172
7288,2021-07-03,Dutchess,2,29522,738,796888,0.0027100271002710027,1.0,0.0013876278062197936
7289,2021-07-04,Dutchess,2,29524,626,797514,0.003194888178913738,1.0,0.001299778478923493
7290,2021-07-05,Dutchess,4,29528,433,797947,0.009237875288683603,1.0,0.0018750958600678416
7291,2021-07-06,Dutchess,4,29532,492,798439,0.008130081300813009,1.0,0.0022346748649689037
7292,2021-07-07,Dutchess,6,29538,1044,799483,0.005747126436781609,1.0,0.002543070141444829
7293,2021-07-08,Dutchess,5,29543,951,800434,0.005257623554153523,1.0,0.0026473669414250533
7294,2021-07-09,Dutchess,7,29550,933,801367,0.007502679528403001,2.0,0.0029843072420013923
7295,2021-07-10,Dutchess,5,29555,756,802123,0.006613756613756613,2.0,0.0032631450643932215
7296,2021-07-11,Dutchess,10,29565,750,802873,0.013333333333333334,2.0,0.003987319718280336
7297,2021-07-12,Dutchess,3,29568,471,803344,0.006369426751592357,2.0,0.003782430537059532
7298,2021-07-13,Dutchess,9,29577,930,804274,0.00967741935483871,3.0,0.003892954683775654
7299,2021-07-14,Dutchess,8,29585,854,805128,0.00936768149882904,3.0,0.004151565759636184
7300,2021-07-15,Dutchess,8,29593,876,806004,0.0091324200913242,3.0,0.004428336940862661
7301,2021-07-16,Dutchess,20,29613,1005,807009,0.01990049751243781,4.0,0.005313895368293719
7302,2021-07-17,Dutchess,13,29626,943,807952,0.013785790031813362,5.0,0.005826183469583487
7303,2021-07-18,Dutchess,6,29632,548,808500,0.010948905109489052,4.0,0.0056558671678803235
7304,2021-07-19,Dutchess,9,29641,680,809180,0.013235294117647059,5.0,0.006146286265455659
7305,2021-07-20,Dutchess,15,29656,1060,810240,0.014150943396226415,5.0,0.006465823696983353
7306,2021-07-21,Dutchess,19,29675,1280,811520,0.01484375,6.0,0.006856971447066992
7307,2021-07-22,Dutchess,25,29700,997,812517,0.025075225677031094,7.0,0.007995743274617485
7308,2021-07-23,Dutchess,28,29728,1126,813643,0.02486678507992895,8.0,0.008350478100866853
7309,2021-07-24,Dutchess,20,29748,967,814610,0.020682523267838676,8.0,0.00884310190344009
7310,2021-07-25,Dutchess,9,29757,773,815383,0.01164294954721863,8.0,0.008892676506135058
7311,2021-07-26,Dutchess,14,29771,639,816022,0.02190923317683881,9.0,0.009512243581791613
7312,2021-07-27,Dutchess,20,29791,1195,817217,0.016736401673640166,9.0,0.00969691917303545
7313,2021-07-28,Dutchess,32,29823,1229,818446,0.026037428803905614,10.0,0.01049646765902871
7314,2021-07-29,Dutchess,24,29847,1184,819630,0.02027027027027027,10.0,0.010153256558545794
7315,2021-07-30,Dutchess,23,29870,1314,820944,0.01750380517503805,10.0,0.009627329422482159
7316,2021-07-31,Dutchess,44,29914,1260,822204,0.03492063492063492,11.0,0.01064433739768189
7317,2021-08-01,Dutchess,28,29942,894,823098,0.03131991051454139,13.0,0.012049834609633516
7318,2021-08-02,Dutchess,34,29976,923,824021,0.03683640303358613,14.0,0.013116061027972609
7319,2021-08-03,Dutchess,52,30028,1677,825698,0.031007751937984496,16.0,0.014135443189711489
7320,2021-08-04,Dutchess,76,30104,1480,827178,0.051351351351351354,20.0,0.015943580514529043
7321,2021-08-05,Dutchess,71,30175,1584,828762,0.04482323232323232,23.0,0.017697363518312047
7322,2020-03-01,Erie,0,0,0,0,,,
7323,2020-03-02,Erie,0,0,0,0,,,
7324,2020-03-03,Erie,0,0,0,0,,,
7325,2020-03-04,Erie,0,0,6,6,0.0,,
7326,2020-03-05,Erie,0,0,6,12,0.0,,
7327,2020-03-06,Erie,0,0,0,12,,,
7328,2020-03-07,Erie,0,0,2,14,0.0,0.0,
7329,2020-03-08,Erie,0,0,1,15,0.0,0.0,
7330,2020-03-09,Erie,0,0,1,16,0.0,0.0,
7331,2020-03-10,Erie,0,0,2,18,0.0,0.0,
7332,2020-03-11,Erie,0,0,0,18,,0.0,
7333,2020-03-12,Erie,0,0,13,31,0.0,0.0,
7334,2020-03-13,Erie,0,0,5,36,0.0,0.0,
7335,2020-03-14,Erie,3,3,22,58,0.13636363636363635,0.0,
7336,2020-03-15,Erie,3,6,10,68,0.3,0.0,
7337,2020-03-16,Erie,1,7,2,70,0.5,0.0,
7338,2020-03-17,Erie,0,7,2,72,0.0,0.0,
7339,2020-03-18,Erie,21,28,130,202,0.16153846153846155,2.0,0.07842157842157842
7340,2020-03-19,Erie,3,31,43,245,0.06976744186046512,2.0,0.08340496712589737
7341,2020-03-20,Erie,7,38,55,300,0.12727272727272726,2.0,0.09249587621680644
7342,2020-03-21,Erie,16,54,111,411,0.14414414414414414,3.0,0.093051626772557
7343,2020-03-22,Erie,33,87,247,658,0.13360323886639677,5.0,0.0811661438344425
7344,2020-03-23,Erie,20,107,100,758,0.2,7.0,0.05973757240587106
7345,2020-03-24,Erie,15,122,114,872,0.13157894736842105,8.0,0.06913606864647256
7346,2020-03-25,Erie,12,134,116,988,0.10344827586206896,7.0,0.06498676966958737
7347,2020-03-26,Erie,85,219,348,1336,0.2442528735632184,13.0,0.07745001479121262
7348,2020-03-27,Erie,99,318,370,1706,0.26756756756756755,20.0,0.08747107481227265
7349,2020-03-28,Erie,40,358,126,1832,0.31746031746031744,21.0,0.09985080147771357
7350,2020-03-29,Erie,18,376,67,1899,0.26865671641791045,20.0,0.10949747844567884
7351,2020-03-30,Erie,62,438,189,2088,0.328042328042328,23.0,0.11864335902013083
7352,2020-03-31,Erie,26,464,119,2207,0.2184873949579832,24.0,0.12485110527652814
7353,2020-04-01,Erie,153,617,571,2778,0.2679509632224168,34.0,0.1366012972308387
7354,2020-04-02,Erie,103,720,429,3207,0.2400932400932401,35.0,0.13630418055441168
7355,2020-04-03,Erie,88,808,317,3524,0.277602523659306,35.0,0.13702096313239298
7356,2020-04-04,Erie,110,918,402,3926,0.2736318407960199,40.0,0.13389035765637172
7357,2020-04-05,Erie,105,1023,549,4475,0.1912568306010929,46.0,0.1283617943837419
7358,2020-04-06,Erie,112,1135,396,4871,0.2828282828282828,49.0,0.12513221972559582
7359,2020-04-07,Erie,70,1205,295,5166,0.23728813559322035,52.0,0.12647512977096992
7360,2020-04-08,Erie,157,1362,458,5624,0.34279475982532753,53.0,0.1318211152426064
7361,2020-04-09,Erie,47,1409,309,5933,0.15210355987055016,49.0,0.12553613808384284
7362,2020-04-10,Erie,63,1472,297,6230,0.21212121212121213,47.0,0.12085890154540756
7363,2020-04-11,Erie,99,1571,317,6547,0.31230283911671924,46.0,0.1236211157111718
7364,2020-04-12,Erie,53,1624,182,6729,0.29120879120879123,42.0,0.13076054146886454
7365,2020-04-13,Erie,44,1668,223,6952,0.19730941704035873,38.0,0.1246520510554414
7366,2020-04-14,Erie,83,1751,326,7278,0.254601226993865,39.0,0.12588870044120173
7367,2020-04-15,Erie,99,1850,394,7672,0.2512690355329949,34.0,0.11935114870603511
7368,2020-04-16,Erie,79,1929,348,8020,0.22701149425287356,37.0,0.12470171544762963
7369,2020-04-17,Erie,68,1997,262,8282,0.2595419847328244,37.0,0.12808891349131624
7370,2020-04-18,Erie,73,2070,367,8649,0.1989100817438692,35.0,0.11998943082182693
7371,2020-04-19,Erie,39,2109,199,8848,0.19597989949748743,34.0,0.11318736712816238
7372,2020-04-20,Erie,38,2147,258,9106,0.14728682170542637,34.0,0.10961432460423863
7373,2020-04-21,Erie,86,2233,347,9453,0.2478386167146974,34.0,0.10913128101286952
7374,2020-04-22,Erie,217,2450,1307,10760,0.1660290742157613,42.0,0.10304271234735284
7375,2020-04-23,Erie,153,2603,982,11742,0.15580448065173116,48.0,0.09795649709012837
7376,2020-04-24,Erie,170,2773,872,12614,0.19495412844036697,55.0,0.09334307878352428
7377,2020-04-25,Erie,181,2954,795,13409,0.22767295597484277,63.0,0.09539756980002238
7378,2020-04-26,Erie,67,3021,508,13917,0.13188976377952755,65.0,0.09081970296302525
7379,2020-04-27,Erie,68,3089,586,14503,0.11604095563139932,67.0,0.08858785538630902
7380,2020-04-28,Erie,107,3196,716,15219,0.1494413407821229,68.0,0.08155947853398228
7381,2020-04-29,Erie,123,3319,885,16104,0.13898305084745763,62.0,0.0796276197219606
7382,2020-04-30,Erie,162,3481,905,17009,0.17900552486187846,62.0,0.08128483716554255
7383,2020-05-01,Erie,117,3598,1058,18067,0.11058601134215501,58.0,0.07525854308709883
7384,2020-05-02,Erie,112,3710,799,18866,0.14017521902377972,54.0,0.06900870473345147
7385,2020-05-03,Erie,92,3802,760,19626,0.12105263157894737,55.0,0.06823462386198145
7386,2020-05-04,Erie,89,3891,779,20405,0.11424903722721438,57.0,0.06810662969025397
7387,2020-05-05,Erie,117,4008,1498,21903,0.07810413885180241,58.0,0.06301111526665965
7388,2020-05-06,Erie,128,4136,1164,23067,0.10996563573883161,58.0,0.06093844275890064
7389,2020-05-07,Erie,119,4255,1008,24075,0.11805555555555555,55.0,0.05658487352273472
7390,2020-05-08,Erie,82,4337,1049,25124,0.07816968541468065,52.0,0.05426942167077226
7391,2020-05-09,Erie,116,4453,1231,26355,0.09423233143785541,53.0,0.05098778684320625
7392,2020-05-10,Erie,30,4483,386,26741,0.07772020725388601,48.0,0.04789261367713043
7393,2020-05-11,Erie,47,4530,696,27437,0.06752873563218391,45.0,0.0445554492774854
7394,2020-05-12,Erie,76,4606,1591,29028,0.04776869893148963,42.0,0.042388632140320195
7395,2020-05-13,Erie,65,4671,1664,30692,0.0390625,38.0,0.03732412244468937
7396,2020-05-14,Erie,111,4782,1690,32382,0.06568047337278106,37.0,0.03358304514591976
7397,2020-05-15,Erie,85,4867,1164,33546,0.07302405498281787,37.0,0.03321550011507242
7398,2020-05-16,Erie,87,4954,1827,35373,0.047619047619047616,35.0,0.029885979842300434
7399,2020-05-17,Erie,39,4993,628,36001,0.06210191082802548,36.0,0.028770387240453252
7400,2020-05-18,Erie,44,5037,934,36935,0.047109207708779445,36.0,0.02731184953163865
7401,2020-05-19,Erie,94,5131,2198,39133,0.042766151046405826,37.0,0.02695452468270409
7402,2020-05-20,Erie,139,5270,2974,42107,0.04673839946200403,42.0,0.02750280321570438
7403,2020-05-21,Erie,127,5397,2175,44282,0.05839080459770115,43.0,0.02698211258891296
7404,2020-05-22,Erie,155,5552,2767,47049,0.056017347307553304,48.0,0.025767347754965485
7405,2020-05-23,Erie,74,5626,1742,48791,0.04247990815154994,48.0,0.02540026636442994
7406,2020-05-24,Erie,74,5700,1718,50509,0.04307334109429569,50.0,0.02404108281202067
7407,2020-05-25,Erie,53,5753,1334,51843,0.03973013493253373,51.0,0.02351400618514598
7408,2020-05-26,Erie,57,5810,1572,53415,0.03625954198473282,48.0,0.023049248395026478
7409,2020-05-27,Erie,76,5886,2367,55782,0.03210815378115758,44.0,0.022004230846394586
7410,2020-05-28,Erie,49,5935,1944,57726,0.025205761316872428,38.0,0.01963387061204968
7411,2020-05-29,Erie,79,6014,2434,60160,0.03245686113393591,33.0,0.01795097874250558
7412,2020-05-30,Erie,56,6070,2402,62562,0.02331390507910075,31.0,0.016581978523044924
7413,2020-05-31,Erie,53,6123,1951,64513,0.02716555612506407,30.0,0.015445708168099806
7414,2020-06-01,Erie,50,6173,2225,66738,0.02247191011235955,30.0,0.014212977823801652
7415,2020-06-02,Erie,61,6234,3364,70102,0.018133174791914387,30.0,0.012918237310028904
7416,2020-06-03,Erie,74,6308,2639,72741,0.02804092459264873,30.0,0.012627720939421131
7417,2020-06-04,Erie,51,6359,2896,75637,0.01761049723756906,30.0,0.012085202076613748
7418,2020-06-05,Erie,70,6429,4101,79738,0.01706900755913192,29.0,0.010986069678413462
7419,2020-06-06,Erie,57,6486,2102,81840,0.027117031398667935,29.0,0.011257721558382547
7420,2020-06-07,Erie,45,6531,1670,83510,0.02694610778443114,29.0,0.011242046676908767
7421,2020-06-08,Erie,64,6595,3600,87110,0.017777777777777778,30.0,0.010906751510152926
7422,2020-06-09,Erie,21,6616,2358,89468,0.008905852417302799,27.0,0.010247657054823526
7423,2020-06-10,Erie,43,6659,2427,91895,0.017717346518335394,25.0,0.009510258620944002
7424,2020-06-11,Erie,58,6717,3047,94942,0.019035116508040694,25.0,0.009612017140263404
7425,2020-06-12,Erie,36,6753,2819,97761,0.012770485987938986,23.0,0.009304979885178196
7426,2020-06-13,Erie,32,6785,2624,100385,0.012195121951219513,21.0,0.00823912921036045
7427,2020-06-14,Erie,32,6817,1796,102181,0.017817371937639197,20.0,0.0075870766498753114
7428,2020-06-15,Erie,35,6852,2174,104355,0.01609935602575897,18.0,0.007467189381873968
7429,2020-06-16,Erie,30,6882,2419,106774,0.012401818933443571,19.0,0.007716901275884023
7430,2020-06-17,Erie,38,6920,2888,109662,0.013157894736842105,18.0,0.007391226148634503
7431,2020-06-18,Erie,35,6955,3405,113067,0.010279001468428781,17.0,0.006765789360090794
7432,2020-06-19,Erie,25,6980,3055,116122,0.008183306055646482,16.0,0.00643813365064133
7433,2020-06-20,Erie,24,7004,2204,118326,0.010889292196007259,15.0,0.006344860096697598
7434,2020-06-21,Erie,31,7035,2224,120550,0.01393884892086331,15.0,0.006067822738356462
7435,2020-06-22,Erie,38,7073,2083,122633,0.018242918867018725,15.0,0.006220934369875017
7436,2020-06-23,Erie,35,7108,2861,125494,0.01223348479552604,16.0,0.006208910502880907
7437,2020-06-24,Erie,30,7138,3065,128559,0.009787928221859706,15.0,0.005968198608953592
7438,2020-06-25,Erie,43,7181,2620,131179,0.016412213740458016,16.0,0.0064062851998128246
7439,2020-06-26,Erie,25,7206,2428,133607,0.01029654036243822,16.0,0.0065572305074408045
7440,2020-06-27,Erie,22,7228,2116,135723,0.010396975425330813,16.0,0.006522065023821059
7441,2020-06-28,Erie,21,7249,1787,137510,0.011751538891997761,15.0,0.006365828593187807
7442,2020-06-29,Erie,43,7292,2534,140044,0.01696921862667719,15.0,0.006274850004591981
7443,2020-06-30,Erie,45,7337,2670,142714,0.016853932584269662,16.0,0.006604881989502241
7444,2020-07-01,Erie,33,7370,2959,145673,0.011152416356877323,16.0,0.006702345427717784
7445,2020-07-02,Erie,57,7427,2920,148593,0.01952054794520548,17.0,0.006924369299485461
7446,2020-07-03,Erie,35,7462,2542,151135,0.013768686073957514,18.0,0.007172379707451125
7447,2020-07-04,Erie,13,7475,1775,152910,0.007323943661971831,17.0,0.006952877438639769
7448,2020-07-05,Erie,25,7500,1603,154513,0.015595757953836557,17.0,0.007227464514485396
7449,2020-07-06,Erie,44,7544,2750,157263,0.016,18.0,0.007158234612579883
7450,2020-07-07,Erie,52,7596,3240,160503,0.016049382716049384,18.0,0.007100766764849864
7451,2020-07-08,Erie,28,7624,3212,163715,0.008717310087173101,18.0,0.006926830602728133
7452,2020-07-09,Erie,36,7660,3299,167014,0.010912397696271597,16.0,0.006311962727804284
7453,2020-07-10,Erie,51,7711,2752,169766,0.018531976744186048,17.0,0.006652197775677751
7454,2020-07-11,Erie,31,7742,2421,172187,0.012804626187525816,19.0,0.007043675098931607
7455,2020-07-12,Erie,24,7766,1765,173952,0.013597733711048159,19.0,0.00690095908158958
7456,2020-07-13,Erie,67,7833,2651,176603,0.025273481705016976,20.0,0.007563350631947935
7457,2020-07-14,Erie,58,7891,2975,179578,0.019495798319327733,21.0,0.007809523175039246
7458,2020-07-15,Erie,36,7927,3015,182593,0.011940298507462687,21.0,0.008039736633631358
7459,2020-07-16,Erie,55,7982,3391,185984,0.016219404305514596,23.0,0.008418808534291573
7460,2020-07-17,Erie,34,8016,2039,188023,0.016674840608141245,21.0,0.008286155953145514
7461,2020-07-18,Erie,19,8035,1699,189722,0.011183048852266038,20.0,0.00817032900062696
7462,2020-07-19,Erie,11,8046,1434,191156,0.007670850767085077,20.0,0.007746980218915311
7463,2020-07-20,Erie,60,8106,3225,194381,0.018604651162790697,19.0,0.007270635180184863
7464,2020-07-21,Erie,29,8135,2772,197153,0.010461760461760462,17.0,0.0066253467617872
7465,2020-07-22,Erie,52,8187,3067,200220,0.016954678839256603,18.0,0.006983516785486765
7466,2020-07-23,Erie,47,8234,3348,203568,0.014038231780167264,18.0,0.006827718747961955
7467,2020-07-24,Erie,48,8282,4090,207658,0.0117359413202934,19.0,0.0064749402274013965
7468,2020-07-25,Erie,19,8301,1879,209537,0.010111761575306013,19.0,0.0063984197076185365
7469,2020-07-26,Erie,26,8327,1845,211382,0.014092140921409214,20.0,0.00685708329007026
7470,2020-07-27,Erie,37,8364,2806,214188,0.013186029935851747,18.0,0.006470038916717478
7471,2020-07-28,Erie,46,8410,2416,216604,0.01903973509933775,19.0,0.0070827513908301425
7472,2020-07-29,Erie,24,8434,3886,220490,0.006176016469377252,17.0,0.006312846935838759
7473,2020-07-30,Erie,58,8492,3108,223598,0.01866151866151866,18.0,0.0066430817130781455
7474,2020-07-31,Erie,56,8548,3740,227338,0.014973262032085561,19.0,0.006874318906777585
7475,2020-08-01,Erie,24,8572,2624,229962,0.009146341463414634,19.0,0.006805360327356772
7476,2020-08-02,Erie,54,8626,2148,232110,0.025139664804469275,21.0,0.007594469176146777
7477,2020-08-03,Erie,41,8667,3906,236016,0.010496671786994368,21.0,0.007402372165514108
7478,2020-08-04,Erie,35,8702,5925,241941,0.00590717299578059,20.0,0.006464332015260025
7479,2020-08-05,Erie,35,8737,3420,245361,0.01023391812865497,21.0,0.006754182133779861
7480,2020-08-06,Erie,54,8791,3434,248795,0.0157251019219569,21.0,0.006544438080954021
7481,2020-08-07,Erie,59,8850,4495,253290,0.013125695216907676,21.0,0.00641246902272703
7482,2020-08-08,Erie,54,8904,2649,255939,0.020385050962627407,23.0,0.007215233986956513
7483,2020-08-09,Erie,14,8918,1745,257684,0.008022922636103151,20.0,0.005992609546358933
7484,2020-08-10,Erie,69,8987,4022,261706,0.017155643958229737,22.0,0.006468250415732888
7485,2020-08-11,Erie,26,9013,3239,264945,0.00802716887928373,22.0,0.00661967869312597
7486,2020-08-12,Erie,20,9033,2742,267687,0.007293946024799417,21.0,0.0064096806857077155
7487,2020-08-13,Erie,31,9064,3467,271154,0.008941447937698297,19.0,0.005925133972546387
7488,2020-08-14,Erie,50,9114,3109,274263,0.01608234158893535,18.0,0.006136322999119793
7489,2020-08-15,Erie,33,9147,2644,276907,0.012481089258698942,17.0,0.005571754305982045
7490,2020-08-16,Erie,10,9157,1992,278899,0.0050200803212851405,17.0,0.00535726556920933
7491,2020-08-17,Erie,30,9187,2900,281799,0.010344827586206896,14.0,0.004870778685493412
7492,2020-08-18,Erie,54,9241,3346,285145,0.016138673042438732,16.0,0.0054501718400044846
7493,2020-08-19,Erie,42,9283,3339,288484,0.012578616352201259,17.0,0.005827648291961758
7494,2020-08-20,Erie,81,9364,4163,292647,0.019457122267595484,21.0,0.006578767886954414
7495,2020-08-21,Erie,49,9413,3703,296350,0.013232514177693762,21.0,0.006375208786151444
7496,2020-08-22,Erie,52,9465,2255,298605,0.023059866962305987,22.0,0.007130835764980518
7497,2020-08-23,Erie,26,9491,1452,300057,0.01790633608815427,23.0,0.00805128260547117
7498,2020-08-24,Erie,55,9546,3320,303377,0.016566265060240965,25.0,0.008495670996473604
7499,2020-08-25,Erie,43,9589,2649,306026,0.016232540581351453,24.0,0.008502375820681656
7500,2020-08-26,Erie,79,9668,3893,309919,0.02029283329052145,27.0,0.009053391316275956
7501,2020-08-27,Erie,45,9713,4199,314118,0.010716837342224339,24.0,0.008429085250178017
7502,2020-08-28,Erie,28,9741,3012,317130,0.009296148738379814,23.0,0.00814791629022702
7503,2020-08-29,Erie,66,9807,3774,320904,0.017488076311605722,24.0,0.00774993124374843
7504,2020-08-30,Erie,65,9872,2691,323595,0.024154589371980676,27.0,0.00819623504973603
7505,2020-08-31,Erie,75,9947,3839,327434,0.01953633758791352,28.0,0.008408383087426927
7506,2020-09-01,Erie,70,10017,4364,331798,0.016040329972502293,30.0,0.008394653758223415
7507,2020-09-02,Erie,69,10086,3801,335599,0.018153117600631413,29.0,0.00824181692323127
7508,2020-09-03,Erie,70,10156,3606,339205,0.019412090959511925,31.0,0.008862906467323241
7509,2020-09-04,Erie,56,10212,4124,343329,0.013579049466537343,33.0,0.009168827947905921
7510,2020-09-05,Erie,54,10266,2017,345346,0.026772434308378782,32.0,0.009831996376246854
7511,2020-09-06,Erie,54,10320,2176,347522,0.024816176470588234,32.0,0.009879252597575964
7512,2020-09-07,Erie,26,10346,2250,349772,0.011555555555555555,28.0,0.009309196738121825
7513,2020-09-08,Erie,48,10394,2523,352295,0.019024970273483946,26.0,0.009522385331049085
7514,2020-09-09,Erie,50,10444,4218,356513,0.011853959222380275,25.0,0.00907244544688829
7515,2020-09-10,Erie,59,10503,3118,359631,0.01892238614496472,24.0,0.00903746653156349
7516,2020-09-11,Erie,64,10567,3728,363359,0.017167381974248927,25.0,0.009293775996400033
7517,2020-09-12,Erie,70,10637,3130,366489,0.022364217252396165,26.0,0.00897890334954413
7518,2020-09-13,Erie,31,10668,2288,368777,0.013548951048951048,24.0,0.008174101533712902
7519,2020-09-14,Erie,48,10716,2882,371659,0.016655100624566273,26.0,0.008538354752927954
7520,2020-09-15,Erie,36,10752,2568,374227,0.014018691588785047,25.0,0.008180763418306604
7521,2020-09-16,Erie,81,10833,4437,378664,0.018255578093306288,27.0,0.008638021909087034
7522,2020-09-17,Erie,40,10873,2670,381334,0.0149812734082397,26.0,0.008356513856463818
7523,2020-09-18,Erie,44,10917,4544,385878,0.009683098591549295,25.0,0.007821922186270987
7524,2020-09-19,Erie,82,10999,4104,389982,0.019980506822612085,25.0,0.007651657155572123
7525,2020-09-20,Erie,43,11042,2187,392169,0.019661636945587563,26.0,0.008088277576760446
7526,2020-09-21,Erie,40,11082,2592,394761,0.015432098765432098,26.0,0.008000920301108005
7527,2020-09-22,Erie,30,11112,3058,397819,0.009810333551340745,25.0,0.007700323298433412
7528,2020-09-23,Erie,89,11201,4107,401926,0.021670318967616266,26.0,0.007944233360884125
7529,2020-09-24,Erie,50,11251,3783,405709,0.013217023526301877,27.0,0.00781821551217428
7530,2020-09-25,Erie,57,11308,3901,409610,0.014611638041527814,27.0,0.008170254044315603
7531,2020-09-26,Erie,34,11342,3908,413518,0.008700102354145343,24.0,0.00736451086799655
7532,2020-09-27,Erie,17,11359,1515,415033,0.011221122112211221,22.0,0.006761616951326811
7533,2020-09-28,Erie,86,11445,5162,420195,0.01666020922123208,25.0,0.006849339126741097
7534,2020-09-29,Erie,55,11500,5326,425521,0.010326699211415697,27.0,0.006886222388175022
7535,2020-09-30,Erie,74,11574,3856,429377,0.019190871369294607,26.0,0.006709118988294903
7536,2020-10-01,Erie,63,11637,5162,434539,0.012204571871367687,27.0,0.006636801012942462
7537,2020-10-02,Erie,60,11697,4462,439001,0.01344688480502017,27.0,0.006553604353191915
7538,2020-10-03,Erie,70,11767,6965,445966,0.010050251256281407,30.0,0.006650043560487348
7539,2020-10-04,Erie,31,11798,2448,448414,0.012663398692810458,31.0,0.006753063316244436
7540,2020-10-05,Erie,66,11864,3354,451768,0.01967799642218247,29.0,0.00696861954488375
7541,2020-10-06,Erie,34,11898,3953,455721,0.008601062484189223,28.0,0.006845359778653287
7542,2020-10-07,Erie,55,11953,4054,459775,0.01356684755796744,27.0,0.006443643792129918
7543,2020-10-08,Erie,45,11998,4900,464675,0.009183673469387756,25.0,0.006227865334845637
7544,2020-10-09,Erie,57,12055,4372,469047,0.01303751143641354,25.0,0.006198624379945164
7545,2020-10-10,Erie,52,12107,3399,472446,0.015298617240364814,24.0,0.00657350766452255
7546,2020-10-11,Erie,47,12154,3798,476244,0.012374934175882044,25.0,0.00655290305617052
7547,2020-10-12,Erie,28,12182,3453,479697,0.00810889081957718,22.0,0.0057265383702701424
7548,2020-10-13,Erie,34,12216,3972,483669,0.008559919436052367,22.0,0.00572359958111751
7549,2020-10-14,Erie,53,12269,4562,488231,0.011617711530030689,22.0,0.005584375579122028
7550,2020-10-15,Erie,55,12324,4569,492800,0.012037644998905668,23.0,0.005788230688373307
7551,2020-10-16,Erie,69,12393,5236,498036,0.013177998472116119,24.0,0.0057982654766377765
7552,2020-10-17,Erie,58,12451,3684,501720,0.015743756786102063,24.0,0.0058300611584761524
7553,2020-10-18,Erie,17,12468,2065,503785,0.008232445520581114,22.0,0.0055341691116689426
7554,2020-10-19,Erie,45,12513,4108,507893,0.010954235637779941,23.0,0.005737408027254855
7555,2020-10-20,Erie,61,12574,4398,512291,0.01386994088221919,25.0,0.0061166952734096275
7556,2020-10-21,Erie,76,12650,5874,518165,0.012938372488934287,27.0,0.006211028199045598
7557,2020-10-22,Erie,55,12705,4845,523010,0.011351909184726523,27.0,0.006162047069461375
7558,2020-10-23,Erie,77,12782,7071,530081,0.010889548861547164,27.0,0.005998586382992162
7559,2020-10-24,Erie,37,12819,2645,532726,0.013988657844990548,26.0,0.005873222172912769
7560,2020-10-25,Erie,36,12855,3109,535835,0.011579285944033452,27.0,0.006112282203159365
7561,2020-10-26,Erie,116,12971,4264,540099,0.027204502814258912,32.0,0.007273015572907862
7562,2020-10-27,Erie,50,13021,4485,544584,0.011148272017837236,31.0,0.007078610654023437
7563,2020-10-28,Erie,140,13161,4756,549340,0.02943650126156434,36.0,0.008257048423497013
7564,2020-10-29,Erie,101,13262,4797,554137,0.021054825932874714,39.0,0.008950113905507597
7565,2020-10-30,Erie,151,13413,5294,559431,0.028522856063468077,45.0,0.010209635848501947
7566,2020-10-31,Erie,118,13531,4416,563847,0.026721014492753624,50.0,0.01111908989477074
7567,2020-11-01,Erie,53,13584,2604,566451,0.020353302611367127,52.0,0.011745805371008859
7568,2020-11-02,Erie,164,13748,4798,571249,0.03418090871196332,55.0,0.012244120077987747
7569,2020-11-03,Erie,160,13908,3924,575173,0.040774719673802244,63.0,0.014360294910556673
7570,2020-11-04,Erie,215,14123,5681,580854,0.03784544974476325,68.0,0.014960934087928026
7571,2020-11-05,Erie,215,14338,6263,587117,0.03432859651923998,76.0,0.015909060558382686
7572,2020-11-06,Erie,379,14717,8038,595155,0.04715103259517293,93.0,0.017239644596361608
7573,2020-11-07,Erie,271,14988,4678,599833,0.0579307396323215,104.0,0.01946891067775931
7574,2020-11-08,Erie,228,15216,3792,603625,0.060126582278481014,116.0,0.0223098592254103
7575,2020-11-09,Erie,390,15606,6103,609728,0.06390299852531542,132.0,0.024432865640649736
7576,2020-11-10,Erie,422,16028,7615,617343,0.05541694024950755,151.0,0.025478738538914403
7577,2020-11-11,Erie,512,16540,7940,625283,0.06448362720403022,172.0,0.027381465500290615
7578,2020-11-12,Erie,481,17021,10222,635505,0.04705537076892976,191.0,0.028290520803839887
7579,2020-11-13,Erie,448,17469,8737,644242,0.0512761817557514,196.0,0.028585174315309773
7580,2020-11-14,Erie,277,17746,4435,648677,0.06245772266065389,197.0,0.02890853024590495
7581,2020-11-15,Erie,272,18018,4561,653238,0.059636044727033544,200.0,0.028873491849372983
7582,2020-11-16,Erie,392,18410,5246,658484,0.07472359893252002,200.0,0.029646391878459025
7583,2020-11-17,Erie,573,18983,9605,668089,0.05965642894325872,211.0,0.02994921249944125
7584,2020-11-18,Erie,490,19473,10099,678188,0.048519655411426874,209.0,0.028808928799969585
7585,2020-11-19,Erie,630,20103,14573,692761,0.04323063199066767,220.0,0.028535733172950863
7586,2020-11-20,Erie,451,20554,7415,700176,0.06082265677680378,220.0,0.02921762424588318
7587,2020-11-21,Erie,521,21075,7823,707999,0.06659849162725297,237.0,0.029513393457783112
7588,2020-11-22,Erie,497,21572,8160,716159,0.06090686274509804,253.0,0.029604166173359148
7589,2020-11-23,Erie,301,21873,5013,721172,0.06004388589666866,247.0,0.028555615242226908
7590,2020-11-24,Erie,685,22558,9644,730816,0.07102861883036085,255.0,0.02936791451987706
7591,2020-11-25,Erie,513,23071,8746,739562,0.058655385319002974,257.0,0.030091895227561064
7592,2020-11-26,Erie,862,23933,10322,749884,0.08351094749079636,273.0,0.032969060620427405
7593,2020-11-27,Erie,507,24440,6580,756464,0.0770516717325228,277.0,0.03412827597440733
7594,2020-11-28,Erie,502,24942,6627,763091,0.07575071676475026,276.0,0.03478200634137142
7595,2020-11-29,Erie,485,25427,6152,769243,0.07883615084525357,275.0,0.03606266977709682
7596,2020-11-30,Erie,615,26042,6542,775785,0.09400794863955977,297.0,0.038488674258731904
7597,2020-12-01,Erie,476,26518,6718,782503,0.07085442095861863,282.0,0.03847623155360746
7598,2020-12-02,Erie,592,27110,10430,792933,0.05675934803451582,288.0,0.03834080031900123
7599,2020-12-03,Erie,793,27903,9310,802243,0.08517722878625135,283.0,0.03845982041153373
7600,2020-12-04,Erie,778,28681,10602,812845,0.07338238068289002,302.0,0.03819772819370282
7601,2020-12-05,Erie,656,29337,9490,822335,0.06912539515279241,313.0,0.037724490935705825
7602,2020-12-06,Erie,383,29720,6581,828916,0.05819784227321076,306.0,0.03625032603770277
7603,2020-12-07,Erie,353,30073,6837,835753,0.051630832236360974,287.0,0.03322338915176
7604,2020-12-08,Erie,646,30719,7881,843634,0.08196929323689887,300.0,0.03401730860020859
7605,2020-12-09,Erie,563,31282,9489,853123,0.05933185794077353,298.0,0.034201059307798425
7606,2020-12-10,Erie,733,32015,9738,862861,0.07527212980078045,293.0,0.033493552237407645
7607,2020-12-11,Erie,474,32489,10333,873194,0.0458724474983064,272.0,0.03152855700993738
7608,2020-12-12,Erie,520,33009,7153,880347,0.0726967705857682,262.0,0.031783655255149944
7609,2020-12-13,Erie,388,33397,6383,886730,0.06078646404511985,262.0,0.031968556810286305
7610,2020-12-14,Erie,396,33793,6742,893472,0.05873628003559775,265.0,0.03247608879594607
7611,2020-12-15,Erie,388,34181,7361,900833,0.05271022958837115,247.0,0.0303861556781941
7612,2020-12-16,Erie,576,34757,10154,910987,0.056726413236163085,248.0,0.030200052485007633
7613,2020-12-17,Erie,750,35507,9974,920961,0.07519550832163625,249.0,0.030194579522211617
7614,2020-12-18,Erie,446,35953,8521,929482,0.05234127449829832,247.0,0.03065663859363962
7615,2020-12-19,Erie,447,36400,7848,937330,0.05695718654434251,242.0,0.029532382590680636
7616,2020-12-20,Erie,388,36788,5887,943217,0.06590793273314081,242.0,0.02989820178268213
7617,2020-12-21,Erie,426,37214,6815,950032,0.06250917094644168,244.0,0.030167693990599553
7618,2020-12-22,Erie,541,37755,10159,960191,0.053253272959937,255.0,0.030206482802854262
7619,2020-12-23,Erie,441,38196,10252,970443,0.04301599687865782,245.0,0.029227167348746745
7620,2020-12-24,Erie,656,38852,11678,982121,0.056174002397670834,238.0,0.027868488354177788
7621,2020-12-25,Erie,331,39183,5382,987503,0.061501300631735416,230.0,0.02852277593513758
7622,2020-12-26,Erie,303,39486,5352,992855,0.05661434977578475,220.0,0.028498287594526307
7623,2020-12-27,Erie,388,39874,4351,997206,0.08917490232130544,220.0,0.030160213993680924
7624,2020-12-28,Erie,382,40256,5287,1002493,0.07225269529033479,217.0,0.030856180018244715
7625,2020-12-29,Erie,329,40585,6068,1008561,0.0542188529993408,202.0,0.030925150021059278
7626,2020-12-30,Erie,667,41252,8826,1017387,0.07557217312485837,218.0,0.03325059118150217
7627,2020-12-31,Erie,736,41988,9650,1027037,0.07626943005181347,224.0,0.03468597887108379
7628,2021-01-01,Erie,477,42465,7118,1034155,0.06701320595672942,234.0,0.03507968639429765
7629,2021-01-02,Erie,468,42933,5569,1039724,0.08403663135212786,246.0,0.03703842079260787
7630,2021-01-03,Erie,509,43442,5787,1045511,0.08795576291688267,254.0,0.036951339406577674
7631,2021-01-04,Erie,374,43816,4309,1049820,0.08679508006498027,254.0,0.0379900811761952
7632,2021-01-05,Erie,800,44616,10112,1059932,0.07911392405063292,287.0,0.03976830053700179
7633,2021-01-06,Erie,461,45077,8028,1067960,0.057424015944195314,273.0,0.03847200359552585
7634,2021-01-07,Erie,1032,46109,13156,1081116,0.07844329583460018,294.0,0.03862727972286776
7635,2021-01-08,Erie,777,46886,13247,1094363,0.058654789763720086,315.0,0.038030249994795665
7636,2021-01-09,Erie,663,47549,12221,1106584,0.05425087963341789,329.0,0.0359026963006021
7637,2021-01-10,Erie,355,47904,5365,1111949,0.06616961789375582,318.0,0.03434654308466446
7638,2021-01-11,Erie,550,48454,7780,1119729,0.07069408740359898,331.0,0.03319647218028009
7639,2021-01-12,Erie,528,48982,10390,1130119,0.05081809432146295,311.0,0.031175341485339375
7640,2021-01-13,Erie,496,49478,7337,1137456,0.06760256235518604,314.0,0.031902380514695856
7641,2021-01-14,Erie,749,50227,11904,1149360,0.06292002688172044,294.0,0.03079357558949015
7642,2021-01-15,Erie,489,50716,12089,1161449,0.0404499958640086,273.0,0.029493233168082195
7643,2021-01-16,Erie,668,51384,11718,1173167,0.0570063150708312,273.0,0.02969004998504029
7644,2021-01-17,Erie,334,51718,4971,1178138,0.0671897002615168,272.0,0.02976291301130893
7645,2021-01-18,Erie,510,52228,5910,1184048,0.08629441624365482,269.0,0.03087722221417006
7646,2021-01-19,Erie,245,52473,6301,1190349,0.03888271702904301,249.0,0.030024695264711493
7647,2021-01-20,Erie,591,53064,11161,1201510,0.05295224442254278,256.0,0.028978243983808404
7648,2021-01-21,Erie,541,53605,11625,1213135,0.04653763440860215,241.0,0.027808073092871387
7649,2021-01-22,Erie,492,54097,11036,1224171,0.044581370061616526,241.0,0.028103171249843375
7650,2021-01-23,Erie,405,54502,7922,1232093,0.05112345367331482,222.0,0.02768296686430649
7651,2021-01-24,Erie,371,54873,6810,1238903,0.05447870778267254,225.0,0.02677503883010333
7652,2021-01-25,Erie,311,55184,4451,1243354,0.06987193889013704,211.0,0.02560200473342349
7653,2021-01-26,Erie,409,55593,8865,1252219,0.04613649182177101,222.0,0.02612013150433263
7654,2021-01-27,Erie,487,56080,9228,1261447,0.05277416558300824,215.0,0.026107411587223024
7655,2021-01-28,Erie,496,56576,10145,1271592,0.048891079349433215,212.0,0.026275514797282382
7656,2021-01-29,Erie,398,56974,8937,1280529,0.04453395994181493,205.0,0.0262721283601537
7657,2021-01-30,Erie,432,57406,10111,1290640,0.042725744238947684,207.0,0.02567229197198462
7658,2021-01-31,Erie,236,57642,4698,1295338,0.05023414218816517,197.0,0.025369108715234092
7659,2021-02-01,Erie,216,57858,3605,1298943,0.05991678224687933,191.0,0.024658026097858537
7660,2021-02-02,Erie,241,58099,5232,1304175,0.04606269113149847,179.0,0.02465275461998193
7661,2021-02-03,Erie,513,58612,8940,1313115,0.05738255033557047,180.0,0.024981924959450664
7662,2021-02-04,Erie,341,58953,9140,1322255,0.03730853391684902,169.0,0.02415460028569465
7663,2021-02-05,Erie,386,59339,10898,1333153,0.03541934299871536,168.0,0.023503556218330394
7664,2021-02-06,Erie,269,59608,10826,1343979,0.024847589137262146,157.0,0.02222654513963857
7665,2021-02-07,Erie,259,59867,5375,1349354,0.04818604651162791,158.0,0.02208025259131448
7666,2021-02-08,Erie,131,59998,2566,1351920,0.051052221356196414,152.0,0.021447069670551412
7667,2021-02-09,Erie,350,60348,7087,1359007,0.04938620008466206,160.0,0.021684463167205955
7668,2021-02-10,Erie,388,60736,12134,1371141,0.031976265040382396,151.0,0.019869728503263955
7669,2021-02-11,Erie,331,61067,7686,1378827,0.04306531355711683,151.0,0.020280927048997366
7670,2021-02-12,Erie,318,61385,9207,1388034,0.03453893776474422,146.0,0.02021804096085657
7671,2021-02-13,Erie,415,61800,9350,1397384,0.04438502673796792,156.0,0.021613572218049836
7672,2021-02-14,Erie,199,61999,11417,1408801,0.017430148024875185,152.0,0.01941672232613893
7673,2021-02-15,Erie,209,62208,3858,1412659,0.054173146708138935,157.0,0.019639645565563395
7674,2021-02-16,Erie,183,62391,4994,1417653,0.03664397276732079,145.0,0.018729486471467587
7675,2021-02-17,Erie,341,62732,8217,1425870,0.041499330655957165,142.0,0.019409705444008645
7676,2021-02-18,Erie,230,62962,9300,1435170,0.024731182795698924,135.0,0.01810012467533594
7677,2021-02-19,Erie,286,63248,8391,1443561,0.03408413776665475,133.0,0.01806763896118669
7678,2021-02-20,Erie,220,63468,20954,1464515,0.010499188699055074,119.0,0.015647221958407204
7679,2021-02-21,Erie,210,63678,4385,1468900,0.04789053591790194,119.0,0.017822963950766258
7680,2021-02-22,Erie,185,63863,3595,1472495,0.05146036161335188,118.0,0.01762919358685289
7681,2021-02-23,Erie,203,64066,11786,1484281,0.01722382487697268,119.0,0.016242040166113744
7682,2021-02-24,Erie,348,64414,10903,1495184,0.031917820783270656,120.0,0.015557646603778993
7683,2021-02-25,Erie,275,64689,15101,1510285,0.01821071452221707,123.0,0.015091898869958861
7684,2021-02-26,Erie,274,64963,12927,1523212,0.021195946468631547,122.0,0.014171313777242917
7685,2021-02-27,Erie,252,65215,24568,1547780,0.010257245197004234,124.0,0.014154032098525001
7686,2021-02-28,Erie,204,65419,4778,1552558,0.04269568857262453,124.0,0.013782971573862327
7687,2021-03-01,Erie,152,65571,3734,1556292,0.040707016604177824,122.0,0.013014875501778466
7688,2021-03-02,Erie,218,65789,8224,1564516,0.026507782101167315,123.0,0.013678015303506654
7689,2021-03-03,Erie,270,66059,14788,1579304,0.01825804706518799,117.0,0.012702317180786465
7690,2021-03-04,Erie,285,66344,9038,1588342,0.031533525116176145,118.0,0.0136539465089264
7691,2021-03-05,Erie,260,66604,14284,1602626,0.018202184262111454,117.0,0.01344010635131782
7692,2021-03-06,Erie,214,66818,17105,1619731,0.012510961707103186,114.0,0.013601086102039176
7693,2021-03-07,Erie,169,66987,4938,1624669,0.03422438234102876,112.0,0.012995992799782334
7694,2021-03-08,Erie,187,67174,4240,1628909,0.04410377358490566,114.0,0.01323861829840575
7695,2021-03-09,Erie,196,67370,12481,1641390,0.015703869882220976,112.0,0.012466910282766726
7696,2021-03-10,Erie,213,67583,9567,1650957,0.022264032612104107,108.0,0.01275305210754645
7697,2021-03-11,Erie,320,67903,21473,1672430,0.014902435616821124,111.0,0.011565117143306805
7698,2021-03-12,Erie,176,68079,10110,1682540,0.017408506429277944,105.0,0.011508425869532981
7699,2021-03-13,Erie,246,68325,12155,1694695,0.020238584944467296,107.0,0.012060398957916134
7700,2021-03-14,Erie,218,68543,4593,1699288,0.04746353146091879,111.0,0.013006052466479708
7701,2021-03-15,Erie,203,68746,3955,1703243,0.05132743362831858,112.0,0.013522028183866344
7702,2021-03-16,Erie,218,68964,8248,1711491,0.026430649854510185,113.0,0.014288226753315572
7703,2021-03-17,Erie,309,69273,18428,1729919,0.016767961797265033,120.0,0.013895650266541352
7704,2021-03-18,Erie,321,69594,8704,1738623,0.036879595588235295,120.0,0.01546544740735665
7705,2021-03-19,Erie,342,69936,10006,1748629,0.03417949230461723,132.0,0.016663374969880886
7706,2021-03-20,Erie,387,70323,14828,1763457,0.02609927164823307,142.0,0.0170819954487213
7707,2021-03-21,Erie,197,70520,4462,1767919,0.04415060510981623,141.0,0.01684535785221397
7708,2021-03-22,Erie,306,70826,4219,1772138,0.0725290353164257,148.0,0.018359757972793052
7709,2021-03-23,Erie,224,71050,8426,1780564,0.02658438167576549,149.0,0.018370738817168435
7710,2021-03-24,Erie,389,71439,12349,1792913,0.03150052635840959,154.0,0.019423064857250184
7711,2021-03-25,Erie,410,71849,12899,1805812,0.03178540972168385,161.0,0.0190591944382108
7712,2021-03-26,Erie,508,72357,10822,1816634,0.04694141563481796,172.0,0.019970760390367992
7713,2021-03-27,Erie,375,72732,13670,1830304,0.0274323335771763,172.0,0.020065979099578222
7714,2021-03-28,Erie,439,73171,6695,1836999,0.06557132188200149,189.0,0.021596030297591457
7715,2021-03-29,Erie,390,73561,4845,1841844,0.0804953560371517,195.0,0.02216505320621474
7716,2021-03-30,Erie,429,73990,8710,1850554,0.049253731343283584,210.0,0.02378429246818032
7717,2021-03-31,Erie,506,74496,8816,1859370,0.0573956442831216,218.0,0.02563394374851689
7718,2021-04-01,Erie,423,74919,10114,1869484,0.04182321534506624,219.0,0.026350929864472773
7719,2021-04-02,Erie,481,75400,12149,1881633,0.0395917359453453,217.0,0.025825952743796156
7720,2021-04-03,Erie,476,75876,8653,1890286,0.0550098231827112,224.0,0.027795773429905794
7721,2021-04-04,Erie,489,76365,6089,1896375,0.08030875348989983,228.0,0.028848447116184246
7722,2021-04-05,Erie,300,76665,4566,1900941,0.0657030223390276,221.0,0.027791851852032527
7723,2021-04-06,Erie,424,77089,7801,1908742,0.0543520061530573,221.0,0.028156014338444935
7724,2021-04-07,Erie,526,77615,9823,1918565,0.053547795989005394,222.0,0.02788116803172234
7725,2021-04-08,Erie,578,78193,16318,1934883,0.035421007476406426,233.0,0.027423867469675213
7726,2021-04-09,Erie,534,78727,11632,1946515,0.04590784044016506,237.0,0.027875017790733776
7727,2021-04-10,Erie,490,79217,8161,1954676,0.060041661561083204,238.0,0.02823443481776034
7728,2021-04-11,Erie,363,79580,4212,1958888,0.08618233618233619,229.0,0.02865397643864865
7729,2021-04-12,Erie,379,79959,5555,1964443,0.06822682268226822,235.0,0.02883424789173727
7730,2021-04-13,Erie,597,80556,10140,1974583,0.058875739644970414,247.0,0.029157371712588205
7731,2021-04-14,Erie,585,81141,12777,1987360,0.04578539563277765,251.0,0.028602914544286224
7732,2021-04-15,Erie,390,81531,9290,1996650,0.04198062432723358,238.0,0.02907145860505959
7733,2021-04-16,Erie,627,82158,8899,2005549,0.07045735475896168,245.0,0.030824995342116496
7734,2021-04-17,Erie,430,82588,10855,2016404,0.039613081529249194,240.0,0.02936581105412835
7735,2021-04-18,Erie,313,82901,5448,2021852,0.05745227606461087,237.0,0.027313663902862256
7736,2021-04-19,Erie,297,83198,4017,2025869,0.07393577296489919,231.0,0.02772144606590733
7737,2021-04-20,Erie,326,83524,8507,2034376,0.03832138239097214,212.0,0.02625327769062174
7738,2021-04-21,Erie,394,83918,11357,2045733,0.03469226028000352,198.0,0.025460910879709298
7739,2021-04-22,Erie,435,84353,9751,2055484,0.04461080914777971,201.0,0.02564878122403402
7740,2021-04-23,Erie,272,84625,9401,2064885,0.028933092224231464,176.0,0.02268276247155329
7741,2021-04-24,Erie,241,84866,7348,2072233,0.03279804028307022,162.0,0.022195973811111935
7742,2021-04-25,Erie,215,85081,5114,2077347,0.04204145482987876,155.0,0.02109520086577393
7743,2021-04-26,Erie,233,85314,3666,2081013,0.063557010365521,151.0,0.020353860680104058
7744,2021-04-27,Erie,223,85537,6558,2087571,0.034004269594388535,143.0,0.020045495480348088
7745,2021-04-28,Erie,342,85879,8739,2096310,0.03913491246138002,140.0,0.020362827779017833
7746,2021-04-29,Erie,288,86167,8670,2104980,0.03321799307958478,129.0,0.019549055202718196
7747,2021-04-30,Erie,272,86439,9385,2114365,0.02898241875332978,129.0,0.01955257852622522
7748,2021-05-01,Erie,167,86606,6835,2121200,0.02443306510607169,124.0,0.018955080299296757
7749,2021-05-02,Erie,136,86742,4039,2125239,0.03367170091606833,118.0,0.01835724073402458
7750,2021-05-03,Erie,155,86897,4055,2129294,0.03822441430332922,113.0,0.01654776958672517
7751,2021-05-04,Erie,120,87017,5404,2134698,0.02220577350111029,105.0,0.015705019865776722
7752,2021-05-05,Erie,136,87153,7398,2142096,0.018383346850500134,91.0,0.014222765179285302
7753,2021-05-06,Erie,144,87297,7133,2149229,0.020187859245759148,80.0,0.013292041334012041
7754,2021-05-07,Erie,272,87569,9620,2158849,0.028274428274428276,80.0,0.013241470585519078
7755,2021-05-08,Erie,133,87702,5763,2164612,0.02307825785181329,78.0,0.013144698638786336
7756,2021-05-09,Erie,88,87790,4058,2168670,0.02168555938886151,74.0,0.012288545672557275
7757,2021-05-10,Erie,87,87877,3179,2171849,0.02736709657124882,70.0,0.011513022977408678
7758,2021-05-11,Erie,95,87972,5326,2177175,0.01783702591062711,68.0,0.011200969578088448
7759,2021-05-12,Erie,143,88115,8997,2186172,0.01589418695120596,68.0,0.011023172442424579
7760,2021-05-13,Erie,113,88228,7353,2193525,0.015367877056983545,66.0,0.010678888000369178
7761,2021-05-14,Erie,122,88350,7907,2201432,0.015429366384216516,55.0,0.009761383579639767
7762,2021-05-15,Erie,84,88434,5629,2207061,0.014922721620181205,52.0,0.009178845277380334
7763,2021-05-16,Erie,73,88507,3446,2210507,0.02118398142774231,51.0,0.009143018280157535
7764,2021-05-17,Erie,53,88560,3934,2214441,0.013472292831723437,48.0,0.008150532298762864
7765,2021-05-18,Erie,78,88638,5560,2220001,0.014028776978417265,47.0,0.007878514517890732
7766,2021-05-19,Erie,88,88726,7454,2227455,0.011805741883552455,43.0,0.0075864827273440525
7767,2021-05-20,Erie,81,88807,6294,2233749,0.012869399428026692,41.0,0.0074080200395614205
7768,2021-05-21,Erie,78,88885,6079,2239828,0.01283105773975983,38.0,0.0072224265649573705
7769,2021-05-22,Erie,40,88925,4619,2244447,0.008659883091578264,35.0,0.0067750809557714465
7770,2021-05-23,Erie,73,88998,3161,2247608,0.023093957608351787,35.0,0.006911507825814981
7771,2021-05-24,Erie,33,89031,3137,2250745,0.010519604717883328,33.0,0.00670060153196926
7772,2021-05-25,Erie,56,89087,4863,2255608,0.011515525395846186,32.0,0.006521083561785609
7773,2021-05-26,Erie,55,89142,6434,2262042,0.008548336959900529,29.0,0.006288411781524758
7774,2021-05-27,Erie,38,89180,5515,2267557,0.006890299184043517,26.0,0.0058613331926688165
7775,2021-05-28,Erie,39,89219,4531,2272088,0.008607371441182963,23.0,0.005559641314199041
7776,2021-05-29,Erie,51,89270,4680,2276768,0.010897435897435897,24.0,0.005719466514617444
7777,2021-05-30,Erie,19,89289,1844,2278612,0.010303687635574838,20.0,0.004805875802276233
7778,2021-05-31,Erie,25,89314,1892,2280504,0.013213530655391121,20.0,0.004998299083526789
7779,2021-06-01,Erie,21,89335,2810,2283314,0.007473309608540925,17.0,0.004709569384433556
7780,2021-06-02,Erie,18,89353,5566,2288880,0.0032339202299676607,15.0,0.004329968189438352
7781,2021-06-03,Erie,33,89386,5775,2294655,0.005714285714285714,14.0,0.004245967227312794
7782,2021-06-04,Erie,36,89422,5093,2299748,0.007068525427056745,14.0,0.004136049654875207
7783,2021-06-05,Erie,24,89446,4652,2304400,0.005159071367153913,12.0,0.003726166474140779
7784,2021-06-06,Erie,26,89472,2179,2306579,0.011932078935291418,13.0,0.0038424801384062492
7785,2021-06-07,Erie,16,89488,2625,2309204,0.006095238095238095,12.0,0.0033340306698238903
7786,2021-06-08,Erie,13,89501,4640,2313844,0.0028017241379310344,11.0,0.0030003459933517556
7787,2021-06-09,Erie,19,89520,4773,2318617,0.003980724910957469,11.0,0.0030536891848510278
7788,2021-06-10,Erie,21,89541,4593,2323210,0.0045721750489875895,11.0,0.0029721098516154476
7789,2021-06-11,Erie,16,89557,4305,2327515,0.003716608594657375,9.0,0.0027326872207297783
7790,2021-06-12,Erie,7,89564,2905,2330420,0.0024096385542168677,8.0,0.0025362991626628464
7791,2021-06-13,Erie,8,89572,1655,2332075,0.004833836858006042,7.0,0.0020292818714281765
7792,2021-06-14,Erie,7,89579,2067,2334142,0.003386550556361877,6.0,0.0018358041900798754
7793,2021-06-15,Erie,4,89583,2893,2337035,0.00138264777048047,5.0,0.0017344415924048348
7794,2021-06-16,Erie,12,89595,3966,2341001,0.0030257186081694403,5.0,0.0016662268564914043
7795,2021-06-17,Erie,8,89603,3573,2344574,0.002239014833473272,4.0,0.001499572555383239
7796,2021-06-18,Erie,1,89604,2687,2347261,0.0003721622627465575,3.0,0.0012606835316753234
7797,2021-06-19,Erie,3,89607,2136,2349397,0.0014044943820224719,3.0,0.0011888875193757237
7798,2021-06-20,Erie,7,89614,1551,2350948,0.004513217279174726,3.0,0.0011659861208877724
7799,2021-06-21,Erie,3,89617,1558,2352506,0.0019255455712451862,2.0,0.001061628621950866
7800,2021-06-22,Erie,3,89620,2935,2355441,0.0010221465076660989,2.0,0.0010358785317498395
7801,2021-06-23,Erie,6,89626,2524,2357965,0.002377179080824089,2.0,0.0009895542797966003
7802,2021-06-24,Erie,6,89632,2230,2360195,0.0026905829596412557,2.0,0.0010218091459514563
7803,2021-06-25,Erie,6,89638,2177,2362372,0.002756086357372531,2.0,0.0011920894384247398
7804,2021-06-26,Erie,13,89651,2487,2364859,0.005227181342983514,3.0,0.0014651385070648143
7805,2021-06-27,Erie,9,89660,1500,2366359,0.006,3.0,0.001571337272838048
7806,2021-06-28,Erie,5,89665,1270,2367629,0.003937007874015748,3.0,0.0017150131516073738
7807,2021-06-29,Erie,3,89668,2080,2369709,0.0014423076923076924,3.0,0.0017450246647960593
7808,2021-06-30,Erie,10,89678,2755,2372464,0.003629764065335753,3.0,0.0018344950208326067
7809,2021-07-01,Erie,17,89695,2570,2375034,0.006614785992217899,4.0,0.002114795237445224
7810,2021-07-02,Erie,9,89704,2165,2377199,0.004157043879907622,4.0,0.0022148636319120163
7811,2021-07-03,Erie,13,89717,1890,2379089,0.0068783068783068784,4.0,0.0023328011701493996
7812,2021-07-04,Erie,12,89729,1144,2380233,0.01048951048951049,4.0,0.0026534804908287203
7813,2021-07-05,Erie,8,89737,864,2381097,0.009259259259259259,5.0,0.0030336413040603994
7814,2021-07-06,Erie,12,89749,1533,2382630,0.007827788649706457,5.0,0.003489747086731739
7815,2021-07-07,Erie,6,89755,2251,2384881,0.0026654820079964462,5.0,0.003420869796921789
7816,2021-07-08,Erie,20,89775,2392,2387273,0.008361204013377926,5.0,0.0035456139412903633
7817,2021-07-09,Erie,10,89785,1926,2389199,0.005192107995846314,5.0,0.003619547092428841
7818,2021-07-10,Erie,10,89795,1314,2390513,0.0076103500761035,5.0,0.0036718358922714564
7819,2021-07-11,Erie,11,89806,1417,2391930,0.0077628793225123505,5.0,0.0034770765232001607
7820,2021-07-12,Erie,21,89827,1192,2393122,0.01761744966442953,6.0,0.004074090123569467
7821,2021-07-13,Erie,31,89858,2015,2395137,0.015384615384615385,7.0,0.004613863461777247
7822,2021-07-14,Erie,24,89882,2095,2397232,0.011455847255369928,9.0,0.0052417466937324944
7823,2021-07-15,Erie,29,89911,1943,2399175,0.014925373134328358,9.0,0.0057106159166575255
7824,2021-07-16,Erie,11,89922,1539,2400714,0.007147498375568551,9.0,0.005850286658066257
7825,2021-07-17,Erie,39,89961,1967,2402681,0.019827147941026944,11.0,0.0067229150769893605
7826,2021-07-18,Erie,15,89976,1320,2404001,0.011363636363636364,12.0,0.006980112008498219
7827,2021-07-19,Erie,33,90009,1086,2405087,0.03038674033149171,13.0,0.00789220419900266
7828,2021-07-20,Erie,41,90050,2203,2407290,0.01861098502042669,13.0,0.008122659172989181
7829,2021-07-21,Erie,40,90090,2103,2409393,0.019020446980504042,14.0,0.008662987724784476
7830,2021-07-22,Erie,54,90144,2418,2411811,0.022332506203473945,16.0,0.009192068658294875
7831,2021-07-23,Erie,41,90185,2101,2413912,0.01951451689671585,18.0,0.010075427124091112
7832,2021-07-24,Erie,64,90249,2166,2416078,0.029547553093259463,20.0,0.010769741777822004
7833,2021-07-25,Erie,30,90279,1459,2417537,0.0205620287868403,21.0,0.011426769808050857
7834,2021-07-26,Erie,68,90347,1727,2419264,0.03937463810075275,24.0,0.012068762505855216
7835,2021-07-27,Erie,68,90415,2562,2421826,0.02654176424668228,26.0,0.012635246736302045
7836,2021-07-28,Erie,92,90507,2776,2424602,0.03314121037463977,29.0,0.013643872693026025
7837,2021-07-29,Erie,91,90598,2506,2427108,0.036312849162011177,32.0,0.014642468618635827
7838,2021-07-30,Erie,91,90689,2520,2429628,0.03611111111111111,36.0,0.015827939633949774
7839,2021-07-31,Erie,94,90783,3175,2432803,0.029606299212598424,38.0,0.01583213578533113
7840,2021-08-01,Erie,37,90820,1658,2434461,0.022316043425814235,38.0,0.01595742254525784
7841,2021-08-02,Erie,99,90919,2107,2436568,0.04698623635500712,40.0,0.016501108134847436
7842,2021-08-03,Erie,84,91003,3520,2440088,0.023863636363636365,42.0,0.016309813286058444
7843,2021-08-04,Erie,72,91075,2962,2443050,0.024307900067521943,40.0,0.01567886254983574
7844,2021-08-05,Erie,90,91165,3323,2446373,0.02708396027685826,40.0,0.015019656200896245
7845,2020-03-01,Essex,0,0,0,0,,,
7846,2020-03-02,Essex,0,0,0,0,,,
7847,2020-03-03,Essex,0,0,0,0,,,
7848,2020-03-04,Essex,0,0,0,0,,,
7849,2020-03-05,Essex,0,0,0,0,,,
7850,2020-03-06,Essex,0,0,0,0,,,
7851,2020-03-07,Essex,0,0,0,0,,0.0,
7852,2020-03-08,Essex,0,0,0,0,,0.0,
7853,2020-03-09,Essex,0,0,0,0,,0.0,
7854,2020-03-10,Essex,0,0,0,0,,0.0,
7855,2020-03-11,Essex,0,0,0,0,,0.0,
7856,2020-03-12,Essex,0,0,0,0,,0.0,
7857,2020-03-13,Essex,0,0,2,2,0.0,0.0,
7858,2020-03-14,Essex,0,0,1,3,0.0,0.0,
7859,2020-03-15,Essex,0,0,2,5,0.0,0.0,
7860,2020-03-16,Essex,0,0,0,5,,0.0,
7861,2020-03-17,Essex,1,1,2,7,0.5,0.0,
7862,2020-03-18,Essex,0,1,1,8,0.0,0.0,
7863,2020-03-19,Essex,0,1,10,18,0.0,0.0,
7864,2020-03-20,Essex,1,2,5,23,0.2,0.0,
7865,2020-03-21,Essex,1,3,8,31,0.125,0.0,
7866,2020-03-22,Essex,0,3,2,33,0.0,0.0,
7867,2020-03-23,Essex,0,3,11,44,0.0,0.0,0.05892857142857143
7868,2020-03-24,Essex,1,4,6,50,0.16666666666666666,0.0,0.03511904761904762
7869,2020-03-25,Essex,0,4,7,57,0.0,0.0,0.03511904761904762
7870,2020-03-26,Essex,0,4,6,63,0.0,0.0,0.03511904761904762
7871,2020-03-27,Essex,0,4,5,68,0.0,0.0,0.020833333333333332
7872,2020-03-28,Essex,0,4,3,71,0.0,0.0,0.011904761904761904
7873,2020-03-29,Essex,0,4,3,74,0.0,0.0,0.011904761904761904
7874,2020-03-30,Essex,0,4,5,79,0.0,0.0,0.011904761904761904
7875,2020-03-31,Essex,2,6,8,87,0.25,0.0,0.017857142857142856
7876,2020-04-01,Essex,0,6,2,89,0.0,0.0,0.017857142857142856
7877,2020-04-02,Essex,0,6,2,91,0.0,0.0,0.017857142857142856
7878,2020-04-03,Essex,1,7,7,98,0.14285714285714285,0.0,0.02806122448979592
7879,2020-04-04,Essex,0,7,4,102,0.0,0.0,0.02806122448979592
7880,2020-04-05,Essex,0,7,4,106,0.0,0.0,0.02806122448979592
7881,2020-04-06,Essex,0,7,5,111,0.0,0.0,0.02806122448979592
7882,2020-04-07,Essex,0,7,4,115,0.0,0.0,0.01020408163265306
7883,2020-04-08,Essex,1,8,6,121,0.16666666666666666,0.0,0.022108843537414966
7884,2020-04-09,Essex,2,10,13,134,0.15384615384615385,0.0,0.033097854526425954
7885,2020-04-10,Essex,2,12,4,138,0.5,0.0,0.05860805860805861
7886,2020-04-11,Essex,0,12,12,150,0.0,0.0,0.05860805860805861
7887,2020-04-12,Essex,0,12,5,155,0.0,0.0,0.05860805860805861
7888,2020-04-13,Essex,0,12,24,179,0.0,0.0,0.05860805860805861
7889,2020-04-14,Essex,0,12,3,182,0.0,0.0,0.05860805860805861
7890,2020-04-15,Essex,0,12,8,190,0.0,0.0,0.046703296703296704
7891,2020-04-16,Essex,3,15,6,196,0.5,0.0,0.07142857142857142
7892,2020-04-17,Essex,1,16,5,201,0.2,0.0,0.049999999999999996
7893,2020-04-18,Essex,2,18,10,211,0.2,0.0,0.0642857142857143
7894,2020-04-19,Essex,2,20,4,215,0.5,0.0,0.09999999999999999
7895,2020-04-20,Essex,1,21,5,220,0.2,0.0,0.11428571428571428
7896,2020-04-21,Essex,1,22,2,222,0.5,0.0,0.14999999999999997
7897,2020-04-22,Essex,0,22,1,223,0.0,0.0,0.14999999999999997
7898,2020-04-23,Essex,0,22,6,229,0.0,0.0,0.11428571428571428
7899,2020-04-24,Essex,2,24,35,264,0.05714285714285714,0.0,0.10408163265306122
7900,2020-04-25,Essex,0,24,15,279,0.0,0.0,0.08979591836734693
7901,2020-04-26,Essex,0,24,27,306,0.0,0.0,0.05408163265306122
7902,2020-04-27,Essex,2,26,16,322,0.125,0.0,0.04872448979591837
7903,2020-04-28,Essex,1,27,19,341,0.05263157894736842,0.0,0.016769602577873254
7904,2020-04-29,Essex,1,28,22,363,0.045454545454545456,0.0,0.020016355824626502
7905,2020-04-30,Essex,0,28,27,390,0.0,0.0,0.020016355824626502
7906,2020-05-01,Essex,0,28,31,421,0.0,0.0,0.015934723171565277
7907,2020-05-02,Essex,1,29,23,444,0.043478260869565216,0.0,0.019040313233677077
7908,2020-05-03,Essex,0,29,10,454,0.0,0.0,0.019040313233677077
7909,2020-05-04,Essex,1,30,26,480,0.038461538461538464,0.0,0.012858994552358397
7910,2020-05-05,Essex,0,30,18,498,0.0,0.0,0.009099596056117796
7911,2020-05-06,Essex,0,30,15,513,0.0,0.0,0.005852842809364549
7912,2020-05-07,Essex,1,31,69,582,0.014492753623188406,0.0,0.00688803949673515
7913,2020-05-08,Essex,0,31,64,646,0.0,0.0,0.00688803949673515
7914,2020-05-09,Essex,1,32,111,757,0.009009009009009009,0.0,0.004425950078123991
7915,2020-05-10,Essex,0,32,31,788,0.0,0.0,0.004425950078123991
7916,2020-05-11,Essex,0,32,12,800,0.0,0.0,0.0016786973308712439
7917,2020-05-12,Essex,0,32,77,877,0.0,0.0,0.0016786973308712439
7918,2020-05-13,Essex,0,32,60,937,0.0,0.0,0.0016786973308712439
7919,2020-05-14,Essex,0,32,34,971,0.0,0.0,0.0006435006435006435
7920,2020-05-15,Essex,0,32,173,1144,0.0,0.0,0.0006435006435006435
7921,2020-05-16,Essex,1,33,146,1290,0.00684931506849315,0.0,0.0004892367906066536
7922,2020-05-17,Essex,0,33,161,1451,0.0,0.0,0.0004892367906066536
7923,2020-05-18,Essex,1,34,16,1467,0.0625,0.0,0.004953522504892368
7924,2020-05-19,Essex,0,34,43,1510,0.0,0.0,0.004953522504892368
7925,2020-05-20,Essex,2,36,162,1672,0.012345679012345678,0.0,0.005835356720059916
7926,2020-05-21,Essex,0,36,115,1787,0.0,0.0,0.005835356720059916
7927,2020-05-22,Essex,0,36,89,1876,0.0,0.0,0.005835356720059916
7928,2020-05-23,Essex,0,36,182,2058,0.0,0.0,0.0053461199294532625
7929,2020-05-24,Essex,0,36,88,2146,0.0,0.0,0.0053461199294532625
7930,2020-05-25,Essex,0,36,68,2214,0.0,0.0,0.0008818342151675485
7931,2020-05-26,Essex,0,36,71,2285,0.0,0.0,0.0008818342151675485
7932,2020-05-27,Essex,0,36,85,2370,0.0,0.0,0.0
7933,2020-05-28,Essex,0,36,151,2521,0.0,0.0,0.0
7934,2020-05-29,Essex,0,36,95,2616,0.0,0.0,0.0
7935,2020-05-30,Essex,1,37,258,2874,0.003875968992248062,0.0,0.0002768549280177187
7936,2020-05-31,Essex,0,37,144,3018,0.0,0.0,0.0002768549280177187
7937,2020-06-01,Essex,1,38,64,3082,0.015625,0.0,0.0013929263565891474
7938,2020-06-02,Essex,0,38,109,3191,0.0,0.0,0.0013929263565891474
7939,2020-06-03,Essex,0,38,193,3384,0.0,0.0,0.0013929263565891474
7940,2020-06-04,Essex,0,38,106,3490,0.0,0.0,0.0013929263565891474
7941,2020-06-05,Essex,0,38,96,3586,0.0,0.0,0.0013929263565891474
7942,2020-06-06,Essex,0,38,178,3764,0.0,0.0,0.0011160714285714285
7943,2020-06-07,Essex,1,39,160,3924,0.00625,0.0,0.0015624999999999999
7944,2020-06-08,Essex,1,40,25,3949,0.04,0.0,0.0033035714285714287
7945,2020-06-09,Essex,0,40,147,4096,0.0,0.0,0.0033035714285714287
7946,2020-06-10,Essex,0,40,159,4255,0.0,0.0,0.0033035714285714287
7947,2020-06-11,Essex,0,40,135,4390,0.0,0.0,0.0033035714285714287
7948,2020-06-12,Essex,0,40,75,4465,0.0,0.0,0.0033035714285714287
7949,2020-06-13,Essex,0,40,196,4661,0.0,0.0,0.0033035714285714287
7950,2020-06-14,Essex,0,40,74,4735,0.0,0.0,0.002857142857142857
7951,2020-06-15,Essex,0,40,65,4800,0.0,0.0,0.0
7952,2020-06-16,Essex,0,40,47,4847,0.0,0.0,0.0
7953,2020-06-17,Essex,0,40,105,4952,0.0,0.0,0.0
7954,2020-06-18,Essex,0,40,172,5124,0.0,0.0,0.0
7955,2020-06-19,Essex,1,41,78,5202,0.01282051282051282,0.0,0.0009157509157509158
7956,2020-06-20,Essex,0,41,109,5311,0.0,0.0,0.0009157509157509158
7957,2020-06-21,Essex,0,41,79,5390,0.0,0.0,0.0009157509157509158
7958,2020-06-22,Essex,0,41,88,5478,0.0,0.0,0.0009157509157509158
7959,2020-06-23,Essex,0,41,108,5586,0.0,0.0,0.0009157509157509158
7960,2020-06-24,Essex,0,41,100,5686,0.0,0.0,0.0009157509157509158
7961,2020-06-25,Essex,0,41,65,5751,0.0,0.0,0.0009157509157509158
7962,2020-06-26,Essex,1,42,176,5927,0.005681818181818182,0.0,0.00040584415584415587
7963,2020-06-27,Essex,0,42,93,6020,0.0,0.0,0.00040584415584415587
7964,2020-06-28,Essex,0,42,109,6129,0.0,0.0,0.00040584415584415587
7965,2020-06-29,Essex,0,42,39,6168,0.0,0.0,0.00040584415584415587
7966,2020-06-30,Essex,0,42,120,6288,0.0,0.0,0.00040584415584415587
7967,2020-07-01,Essex,0,42,125,6413,0.0,0.0,0.00040584415584415587
7968,2020-07-02,Essex,4,46,116,6529,0.034482758620689655,0.0,0.0028688983430362742
7969,2020-07-03,Essex,1,47,58,6587,0.017241379310344827,0.0,0.003694581280788177
7970,2020-07-04,Essex,1,48,166,6753,0.006024096385542169,0.0,0.004124873879755475
7971,2020-07-05,Essex,1,49,169,6922,0.005917159763313609,0.0,0.00454752814856359
7972,2020-07-06,Essex,0,49,135,7057,0.0,0.0,0.00454752814856359
7973,2020-07-07,Essex,0,49,58,7115,0.0,0.0,0.00454752814856359
7974,2020-07-08,Essex,2,51,135,7250,0.014814814814814815,0.0,0.005605729206764649
7975,2020-07-09,Essex,0,51,85,7335,0.0,0.0,0.00314267501957253
7976,2020-07-10,Essex,0,51,104,7439,0.0,0.0,0.001911147925976471
7977,2020-07-11,Essex,0,51,104,7543,0.0,0.0,0.001480855327009173
7978,2020-07-12,Essex,0,51,74,7617,0.0,0.0,0.0010582010582010583
7979,2020-07-13,Essex,0,51,126,7743,0.0,0.0,0.0010582010582010583
7980,2020-07-14,Essex,0,51,55,7798,0.0,0.0,0.0010582010582010583
7981,2020-07-15,Essex,0,51,80,7878,0.0,0.0,0.0
7982,2020-07-16,Essex,0,51,69,7947,0.0,0.0,0.0
7983,2020-07-17,Essex,0,51,88,8035,0.0,0.0,0.0
7984,2020-07-18,Essex,0,51,57,8092,0.0,0.0,0.0
7985,2020-07-19,Essex,0,51,60,8152,0.0,0.0,0.0
7986,2020-07-20,Essex,0,51,131,8283,0.0,0.0,0.0
7987,2020-07-21,Essex,3,54,152,8435,0.019736842105263157,0.0,0.0014097744360902255
7988,2020-07-22,Essex,0,54,134,8569,0.0,0.0,0.0014097744360902255
7989,2020-07-23,Essex,0,54,101,8670,0.0,0.0,0.0014097744360902255
7990,2020-07-24,Essex,0,54,146,8816,0.0,0.0,0.0014097744360902255
7991,2020-07-25,Essex,0,54,98,8914,0.0,0.0,0.0014097744360902255
7992,2020-07-26,Essex,1,55,59,8973,0.01694915254237288,0.0,0.00262042818911686
7993,2020-07-27,Essex,0,55,90,9063,0.0,0.0,0.00262042818911686
7994,2020-07-28,Essex,0,55,113,9176,0.0,0.0,0.0012106537530266344
7995,2020-07-29,Essex,0,55,106,9282,0.0,0.0,0.0012106537530266344
7996,2020-07-30,Essex,0,55,38,9320,0.0,0.0,0.0012106537530266344
7997,2020-07-31,Essex,0,55,127,9447,0.0,0.0,0.0012106537530266344
7998,2020-08-01,Essex,0,55,110,9557,0.0,0.0,0.0012106537530266344
7999,2020-08-02,Essex,0,55,152,9709,0.0,0.0,0.0
8000,2020-08-03,Essex,0,55,141,9850,0.0,0.0,0.0
8001,2020-08-04,Essex,0,55,255,10105,0.0,0.0,0.0
8002,2020-08-05,Essex,0,55,50,10155,0.0,0.0,0.0
8003,2020-08-06,Essex,0,55,53,10208,0.0,0.0,0.0
8004,2020-08-07,Essex,0,55,159,10367,0.0,0.0,0.0
8005,2020-08-08,Essex,0,55,110,10477,0.0,0.0,0.0
8006,2020-08-09,Essex,0,55,75,10552,0.0,0.0,0.0
8007,2020-08-10,Essex,1,56,125,10677,0.008,0.0,0.0005714285714285715
8008,2020-08-11,Essex,0,56,96,10773,0.0,0.0,0.0005714285714285715
8009,2020-08-12,Essex,0,56,121,10894,0.0,0.0,0.0005714285714285715
8010,2020-08-13,Essex,1,57,60,10954,0.016666666666666666,0.0,0.0017619047619047618
8011,2020-08-14,Essex,2,59,131,11085,0.015267175572519083,0.0,0.0028524173027989824
8012,2020-08-15,Essex,0,59,168,11253,0.0,0.0,0.0028524173027989824
8013,2020-08-16,Essex,0,59,76,11329,0.0,0.0,0.0028524173027989824
8014,2020-08-17,Essex,4,63,139,11468,0.02877697841726619,0.0,0.0043364871897465665
8015,2020-08-18,Essex,0,63,60,11528,0.0,0.0,0.0043364871897465665
8016,2020-08-19,Essex,22,85,131,11659,0.16793893129770993,2.0,0.01633212513958299
8017,2020-08-20,Essex,0,85,149,11808,0.0,2.0,0.015141648949106799
8018,2020-08-21,Essex,13,98,182,11990,0.07142857142857142,2.0,0.01915317722453911
8019,2020-08-22,Essex,2,100,121,12111,0.01652892561983471,2.0,0.020333814768813015
8020,2020-08-23,Essex,0,100,124,12235,0.0,2.0,0.020333814768813015
8021,2020-08-24,Essex,1,101,99,12334,0.010101010101010102,2.0,0.018999817031937587
8022,2020-08-25,Essex,4,105,117,12451,0.03418803418803419,3.0,0.021441819473940027
8023,2020-08-26,Essex,14,119,246,12697,0.056910569105691054,2.0,0.013511222174510106
8024,2020-08-27,Essex,7,126,102,12799,0.06862745098039216,2.0,0.018413182958823833
8025,2020-08-28,Essex,0,126,191,12990,0.0,2.0,0.013311142142497302
8026,2020-08-29,Essex,2,128,190,13180,0.010526315789473684,2.0,0.012882384297471516
8027,2020-08-30,Essex,1,129,167,13347,0.005988023952095809,2.0,0.013310100294049788
8028,2020-08-31,Essex,2,131,197,13544,0.01015228426395939,2.0,0.01331376273426045
8029,2020-09-01,Essex,4,135,207,13751,0.01932367149758454,2.0,0.012252022542085475
8030,2020-09-02,Essex,6,141,117,13868,0.05128205128205128,1.0,0.011849985554682635
8031,2020-09-03,Essex,4,145,106,13974,0.03773584905660377,1.0,0.00964344256012632
8032,2020-09-04,Essex,2,147,179,14153,0.0111731843575419,1.0,0.010441527157093598
8033,2020-09-05,Essex,1,148,208,14361,0.004807692307692308,1.0,0.010033054051252072
8034,2020-09-06,Essex,1,149,106,14467,0.009433962264150943,1.0,0.010279192502113153
8035,2020-09-07,Essex,0,149,62,14529,0.0,1.0,0.009554029340401768
8036,2020-09-08,Essex,0,149,67,14596,0.0,1.0,0.0081737670905743
8037,2020-09-09,Essex,1,150,85,14681,0.011764705882352941,0.0,0.005351099562024419
8038,2020-09-10,Essex,0,150,133,14814,0.0,0.0,0.0026556817722670064
8039,2020-09-11,Essex,1,151,241,15055,0.004149377593360996,0.0,0.0021539812891112277
8040,2020-09-12,Essex,0,151,115,15170,0.0,0.0,0.001810574695704634
8041,2020-09-13,Essex,0,151,47,15217,0.0,0.0,0.001136720248265281
8042,2020-09-14,Essex,2,153,110,15327,0.01818181818181818,0.0,0.0024354215469665798
8043,2020-09-15,Essex,1,154,80,15407,0.0125,0.0,0.003328278689823723
8044,2020-09-16,Essex,0,154,87,15494,0.0,0.0,0.0024879425553699414
8045,2020-09-17,Essex,3,157,160,15654,0.01875,0.0,0.0038272282696556552
8046,2020-09-18,Essex,1,158,208,15862,0.004807692307692308,0.0,0.0038742507492507488
8047,2020-09-19,Essex,2,160,106,15968,0.018867924528301886,0.0,0.005221959644129455
8048,2020-09-20,Essex,0,160,60,16028,0.0,0.0,0.005221959644129455
8049,2020-09-21,Essex,1,161,167,16195,0.005988023952095809,0.0,0.004350974342006429
8050,2020-09-22,Essex,0,161,95,16290,0.0,0.0,0.003458117199149286
8051,2020-09-23,Essex,3,164,219,16509,0.0136986301369863,0.0,0.004436590780362593
8052,2020-09-24,Essex,0,164,180,16689,0.0,0.0,0.0030973050660768786
8053,2020-09-25,Essex,3,167,239,16928,0.012552301255230125,0.0,0.003650491419472437
8054,2020-09-26,Essex,0,167,195,17123,0.0,0.0,0.0023027825245937306
8055,2020-09-27,Essex,1,168,80,17203,0.0125,0.0,0.0031956396674508738
8056,2020-09-28,Essex,0,168,170,17373,0.0,0.0,0.002767923670872602
8057,2020-09-29,Essex,1,169,233,17606,0.004291845493562232,0.0,0.0030744840632699042
8058,2020-09-30,Essex,0,169,148,17754,0.0,0.0,0.002096010482056597
8059,2020-10-01,Essex,0,169,191,17945,0.0,0.0,0.002096010482056597
8060,2020-10-02,Essex,1,170,225,18170,0.0044444444444444444,0.0,0.0015168778527147628
8061,2020-10-03,Essex,0,170,98,18268,0.0,0.0,0.0015168778527147628
8062,2020-10-04,Essex,1,171,80,18348,0.0125,0.0,0.0015168778527147628
8063,2020-10-05,Essex,1,172,240,18588,0.004166666666666667,0.0,0.0018144969003338102
8064,2020-10-06,Essex,2,174,107,18695,0.018691588785046728,0.0,0.002843049992582703
8065,2020-10-07,Essex,2,176,127,18822,0.015748031496062992,0.0,0.003967909385158631
8066,2020-10-08,Essex,1,177,164,18986,0.006097560975609756,0.0,0.004403449454845041
8067,2020-10-09,Essex,1,178,174,19160,0.005747126436781609,0.0,0.004496498168583411
8068,2020-10-10,Essex,0,178,176,19336,0.0,0.0,0.004496498168583411
8069,2020-10-11,Essex,1,179,102,19438,0.00980392156862745,0.0,0.004303921137771086
8070,2020-10-12,Essex,2,181,219,19657,0.0091324200913242,0.0,0.004658617810960909
8071,2020-10-13,Essex,0,181,142,19799,0.0,0.0,0.003323504326314715
8072,2020-10-14,Essex,1,182,142,19941,0.007042253521126761,0.0,0.0027016630423906986
8073,2020-10-15,Essex,2,184,155,20096,0.012903225806451613,0.0,0.0031877819588794027
8074,2020-10-16,Essex,6,190,185,20281,0.032432432432432434,0.0,0.005093875244283032
8075,2020-10-17,Essex,2,192,108,20389,0.018518518518518517,1.0,0.006416626567034357
8076,2020-10-18,Essex,2,194,137,20526,0.014598540145985401,1.0,0.006759099322559923
8077,2020-10-19,Essex,0,194,196,20722,0.0,0.0,0.006106783601751052
8078,2020-10-20,Essex,0,194,142,20864,0.0,0.0,0.006106783601751052
8079,2020-10-21,Essex,1,195,359,21223,0.002785515320334262,0.0,0.0058027308731230165
8080,2020-10-22,Essex,0,195,231,21454,0.0,0.0,0.0048810718869479
8081,2020-10-23,Essex,1,196,341,21795,0.002932551319648094,0.0,0.0027739375217490196
8082,2020-10-24,Essex,1,197,180,21975,0.005555555555555556,0.0,0.0018480115958230939
8083,2020-10-25,Essex,0,197,172,22147,0.0,0.0,0.0008052587282527079
8084,2020-10-26,Essex,0,197,155,22302,0.0,0.0,0.0008052587282527079
8085,2020-10-27,Essex,1,198,134,22436,0.007462686567164179,0.0,0.0013383077687644349
8086,2020-10-28,Essex,1,199,227,22663,0.004405286343612335,0.0,0.0014540056989985832
8087,2020-10-29,Essex,0,199,230,22893,0.0,0.0,0.0014540056989985832
8088,2020-10-30,Essex,4,203,272,23165,0.014705882352941176,0.0,0.0022949579156623747
8089,2020-10-31,Essex,0,203,183,23348,0.0,0.0,0.0018981325188369778
8090,2020-11-01,Essex,1,204,97,23445,0.010309278350515464,0.0,0.002634509543873797
8091,2020-11-02,Essex,3,207,245,23690,0.012244897959183673,0.0,0.0035091451123869166
8092,2020-11-03,Essex,3,210,148,23838,0.02027027027027027,0.0,0.0044239725197516375
8093,2020-11-04,Essex,2,212,218,24056,0.009174311926605505,0.0,0.0047646172042511495
8094,2020-11-05,Essex,1,213,252,24308,0.003968253968253968,1.0,0.00504806391626929
8095,2020-11-06,Essex,3,216,316,24624,0.00949367088607595,0.0,0.004675763097207489
8096,2020-11-07,Essex,0,216,143,24767,0.0,0.0,0.004675763097207489
8097,2020-11-08,Essex,0,216,221,24988,0.0,0.0,0.003939386072170669
8098,2020-11-09,Essex,2,218,178,25166,0.011235955056179775,0.0,0.003867318721956105
8099,2020-11-10,Essex,6,224,308,25474,0.01948051948051948,1.0,0.0038109079512596198
8100,2020-11-11,Essex,0,224,115,25589,0.0,0.0,0.003155599956502084
8101,2020-11-12,Essex,0,224,294,25883,0.0,0.0,0.002872153244483943
8102,2020-11-13,Essex,5,229,194,26077,0.02577319587628866,0.0,0.004034976458070565
8103,2020-11-14,Essex,1,230,98,26175,0.01020408163265306,1.0,0.004763839431831498
8104,2020-11-15,Essex,1,231,154,26329,0.006493506493506494,1.0,0.0052276613242248195
8105,2020-11-16,Essex,3,234,267,26596,0.011235955056179775,1.0,0.0052276613242248195
8106,2020-11-17,Essex,2,236,242,26838,0.008264462809917356,0.0,0.00442651441918181
8107,2020-11-18,Essex,3,239,264,27102,0.011363636363636364,1.0,0.005238202730870121
8108,2020-11-19,Essex,1,240,224,27326,0.004464285714285714,1.0,0.005557080281890531
8109,2020-11-20,Essex,6,246,215,27541,0.027906976744186046,1.0,0.005709493201026058
8110,2020-11-21,Essex,2,248,152,27693,0.013157894736842105,1.0,0.005920479851325275
8111,2020-11-22,Essex,2,250,416,28109,0.004807692307692308,1.0,0.005800064552338548
8112,2020-11-23,Essex,2,252,207,28316,0.00966183574879227,1.0,0.0056876274589537255
8113,2020-11-24,Essex,11,263,325,28641,0.033846153846153845,1.0,0.007514891104399189
8114,2020-11-25,Essex,12,275,243,28884,0.04938271604938271,2.0,0.010230539653381072
8115,2020-11-26,Essex,3,278,257,29141,0.011673151750972763,2.0,0.010745458656001575
8116,2020-11-27,Essex,1,279,236,29377,0.00423728813559322,2.0,0.009054766612530659
8117,2020-11-28,Essex,6,285,255,29632,0.023529411764705882,2.0,0.009795589257378072
8118,2020-11-29,Essex,1,286,158,29790,0.006329113924050633,2.0,0.009904262229975095
8119,2020-11-30,Essex,3,289,176,29966,0.017045454545454544,2.0,0.010431663572593829
8120,2020-12-01,Essex,7,296,181,30147,0.03867403314917127,2.0,0.01077651209423793
8121,2020-12-02,Essex,6,302,261,30408,0.022988505747126436,1.0,0.008891211358362483
8122,2020-12-03,Essex,3,305,245,30653,0.012244897959183673,1.0,0.00893205037323469
8123,2020-12-04,Essex,6,311,319,30972,0.018808777429467086,2.0,0.009972871037082822
8124,2020-12-05,Essex,5,316,275,31247,0.01818181818181818,2.0,0.00959090006687656
8125,2020-12-06,Essex,5,321,201,31448,0.024875621890547265,2.0,0.010915650635912032
8126,2020-12-07,Essex,7,328,183,31631,0.03825136612021858,2.0,0.012430358605538035
8127,2020-12-08,Essex,6,334,174,31805,0.034482758620689655,2.0,0.012130981853503633
8128,2020-12-09,Essex,14,348,298,32103,0.04697986577181208,3.0,0.013844650426695469
8129,2020-12-10,Essex,7,355,264,32367,0.026515151515151516,3.0,0.01486395425212174
8130,2020-12-11,Essex,13,368,382,32749,0.034031413612565446,4.0,0.015951285408057337
8131,2020-12-12,Essex,5,373,489,33238,0.010224948875255624,4.0,0.015382937600445725
8132,2020-12-13,Essex,2,375,358,33596,0.00558659217877095,3.0,0.014005149763890275
8133,2020-12-14,Essex,7,382,229,33825,0.03056768558951965,3.0,0.013456315440268925
8134,2020-12-15,Essex,20,402,230,34055,0.08695652173913043,4.0,0.017204441377300407
8135,2020-12-16,Essex,12,414,188,34243,0.06382978723404255,4.0,0.01840800719603115
8136,2020-12-17,Essex,8,422,182,34425,0.04395604395604396,4.0,0.019653785227523472
8137,2020-12-18,Essex,8,430,325,34750,0.024615384615384615,4.0,0.01898121172772484
8138,2020-12-19,Essex,9,439,233,34983,0.03862660944206009,4.0,0.021009901768210878
8139,2020-12-20,Essex,4,443,170,35153,0.023529411764705882,4.0,0.0222915317386348
8140,2020-12-21,Essex,10,453,293,35446,0.034129692832764506,5.0,0.022545960827438004
8141,2020-12-22,Essex,9,462,192,35638,0.046875,4.0,0.019682994988928688
8142,2020-12-23,Essex,17,479,283,35921,0.06007067137809187,4.0,0.019414486713503636
8143,2020-12-24,Essex,19,498,270,36191,0.07037037037037037,5.0,0.02130122431452695
8144,2020-12-25,Essex,17,515,284,36475,0.05985915492957746,6.0,0.023818636479826443
8145,2020-12-26,Essex,8,523,320,36795,0.025,6.0,0.022845307233965002
8146,2020-12-27,Essex,6,529,161,36956,0.037267080745341616,6.0,0.023826569304010416
8147,2020-12-28,Essex,8,537,155,37111,0.05161290322580645,6.0,0.025075370046370556
8148,2020-12-29,Essex,17,554,220,37331,0.07727272727272727,6.0,0.027246636280136786
8149,2020-12-30,Essex,16,570,307,37638,0.05211726384364821,6.0,0.02667853574196224
8150,2020-12-31,Essex,38,608,369,38007,0.10298102981029811,7.0,0.029007868559099936
8151,2021-01-01,Essex,11,619,264,38271,0.041666666666666664,7.0,0.027708405111749167
8152,2021-01-02,Essex,23,642,351,38622,0.06552706552706553,8.0,0.030603195506539563
8153,2021-01-03,Essex,9,651,159,38781,0.05660377358490566,8.0,0.031984387852222705
8154,2021-01-04,Essex,12,663,267,39048,0.0449438202247191,9.0,0.031508024780716466
8155,2021-01-05,Essex,16,679,272,39320,0.058823529411764705,8.0,0.030190224933504855
8156,2021-01-06,Essex,37,716,388,39708,0.09536082474226804,10.0,0.033279050711977703
8157,2021-01-07,Essex,62,778,568,40276,0.10915492957746478,12.0,0.03372004355248961
8158,2021-01-08,Essex,54,832,570,40846,0.09473684210526316,15.0,0.03751077036953221
8159,2021-01-09,Essex,15,847,516,41362,0.029069767441860465,14.0,0.034906677649160424
8160,2021-01-10,Essex,6,853,326,41688,0.018404907975460124,14.0,0.03217818724848574
8161,2021-01-11,Essex,15,868,287,41975,0.05226480836236934,14.0,0.03270111497260362
8162,2021-01-12,Essex,18,886,360,42335,0.05,14.0,0.032070862871763285
8163,2021-01-13,Essex,14,900,309,42644,0.045307443365695796,13.0,0.028495621344865267
8164,2021-01-14,Essex,29,929,443,43087,0.0654627539503386,10.0,0.025374751657213392
8165,2021-01-15,Essex,23,952,634,43721,0.03627760252365931,8.0,0.02119909168709883
8166,2021-01-16,Essex,7,959,431,44152,0.016241299303944315,8.0,0.020282772534390536
8167,2021-01-17,Essex,13,972,221,44373,0.058823529411764705,8.0,0.023169816922698004
8168,2021-01-18,Essex,8,980,182,44555,0.04395604395604396,8.0,0.022576333750817617
8169,2021-01-19,Essex,8,988,279,44834,0.02867383512544803,7.0,0.021053036259778193
8170,2021-01-20,Essex,9,997,492,45326,0.018292682926829267,6.0,0.01912341051414487
8171,2021-01-21,Essex,20,1017,314,45640,0.06369426751592357,6.0,0.018997090054543798
8172,2021-01-22,Essex,8,1025,490,46130,0.0163265306122449,5.0,0.017572013489442765
8173,2021-01-23,Essex,12,1037,556,46686,0.02158273381294964,5.0,0.01795354452580029
8174,2021-01-24,Essex,9,1046,304,46990,0.029605263157894735,5.0,0.01586652550766672
8175,2021-01-25,Essex,10,1056,266,47256,0.03759398496240601,5.0,0.015412092722406867
8176,2021-01-26,Essex,9,1065,259,47515,0.03474903474903475,5.0,0.01584603555266306
8177,2021-01-27,Essex,13,1078,285,47800,0.0456140350877193,5.0,0.017797560707012352
8178,2021-01-28,Essex,13,1091,338,48138,0.038461538461538464,5.0,0.015995222917413416
8179,2021-01-29,Essex,9,1100,425,48563,0.021176470588235293,5.0,0.016341647201412728
8180,2021-01-30,Essex,11,1111,277,48840,0.039711191335740074,5.0,0.017636537024469188
8181,2021-01-31,Essex,6,1117,147,48987,0.04081632653061224,5.0,0.01843732726537758
8182,2021-02-01,Essex,6,1123,149,49136,0.040268456375838924,4.0,0.018628360937765646
8183,2021-02-02,Essex,11,1134,234,49370,0.04700854700854701,4.0,0.019504040384873664
8184,2021-02-03,Essex,19,1153,379,49749,0.05013192612137203,5.0,0.01982674688727743
8185,2021-02-04,Essex,7,1160,267,50016,0.026217228464419477,4.0,0.018952153316054647
8186,2021-02-05,Essex,12,1172,465,50481,0.025806451612903226,5.0,0.01928286624638807
8187,2021-02-06,Essex,6,1178,207,50688,0.028985507246376812,4.0,0.018516745954290696
8188,2021-02-07,Essex,5,1183,182,50870,0.027472527472527472,4.0,0.01756361745014178
8189,2021-02-08,Essex,6,1189,235,51105,0.02553191489361702,4.0,0.01651100734426879
8190,2021-02-09,Essex,8,1197,188,51293,0.0425531914893617,4.0,0.016192767664326983
8191,2021-02-10,Essex,5,1202,286,51579,0.017482517482517484,3.0,0.013860667047265943
8192,2021-02-11,Essex,13,1215,473,52052,0.02748414376321353,3.0,0.013951160997179803
8193,2021-02-12,Essex,10,1225,279,52331,0.035842293906810034,3.0,0.014668006875316003
8194,2021-02-13,Essex,10,1235,245,52576,0.04081632653061224,4.0,0.015513065395618534
8195,2021-02-14,Essex,7,1242,222,52798,0.03153153153153153,4.0,0.01580299425697597
8196,2021-02-15,Essex,7,1249,184,52982,0.03804347826086957,4.0,0.016696677354636865
8197,2021-02-16,Essex,11,1260,177,53159,0.062146892655367235,4.0,0.01809622743792297
8198,2021-02-17,Essex,2,1262,289,53448,0.006920415224913495,4.0,0.01734179156237983
8199,2021-02-18,Essex,10,1272,355,53803,0.028169014084507043,4.0,0.017390710871043654
8200,2021-02-19,Essex,19,1291,344,54147,0.055232558139534885,4.0,0.018775729744809712
8201,2021-02-20,Essex,7,1298,308,54455,0.022727272727272728,4.0,0.017483654473142603
8202,2021-02-21,Essex,4,1302,136,54591,0.029411764705882353,4.0,0.017332242557024806
8203,2021-02-22,Essex,12,1314,108,54699,0.1111111111111111,4.0,0.022551359189184918
8204,2021-02-23,Essex,3,1317,367,55066,0.008174386920980926,4.0,0.018696180208157324
8205,2021-02-24,Essex,11,1328,248,55314,0.04435483870967742,4.0,0.021370067599926178
8206,2021-02-25,Essex,4,1332,397,55711,0.010075566750629723,4.0,0.020077678504649227
8207,2021-02-26,Essex,4,1336,478,56189,0.008368200836820083,3.0,0.016730224411598167
8208,2021-02-27,Essex,5,1341,185,56374,0.02702702702702703,3.0,0.017037349718723473
8209,2021-02-28,Essex,1,1342,146,56520,0.00684931506849315,2.0,0.015425746173195674
8210,2021-03-01,Essex,5,1347,220,56740,0.022727272727272728,2.0,0.009112614860064362
8211,2021-03-02,Essex,5,1352,232,56972,0.021551724137931036,2.0,0.010068138946989368
8212,2021-03-03,Essex,4,1356,205,57177,0.01951219512195122,2.0,0.008293664405008927
8213,2021-03-04,Essex,4,1360,445,57622,0.008988764044943821,2.0,0.008216035640317075
8214,2021-03-05,Essex,3,1363,310,57932,0.00967741935483871,1.0,0.008309551248746978
8215,2021-03-06,Essex,1,1364,151,58083,0.006622516556291391,1.0,0.006852086215123004
8216,2021-03-07,Essex,7,1371,244,58327,0.028688524590163935,2.0,0.008412029752385202
8217,2021-03-08,Essex,1,1372,192,58519,0.005208333333333333,1.0,0.007160676938532389
8218,2021-03-09,Essex,2,1374,206,58725,0.009708737864077669,1.0,0.006314749347542863
8219,2021-03-10,Essex,4,1378,189,58914,0.021164021164021163,1.0,0.00643273692197643
8220,2021-03-11,Essex,8,1386,261,59175,0.03065134099616858,1.0,0.007980063847063913
8221,2021-03-12,Essex,5,1391,236,59411,0.0211864406779661,2.0,0.00880213679871587
8222,2021-03-13,Essex,4,1395,359,59770,0.011142061281337047,2.0,0.009124961421933416
8223,2021-03-14,Essex,3,1398,232,60002,0.01293103448275862,1.0,0.007999426414261606
8224,2021-03-15,Essex,1,1399,210,60212,0.004761904761904762,1.0,0.007967538659159567
8225,2021-03-16,Essex,1,1400,276,60488,0.0036231884057971015,1.0,0.00753285655499667
8226,2021-03-17,Essex,4,1404,176,60664,0.022727272727272728,1.0,0.00764451738094321
8227,2021-03-18,Essex,5,1409,258,60922,0.01937984496124031,1.0,0.006839410521305476
8228,2021-03-19,Essex,2,1411,399,61321,0.005012531328320802,1.0,0.005684131282045098
8229,2021-03-20,Essex,0,1411,141,61462,0.0,1.0,0.004888269761949594
8230,2021-03-21,Essex,0,1411,148,61610,0.0,0.0,0.00396462444175255
8231,2021-03-22,Essex,3,1414,202,61812,0.01485148514851485,1.0,0.0046853087550818425
8232,2021-03-23,Essex,4,1418,191,62003,0.020942408376963352,1.0,0.005922395895879431
8233,2021-03-24,Essex,2,1420,144,62147,0.013888888888888888,1.0,0.0052910827645663
8234,2021-03-25,Essex,2,1422,282,62429,0.0070921985815602835,0.0,0.004413393737446298
8235,2021-03-26,Essex,6,1428,317,62746,0.01892744479495268,1.0,0.005407316127920003
8236,2021-03-27,Essex,4,1432,376,63122,0.010638297872340425,1.0,0.006167194547372892
8237,2021-03-28,Essex,3,1435,242,63364,0.012396694214876033,1.0,0.007052672705578323
8238,2021-03-29,Essex,2,1437,300,63664,0.006666666666666667,1.0,0.006468042814017737
8239,2021-03-30,Essex,2,1439,187,63851,0.0106951871657754,1.0,0.005736098441790026
8240,2021-03-31,Essex,8,1447,285,64136,0.028070175438596492,1.0,0.006749047481054856
8241,2021-04-01,Essex,7,1454,223,64359,0.03139013452914798,2.0,0.008484614334453978
8242,2021-04-02,Essex,3,1457,391,64750,0.0076726342710997444,2.0,0.007680699297035911
8243,2021-04-03,Essex,3,1460,218,64968,0.013761467889908258,2.0,0.007903782869719328
8244,2021-04-04,Essex,1,1461,165,65133,0.006060606060606061,1.0,0.007451205144414329
8245,2021-04-05,Essex,5,1466,269,65402,0.01858736059479554,2.0,0.00830268328213782
8246,2021-04-06,Essex,3,1469,244,65646,0.012295081967213115,2.0,0.008416961482240514
8247,2021-04-07,Essex,5,1474,185,65831,0.02702702702702703,1.0,0.008342450881414123
8248,2021-04-08,Essex,2,1476,324,66155,0.006172839506172839,1.0,0.006541215522630184
8249,2021-04-09,Essex,3,1479,333,66488,0.009009009009009009,1.0,0.0066366708610522745
8250,2021-04-10,Essex,3,1482,224,66712,0.013392857142857142,1.0,0.0066103415219771955
8251,2021-04-11,Essex,1,1483,201,66913,0.004975124378109453,1.0,0.00653280711608458
8252,2021-04-12,Essex,2,1485,340,67253,0.0058823529411764705,1.0,0.005625306569397504
8253,2021-04-13,Essex,4,1489,260,67513,0.015384615384615385,1.0,0.005845987527783381
8254,2021-04-14,Essex,4,1493,232,67745,0.017241379310344827,1.0,0.005147012690877509
8255,2021-04-15,Essex,2,1495,355,68100,0.005633802816901409,1.0,0.005108510070215263
8256,2021-04-16,Essex,1,1496,315,68415,0.0031746031746031746,1.0,0.004691766796329133
8257,2021-04-17,Essex,8,1504,266,68681,0.03007518796992481,1.0,0.005883361855405395
8258,2021-04-18,Essex,0,1504,262,68943,0.0,1.0,0.005527995828397576
8259,2021-04-19,Essex,2,1506,149,69092,0.013422818791946308,1.0,0.0060666005320239936
8260,2021-04-20,Essex,2,1508,283,69375,0.007067137809187279,1.0,0.0054724949909219864
8261,2021-04-21,Essex,2,1510,139,69514,0.014388489208633094,1.0,0.005268717126514006
8262,2021-04-22,Essex,1,1511,290,69804,0.0034482758620689655,1.0,0.005112608058311688
8263,2021-04-23,Essex,0,1511,238,70042,0.0,1.0,0.004885850688697175
8264,2021-04-24,Essex,2,1513,205,70247,0.00975609756097561,0.0,0.003434487088057947
8265,2021-04-25,Essex,2,1515,144,70391,0.013888888888888888,0.0,0.004426550580121439
8266,2021-04-26,Essex,7,1522,245,70636,0.02857142857142857,1.0,0.005508594135798743
8267,2021-04-27,Essex,2,1524,210,70846,0.009523809523809525,1.0,0.0056840706868431885
8268,2021-04-28,Essex,8,1532,216,71062,0.037037037037037035,1.0,0.007301824103157757
8269,2021-04-29,Essex,2,1534,317,71379,0.006309148264984227,1.0,0.007506172131937418
8270,2021-04-30,Essex,3,1537,301,71680,0.009966777408637873,1.0,0.00821808480398298
8271,2021-05-01,Essex,8,1545,285,71965,0.028070175438596492,2.0,0.009526233223813043
8272,2021-05-02,Essex,1,1546,146,72111,0.00684931506849315,2.0,0.009023406522356206
8273,2021-05-03,Essex,0,1546,141,72252,0.0,1.0,0.006982590195825593
8274,2021-05-04,Essex,5,1551,265,72517,0.018867924528301886,1.0,0.007650026981860762
8275,2021-05-05,Essex,1,1552,218,72735,0.0045871559633027525,1.0,0.005332178333736884
8276,2021-05-06,Essex,11,1563,376,73111,0.02925531914893617,2.0,0.006971190539733452
8277,2021-05-07,Essex,1,1564,273,73384,0.003663003663003663,1.0,0.006520920986473866
8278,2021-05-08,Essex,3,1567,137,73521,0.021897810218978103,1.0,0.006080037756501123
8279,2021-05-09,Essex,1,1568,104,73625,0.009615384615384616,1.0,0.006277614152707657
8280,2021-05-10,Essex,2,1570,180,73805,0.011111111111111112,1.0,0.00707126494635845
8281,2021-05-11,Essex,3,1573,301,74106,0.009966777408637873,1.0,0.006435468723525307
8282,2021-05-12,Essex,0,1573,171,74277,0.0,1.0,0.006107814726146539
8283,2021-05-13,Essex,2,1575,259,74536,0.007722007722007722,0.0,0.004569721052794506
8284,2021-05-14,Essex,2,1577,250,74786,0.008,0.0,0.0048795065054371015
8285,2021-05-15,Essex,0,1577,99,74885,0.0,0.0,0.003315377204081523
8286,2021-05-16,Essex,1,1578,94,74979,0.010638297872340425,0.0,0.003388442436721224
8287,2021-05-17,Essex,2,1580,148,75127,0.013513513513513514,0.0,0.0035600426083213957
8288,2021-05-18,Essex,1,1581,193,75320,0.0051813471502590676,0.0,0.0032182261612943375
8289,2021-05-19,Essex,0,1581,185,75505,0.0,0.0,0.0032182261612943375
8290,2021-05-20,Essex,0,1581,190,75695,0.0,0.0,0.002666654181150929
8291,2021-05-21,Essex,5,1586,237,75932,0.02109704641350211,0.0,0.0036021574964010795
8292,2021-05-22,Essex,0,1586,118,76050,0.0,0.0,0.0036021574964010795
8293,2021-05-23,Essex,0,1586,88,76138,0.0,0.0,0.002842279076948192
8294,2021-05-24,Essex,1,1587,164,76302,0.006097560975609756,0.0,0.002312568181383638
8295,2021-05-25,Essex,1,1588,175,76477,0.005714285714285714,0.0,0.0023506352216712554
8296,2021-05-26,Essex,0,1588,124,76601,0.0,0.0,0.0023506352216712554
8297,2021-05-27,Essex,0,1588,181,76782,0.0,0.0,0.0023506352216712554
8298,2021-05-28,Essex,1,1589,123,76905,0.008130081300813009,0.0,0.0014244234279077485
8299,2021-05-29,Essex,0,1589,74,76979,0.0,0.0,0.0014244234279077485
8300,2021-05-30,Essex,1,1590,78,77057,0.01282051282051282,0.0,0.002340174343658664
8301,2021-05-31,Essex,0,1590,45,77102,0.0,0.0,0.001904634273972253
8302,2021-06-01,Essex,0,1590,93,77195,0.0,0.0,0.0014964710086661306
8303,2021-06-02,Essex,0,1590,162,77357,0.0,0.0,0.0014964710086661306
8304,2021-06-03,Essex,1,1591,210,77567,0.004761904761904762,0.0,0.0018366070630878996
8305,2021-06-04,Essex,0,1591,153,77720,0.0,0.0,0.0012558869701726845
8306,2021-06-05,Essex,0,1591,57,77777,0.0,0.0,0.0012558869701726845
8307,2021-06-06,Essex,0,1591,74,77851,0.0,0.0,0.00034013605442176874
8308,2021-06-07,Essex,1,1592,129,77980,0.007751937984496124,0.0,0.0008938459104572061
8309,2021-06-08,Essex,0,1592,130,78110,0.0,0.0,0.0008938459104572061
8310,2021-06-09,Essex,0,1592,260,78370,0.0,0.0,0.0008938459104572061
8311,2021-06-10,Essex,0,1592,135,78505,0.0,0.0,0.0005537098560354374
8312,2021-06-11,Essex,1,1593,171,78676,0.005847953216374269,0.0,0.0009714208000621709
8313,2021-06-12,Essex,0,1593,92,78768,0.0,0.0,0.0009714208000621709
8314,2021-06-13,Essex,0,1593,52,78820,0.0,0.0,0.0009714208000621709
8315,2021-06-14,Essex,0,1593,40,78860,0.0,0.0,0.0004177109440267335
8316,2021-06-15,Essex,0,1593,84,78944,0.0,0.0,0.0004177109440267335
8317,2021-06-16,Essex,0,1593,121,79065,0.0,0.0,0.0004177109440267335
8318,2021-06-17,Essex,0,1593,130,79195,0.0,0.0,0.0004177109440267335
8319,2021-06-18,Essex,0,1593,83,79278,0.0,0.0,0.0
8320,2021-06-19,Essex,0,1593,97,79375,0.0,0.0,0.0
8321,2021-06-20,Essex,0,1593,40,79415,0.0,0.0,0.0
8322,2021-06-21,Essex,0,1593,64,79479,0.0,0.0,0.0
8323,2021-06-22,Essex,0,1593,83,79562,0.0,0.0,0.0
8324,2021-06-23,Essex,1,1594,150,79712,0.006666666666666667,0.0,0.00047619047619047624
8325,2021-06-24,Essex,1,1595,90,79802,0.011111111111111112,0.0,0.0012698412698412698
8326,2021-06-25,Essex,0,1595,66,79868,0.0,0.0,0.0012698412698412698
8327,2021-06-26,Essex,0,1595,75,79943,0.0,0.0,0.0012698412698412698
8328,2021-06-27,Essex,0,1595,43,79986,0.0,0.0,0.0012698412698412698
8329,2021-06-28,Essex,0,1595,121,80107,0.0,0.0,0.0012698412698412698
8330,2021-06-29,Essex,0,1595,173,80280,0.0,0.0,0.0012698412698412698
8331,2021-06-30,Essex,2,1597,66,80346,0.030303030303030304,0.0,0.0029581529581529584
8332,2021-07-01,Essex,0,1597,76,80422,0.0,0.0,0.0021645021645021645
8333,2021-07-02,Essex,0,1597,293,80715,0.0,0.0,0.0021645021645021645
8334,2021-07-03,Essex,0,1597,70,80785,0.0,0.0,0.0021645021645021645
8335,2021-07-04,Essex,0,1597,84,80869,0.0,0.0,0.0021645021645021645
8336,2021-07-05,Essex,0,1597,15,80884,0.0,0.0,0.0021645021645021645
8337,2021-07-06,Essex,1,1598,53,80937,0.018867924528301886,0.0,0.0035122110593808703
8338,2021-07-07,Essex,0,1598,74,81011,0.0,0.0,0.001347708894878706
8339,2021-07-08,Essex,0,1598,67,81078,0.0,0.0,0.001347708894878706
8340,2021-07-09,Essex,0,1598,73,81151,0.0,0.0,0.001347708894878706
8341,2021-07-10,Essex,0,1598,56,81207,0.0,0.0,0.001347708894878706
8342,2021-07-11,Essex,1,1599,42,81249,0.023809523809523808,0.0,0.0030483891669875495
8343,2021-07-12,Essex,1,1600,65,81314,0.015384615384615385,0.0,0.004147290265888648
8344,2021-07-13,Essex,1,1601,103,81417,0.009708737864077669,0.0,0.00349306264701549
8345,2021-07-14,Essex,1,1602,80,81497,0.0125,0.0,0.004385919789872633
8346,2021-07-15,Essex,6,1608,88,81585,0.06818181818181818,0.0,0.009256049660002501
8347,2021-07-16,Essex,2,1610,82,81667,0.024390243902439025,0.0,0.010998209938748145
8348,2021-07-17,Essex,2,1612,61,81728,0.03278688524590164,1.0,0.013340130313455408
8349,2021-07-18,Essex,2,1614,42,81770,0.047619047619047616,1.0,0.015040810585564252
8350,2021-07-19,Essex,0,1614,36,81806,0.0,1.0,0.013941909486663153
8351,2021-07-20,Essex,1,1615,77,81883,0.012987012987012988,1.0,0.014176071995444248
8352,2021-07-21,Essex,0,1615,82,81965,0.0,0.0,0.013283214852587103
8353,2021-07-22,Essex,3,1618,119,82084,0.025210084033613446,0.0,0.010213805270572479
8354,2021-07-23,Essex,2,1620,90,82174,0.022222222222222223,0.0,0.010058946579128423
8355,2021-07-24,Essex,1,1621,83,82257,0.012048192771084338,0.0,0.008577611402355757
8356,2021-07-25,Essex,2,1623,58,82315,0.034482758620689655,0.0,0.007639305045330189
8357,2021-07-26,Essex,2,1625,83,82398,0.024096385542168676,0.0,0.009360475441199381
8358,2021-07-27,Essex,3,1628,91,82489,0.03296703296703297,0.0,0.01078761972548652
8359,2021-07-28,Essex,1,1629,83,82572,0.012048192771084338,1.0,0.011648204923421116
8360,2021-07-29,Essex,0,1629,86,82658,0.0,0.0,0.00984748463530587
8361,2021-07-30,Essex,3,1632,191,82849,0.015706806282722512,0.0,0.009382097782484463
8362,2021-07-31,Essex,0,1632,64,82913,0.0,0.0,0.008521512584549867
8363,2021-08-01,Essex,4,1636,59,82972,0.06779661016949153,0.0,0.010901073409464288
8364,2021-08-02,Essex,0,1636,160,83132,0.0,0.0,0.009179903013595097
8365,2021-08-03,Essex,1,1637,125,83257,0.008,0.0,0.007396543515949884
8366,2021-08-04,Essex,2,1639,120,83377,0.016666666666666666,0.0,0.00772643450849148
8367,2021-08-05,Essex,6,1645,207,83584,0.028985507246376812,1.0,0.009796827883232679
8368,2020-03-01,Franklin,0,0,0,0,,,
8369,2020-03-02,Franklin,0,0,0,0,,,
8370,2020-03-03,Franklin,0,0,0,0,,,
8371,2020-03-04,Franklin,0,0,0,0,,,
8372,2020-03-05,Franklin,0,0,0,0,,,
8373,2020-03-06,Franklin,0,0,0,0,,,
8374,2020-03-07,Franklin,0,0,0,0,,0.0,
8375,2020-03-08,Franklin,0,0,0,0,,0.0,
8376,2020-03-09,Franklin,0,0,0,0,,0.0,
8377,2020-03-10,Franklin,0,0,0,0,,0.0,
8378,2020-03-11,Franklin,0,0,0,0,,0.0,
8379,2020-03-12,Franklin,0,0,1,1,0.0,0.0,
8380,2020-03-13,Franklin,0,0,0,1,,0.0,
8381,2020-03-14,Franklin,0,0,1,2,0.0,0.0,
8382,2020-03-15,Franklin,0,0,0,2,,0.0,
8383,2020-03-16,Franklin,0,0,3,5,0.0,0.0,
8384,2020-03-17,Franklin,0,0,1,6,0.0,0.0,
8385,2020-03-18,Franklin,0,0,5,11,0.0,0.0,
8386,2020-03-19,Franklin,0,0,6,17,0.0,0.0,
8387,2020-03-20,Franklin,0,0,5,22,0.0,0.0,
8388,2020-03-21,Franklin,0,0,10,32,0.0,0.0,
8389,2020-03-22,Franklin,0,0,8,40,0.0,0.0,0.0
8390,2020-03-23,Franklin,0,0,3,43,0.0,0.0,0.0
8391,2020-03-24,Franklin,1,1,4,47,0.25,0.0,0.017857142857142856
8392,2020-03-25,Franklin,0,1,5,52,0.0,0.0,0.017857142857142856
8393,2020-03-26,Franklin,1,2,11,63,0.09090909090909091,0.0,0.024350649350649352
8394,2020-03-27,Franklin,2,4,10,73,0.2,0.0,0.038636363636363635
8395,2020-03-28,Franklin,2,6,9,82,0.2222222222222222,0.0,0.05450937950937951
8396,2020-03-29,Franklin,0,6,14,96,0.0,0.0,0.05450937950937951
8397,2020-03-30,Franklin,3,9,10,106,0.3,0.0,0.07593795093795094
8398,2020-03-31,Franklin,0,9,9,115,0.0,0.0,0.05808080808080807
8399,2020-04-01,Franklin,0,9,8,123,0.0,0.0,0.05808080808080807
8400,2020-04-02,Franklin,1,10,19,142,0.05263157894736842,0.0,0.05534670008354219
8401,2020-04-03,Franklin,0,10,4,146,0.0,0.0,0.0410609857978279
8402,2020-04-04,Franklin,0,10,6,152,0.0,0.0,0.02518796992481203
8403,2020-04-05,Franklin,0,10,5,157,0.0,0.0,0.02518796992481203
8404,2020-04-06,Franklin,0,10,5,162,0.0,0.0,0.0037593984962406013
8405,2020-04-07,Franklin,0,10,7,169,0.0,0.0,0.0037593984962406013
8406,2020-04-08,Franklin,1,11,5,174,0.2,0.0,0.01804511278195489
8407,2020-04-09,Franklin,0,11,6,180,0.0,0.0,0.014285714285714287
8408,2020-04-10,Franklin,0,11,5,185,0.0,0.0,0.014285714285714287
8409,2020-04-11,Franklin,1,12,8,193,0.125,0.0,0.023214285714285715
8410,2020-04-12,Franklin,0,12,6,199,0.0,0.0,0.023214285714285715
8411,2020-04-13,Franklin,1,13,13,212,0.07692307692307693,0.0,0.02870879120879121
8412,2020-04-14,Franklin,0,13,4,216,0.0,0.0,0.02870879120879121
8413,2020-04-15,Franklin,0,13,11,227,0.0,0.0,0.014423076923076924
8414,2020-04-16,Franklin,0,13,3,230,0.0,0.0,0.014423076923076924
8415,2020-04-17,Franklin,0,13,9,239,0.0,0.0,0.014423076923076924
8416,2020-04-18,Franklin,0,13,9,248,0.0,0.0,0.005494505494505495
8417,2020-04-19,Franklin,0,13,5,253,0.0,0.0,0.005494505494505495
8418,2020-04-20,Franklin,0,13,3,256,0.0,0.0,0.0
8419,2020-04-21,Franklin,0,13,2,258,0.0,0.0,0.0
8420,2020-04-22,Franklin,0,13,8,266,0.0,0.0,0.0
8421,2020-04-23,Franklin,0,13,9,275,0.0,0.0,0.0
8422,2020-04-24,Franklin,1,14,35,310,0.02857142857142857,0.0,0.002040816326530612
8423,2020-04-25,Franklin,0,14,3,313,0.0,0.0,0.002040816326530612
8424,2020-04-26,Franklin,0,14,17,330,0.0,0.0,0.002040816326530612
8425,2020-04-27,Franklin,0,14,13,343,0.0,0.0,0.002040816326530612
8426,2020-04-28,Franklin,1,15,17,360,0.058823529411764705,0.0,0.00624249699879952
8427,2020-04-29,Franklin,0,15,14,374,0.0,0.0,0.00624249699879952
8428,2020-04-30,Franklin,0,15,16,390,0.0,0.0,0.00624249699879952
8429,2020-05-01,Franklin,0,15,9,399,0.0,0.0,0.004201680672268907
8430,2020-05-02,Franklin,0,15,9,408,0.0,0.0,0.004201680672268907
8431,2020-05-03,Franklin,1,16,15,423,0.06666666666666667,0.0,0.008963585434173669
8432,2020-05-04,Franklin,0,16,11,434,0.0,0.0,0.008963585434173669
8433,2020-05-05,Franklin,0,16,15,449,0.0,0.0,0.0047619047619047615
8434,2020-05-06,Franklin,0,16,18,467,0.0,0.0,0.0047619047619047615
8435,2020-05-07,Franklin,1,17,82,549,0.012195121951219513,0.0,0.0056329849012775835
8436,2020-05-08,Franklin,0,17,24,573,0.0,0.0,0.0056329849012775835
8437,2020-05-09,Franklin,0,17,50,623,0.0,0.0,0.0056329849012775835
8438,2020-05-10,Franklin,0,17,53,676,0.0,0.0,0.0008710801393728223
8439,2020-05-11,Franklin,0,17,91,767,0.0,0.0,0.0008710801393728223
8440,2020-05-12,Franklin,0,17,52,819,0.0,0.0,0.0008710801393728223
8441,2020-05-13,Franklin,0,17,56,875,0.0,0.0,0.0008710801393728223
8442,2020-05-14,Franklin,0,17,48,923,0.0,0.0,0.0
8443,2020-05-15,Franklin,1,18,196,1119,0.00510204081632653,0.0,0.00036443148688046647
8444,2020-05-16,Franklin,0,18,126,1245,0.0,0.0,0.00036443148688046647
8445,2020-05-17,Franklin,0,18,285,1530,0.0,0.0,0.00036443148688046647
8446,2020-05-18,Franklin,0,18,9,1539,0.0,0.0,0.00036443148688046647
8447,2020-05-19,Franklin,0,18,55,1594,0.0,0.0,0.00036443148688046647
8448,2020-05-20,Franklin,1,19,245,1839,0.004081632653061225,0.0,0.0006559766763848396
8449,2020-05-21,Franklin,0,19,194,2033,0.0,0.0,0.0006559766763848396
8450,2020-05-22,Franklin,1,20,83,2116,0.012048192771084338,0.0,0.0011521303874389688
8451,2020-05-23,Franklin,0,20,178,2294,0.0,0.0,0.0011521303874389688
8452,2020-05-24,Franklin,0,20,138,2432,0.0,0.0,0.0011521303874389688
8453,2020-05-25,Franklin,0,20,219,2651,0.0,0.0,0.0011521303874389688
8454,2020-05-26,Franklin,0,20,84,2735,0.0,0.0,0.0011521303874389688
8455,2020-05-27,Franklin,0,20,157,2892,0.0,0.0,0.0008605851979345956
8456,2020-05-28,Franklin,1,21,118,3010,0.00847457627118644,0.0,0.0014659120744479129
8457,2020-05-29,Franklin,1,22,129,3139,0.007751937984496124,0.0,0.0011590367325487545
8458,2020-05-30,Franklin,0,22,151,3290,0.0,0.0,0.0011590367325487545
8459,2020-05-31,Franklin,1,23,167,3457,0.005988023952095809,0.0,0.0015867527291270266
8460,2020-06-01,Franklin,0,23,42,3499,0.0,0.0,0.0015867527291270266
8461,2020-06-02,Franklin,0,23,222,3721,0.0,0.0,0.0015867527291270266
8462,2020-06-03,Franklin,0,23,262,3983,0.0,0.0,0.0015867527291270266
8463,2020-06-04,Franklin,0,23,120,4103,0.0,0.0,0.0009814258526137094
8464,2020-06-05,Franklin,0,23,207,4310,0.0,0.0,0.00042771599657827206
8465,2020-06-06,Franklin,0,23,198,4508,0.0,0.0,0.00042771599657827206
8466,2020-06-07,Franklin,0,23,272,4780,0.0,0.0,0.0
8467,2020-06-08,Franklin,0,23,53,4833,0.0,0.0,0.0
8468,2020-06-09,Franklin,0,23,127,4960,0.0,0.0,0.0
8469,2020-06-10,Franklin,0,23,156,5116,0.0,0.0,0.0
8470,2020-06-11,Franklin,1,24,205,5321,0.004878048780487805,0.0,0.0003484320557491289
8471,2020-06-12,Franklin,1,25,142,5463,0.007042253521126761,0.0,0.0008514501644010404
8472,2020-06-13,Franklin,0,25,162,5625,0.0,0.0,0.0008514501644010404
8473,2020-06-14,Franklin,0,25,160,5785,0.0,0.0,0.0008514501644010404
8474,2020-06-15,Franklin,0,25,67,5852,0.0,0.0,0.0008514501644010404
8475,2020-06-16,Franklin,0,25,54,5906,0.0,0.0,0.0008514501644010404
8476,2020-06-17,Franklin,1,26,136,6042,0.007352941176470588,0.0,0.0013766602484346537
8477,2020-06-18,Franklin,1,27,163,6205,0.006134969325153374,0.0,0.0014664402873393375
8478,2020-06-19,Franklin,0,27,251,6456,0.0,0.0,0.000963422178687426
8479,2020-06-20,Franklin,0,27,147,6603,0.0,0.0,0.000963422178687426
8480,2020-06-21,Franklin,0,27,200,6803,0.0,0.0,0.000963422178687426
8481,2020-06-22,Franklin,1,28,39,6842,0.02564102564102564,0.0,0.0027949240101892573
8482,2020-06-23,Franklin,0,28,55,6897,0.0,0.0,0.0027949240101892573
8483,2020-06-24,Franklin,0,28,90,6987,0.0,0.0,0.002269713926155644
8484,2020-06-25,Franklin,0,28,112,7099,0.0,0.0,0.0018315018315018315
8485,2020-06-26,Franklin,1,29,214,7313,0.004672897196261682,0.0,0.0021652802026633803
8486,2020-06-27,Franklin,0,29,136,7449,0.0,0.0,0.0021652802026633803
8487,2020-06-28,Franklin,1,30,128,7577,0.0078125,0.0,0.0027233159169490944
8488,2020-06-29,Franklin,0,30,28,7605,0.0,0.0,0.0008918140854472631
8489,2020-06-30,Franklin,1,31,143,7748,0.006993006993006993,0.0,0.0013913145849477626
8490,2020-07-01,Franklin,1,32,89,7837,0.011235955056179775,0.0,0.002193882803246318
8491,2020-07-02,Franklin,1,33,78,7915,0.01282051282051282,0.0,0.0031096337189972334
8492,2020-07-03,Franklin,0,33,50,7965,0.0,0.0,0.0027758553478356846
8493,2020-07-04,Franklin,0,33,156,8121,0.0,0.0,0.0027758553478356846
8494,2020-07-05,Franklin,0,33,126,8247,0.0,0.0,0.0022178196335499705
8495,2020-07-06,Franklin,0,33,138,8385,0.0,0.0,0.0022178196335499705
8496,2020-07-07,Franklin,0,33,177,8562,0.0,0.0,0.001718319134049471
8497,2020-07-08,Franklin,1,34,196,8758,0.00510204081632653,0.0,0.0012801824026313822
8498,2020-07-09,Franklin,1,35,187,8945,0.0053475935828877,0.0,0.0007464024570867307
8499,2020-07-10,Franklin,0,35,91,9036,0.0,0.0,0.0007464024570867307
8500,2020-07-11,Franklin,1,36,180,9216,0.005555555555555556,0.0,0.0011432278539121276
8501,2020-07-12,Franklin,0,36,143,9359,0.0,0.0,0.0011432278539121276
8502,2020-07-13,Franklin,0,36,91,9450,0.0,0.0,0.0011432278539121276
8503,2020-07-14,Franklin,1,37,99,9549,0.010101010101010102,0.0,0.001864728575412849
8504,2020-07-15,Franklin,1,38,94,9643,0.010638297872340425,0.0,0.0022601755079852703
8505,2020-07-16,Franklin,1,39,109,9752,0.009174311926605505,0.0,0.002533512532536542
8506,2020-07-17,Franklin,1,40,183,9935,0.00546448087431694,0.0,0.002923832594987752
8507,2020-07-18,Franklin,0,40,184,10119,0.0,0.0,0.0025270071981623554
8508,2020-07-19,Franklin,0,40,97,10216,0.0,0.0,0.0025270071981623554
8509,2020-07-20,Franklin,2,42,199,10415,0.010050251256281407,0.0,0.0032448822878967418
8510,2020-07-21,Franklin,0,42,150,10565,0.0,0.0,0.00252338156639602
8511,2020-07-22,Franklin,0,42,248,10813,0.0,0.0,0.0017635031469431324
8512,2020-07-23,Franklin,0,42,107,10920,0.0,0.0,0.0011081951521855963
8513,2020-07-24,Franklin,0,42,321,11241,0.0,0.0,0.0007178750897343862
8514,2020-07-25,Franklin,2,44,178,11419,0.011235955056179775,0.0,0.0015204433080329416
8515,2020-07-26,Franklin,0,44,185,11604,0.0,0.0,0.0015204433080329416
8516,2020-07-27,Franklin,3,47,146,11750,0.02054794520547945,0.0,0.0022702785901185163
8517,2020-07-28,Franklin,1,48,90,11840,0.011111111111111112,0.0,0.00306392938376931
8518,2020-07-29,Franklin,0,48,78,11918,0.0,0.0,0.00306392938376931
8519,2020-07-30,Franklin,2,50,87,12005,0.022988505747126436,0.0,0.004705965508564056
8520,2020-07-31,Franklin,0,50,288,12293,0.0,0.0,0.004705965508564056
8521,2020-08-01,Franklin,0,50,135,12428,0.0,0.0,0.0039033972902655
8522,2020-08-02,Franklin,0,50,88,12516,0.0,0.0,0.0039033972902655
8523,2020-08-03,Franklin,0,50,164,12680,0.0,0.0,0.002435686918445539
8524,2020-08-04,Franklin,2,52,134,12814,0.014925373134328358,0.0,0.0027081342058182
8525,2020-08-05,Franklin,0,52,91,12905,0.0,0.0,0.0027081342058182
8526,2020-08-06,Franklin,2,54,125,13030,0.016,0.0,0.002208955223880597
8527,2020-08-07,Franklin,0,54,74,13104,0.0,0.0,0.002208955223880597
8528,2020-08-08,Franklin,0,54,227,13331,0.0,0.0,0.002208955223880597
8529,2020-08-09,Franklin,0,54,85,13416,0.0,0.0,0.002208955223880597
8530,2020-08-10,Franklin,0,54,160,13576,0.0,0.0,0.002208955223880597
8531,2020-08-11,Franklin,0,54,133,13709,0.0,0.0,0.001142857142857143
8532,2020-08-12,Franklin,0,54,364,14073,0.0,0.0,0.001142857142857143
8533,2020-08-13,Franklin,0,54,73,14146,0.0,0.0,0.0
8534,2020-08-14,Franklin,0,54,370,14516,0.0,0.0,0.0
8535,2020-08-15,Franklin,0,54,155,14671,0.0,0.0,0.0
8536,2020-08-16,Franklin,0,54,84,14755,0.0,0.0,0.0
8537,2020-08-17,Franklin,1,55,151,14906,0.006622516556291391,0.0,0.0004730368968779565
8538,2020-08-18,Franklin,1,56,127,15033,0.007874015748031496,0.0,0.0010354665931659203
8539,2020-08-19,Franklin,0,56,136,15169,0.0,0.0,0.0010354665931659203
8540,2020-08-20,Franklin,0,56,122,15291,0.0,0.0,0.0010354665931659203
8541,2020-08-21,Franklin,0,56,176,15467,0.0,0.0,0.0010354665931659203
8542,2020-08-22,Franklin,0,56,270,15737,0.0,0.0,0.0010354665931659203
8543,2020-08-23,Franklin,0,56,99,15836,0.0,0.0,0.0010354665931659203
8544,2020-08-24,Franklin,0,56,177,16013,0.0,0.0,0.000562429696287964
8545,2020-08-25,Franklin,1,57,114,16127,0.008771929824561403,0.0,0.0006265664160401002
8546,2020-08-26,Franklin,1,58,282,16409,0.0035460992907801418,0.0,0.000879859222524396
8547,2020-08-27,Franklin,0,58,51,16460,0.0,0.0,0.000879859222524396
8548,2020-08-28,Franklin,0,58,686,17146,0.0,0.0,0.000879859222524396
8549,2020-08-29,Franklin,0,58,171,17317,0.0,0.0,0.000879859222524396
8550,2020-08-30,Franklin,0,58,70,17387,0.0,0.0,0.000879859222524396
8551,2020-08-31,Franklin,0,58,163,17550,0.0,0.0,0.000879859222524396
8552,2020-09-01,Franklin,0,58,183,17733,0.0,0.0,0.00025329280648429586
8553,2020-09-02,Franklin,1,59,138,17871,0.007246376811594203,0.0,0.0005175983436853002
8554,2020-09-03,Franklin,0,59,145,18016,0.0,0.0,0.0005175983436853002
8555,2020-09-04,Franklin,0,59,147,18163,0.0,0.0,0.0005175983436853002
8556,2020-09-05,Franklin,0,59,151,18314,0.0,0.0,0.0005175983436853002
8557,2020-09-06,Franklin,0,59,172,18486,0.0,0.0,0.0005175983436853002
8558,2020-09-07,Franklin,0,59,166,18652,0.0,0.0,0.0005175983436853002
8559,2020-09-08,Franklin,0,59,59,18711,0.0,0.0,0.0005175983436853002
8560,2020-09-09,Franklin,0,59,54,18765,0.0,0.0,0.0
8561,2020-09-10,Franklin,1,60,113,18878,0.008849557522123894,0.0,0.0006321112515802781
8562,2020-09-11,Franklin,1,61,319,19197,0.003134796238244514,0.0,0.0008560252685977434
8563,2020-09-12,Franklin,2,63,119,19316,0.01680672268907563,0.0,0.002056505460674574
8564,2020-09-13,Franklin,0,63,84,19400,0.0,0.0,0.002056505460674574
8565,2020-09-14,Franklin,0,63,176,19576,0.0,0.0,0.002056505460674574
8566,2020-09-15,Franklin,0,63,109,19685,0.0,0.0,0.002056505460674574
8567,2020-09-16,Franklin,0,63,200,19885,0.0,0.0,0.002056505460674574
8568,2020-09-17,Franklin,1,64,219,20104,0.0045662100456621,0.0,0.0017505520694987317
8569,2020-09-18,Franklin,0,64,228,20332,0.0,0.0,0.0015266380524812664
8570,2020-09-19,Franklin,1,65,303,20635,0.0033003300330033004,0.0,0.0005618957199046714
8571,2020-09-20,Franklin,0,65,191,20826,0.0,0.0,0.0005618957199046714
8572,2020-09-21,Franklin,0,65,130,20956,0.0,0.0,0.0005618957199046714
8573,2020-09-22,Franklin,0,65,113,21069,0.0,0.0,0.0005618957199046714
8574,2020-09-23,Franklin,1,66,152,21221,0.006578947368421052,0.0,0.0010318205319347466
8575,2020-09-24,Franklin,0,66,190,21411,0.0,0.0,0.0007056626715303109
8576,2020-09-25,Franklin,0,66,268,21679,0.0,0.0,0.0007056626715303109
8577,2020-09-26,Franklin,0,66,258,21937,0.0,0.0,0.00046992481203007516
8578,2020-09-27,Franklin,0,66,141,22078,0.0,0.0,0.00046992481203007516
8579,2020-09-28,Franklin,0,66,109,22187,0.0,0.0,0.00046992481203007516
8580,2020-09-29,Franklin,0,66,120,22307,0.0,0.0,0.00046992481203007516
8581,2020-09-30,Franklin,0,66,103,22410,0.0,0.0,0.0
8582,2020-10-01,Franklin,0,66,198,22608,0.0,0.0,0.0
8583,2020-10-02,Franklin,2,68,312,22920,0.00641025641025641,0.0,0.0004578754578754579
8584,2020-10-03,Franklin,2,70,157,23077,0.012738853503184714,0.0,0.0013677935652457948
8585,2020-10-04,Franklin,0,70,82,23159,0.0,0.0,0.0013677935652457948
8586,2020-10-05,Franklin,0,70,200,23359,0.0,0.0,0.0013677935652457948
8587,2020-10-06,Franklin,0,70,82,23441,0.0,0.0,0.0013677935652457948
8588,2020-10-07,Franklin,1,71,130,23571,0.007692307692307693,0.0,0.0019172441146963442
8589,2020-10-08,Franklin,0,71,202,23773,0.0,0.0,0.0019172441146963442
8590,2020-10-09,Franklin,0,71,383,24156,0.0,0.0,0.0014593686568208863
8591,2020-10-10,Franklin,0,71,413,24569,0.0,0.0,0.0005494505494505495
8592,2020-10-11,Franklin,0,71,63,24632,0.0,0.0,0.0005494505494505495
8593,2020-10-12,Franklin,1,72,518,25150,0.0019305019305019305,0.0,0.0006873435444864016
8594,2020-10-13,Franklin,0,72,637,25787,0.0,0.0,0.0006873435444864016
8595,2020-10-14,Franklin,3,75,471,26258,0.006369426751592357,0.0,0.0005928520487210205
8596,2020-10-15,Franklin,0,75,210,26468,0.0,0.0,0.0005928520487210205
8597,2020-10-16,Franklin,2,77,597,27065,0.0033500837520938024,0.0,0.0008321437452991493
8598,2020-10-17,Franklin,0,77,365,27430,0.0,0.0,0.0008321437452991493
8599,2020-10-18,Franklin,0,77,120,27550,0.0,0.0,0.0008321437452991493
8600,2020-10-19,Franklin,0,77,392,27942,0.0,0.0,0.0006942507502632971
8601,2020-10-20,Franklin,1,78,112,28054,0.008928571428571428,0.0,0.0013320058523041134
8602,2020-10-21,Franklin,1,79,145,28199,0.006896551724137931,0.0,0.0013696576360573687
8603,2020-10-22,Franklin,0,79,333,28532,0.0,0.0,0.0013696576360573687
8604,2020-10-23,Franklin,0,79,283,28815,0.0,0.0,0.00113036593947924
8605,2020-10-24,Franklin,0,79,300,29115,0.0,0.0,0.00113036593947924
8606,2020-10-25,Franklin,1,80,92,29207,0.010869565217391304,0.0,0.0019067634550071902
8607,2020-10-26,Franklin,0,80,125,29332,0.0,0.0,0.0019067634550071902
8608,2020-10-27,Franklin,0,80,123,29455,0.0,0.0,0.0012690083529663739
8609,2020-10-28,Franklin,0,80,156,29611,0.0,0.0,0.0007763975155279503
8610,2020-10-29,Franklin,2,82,140,29751,0.014285714285714285,0.0,0.0017968056787932563
8611,2020-10-30,Franklin,4,86,203,29954,0.019704433497536946,0.0,0.0032042652143316097
8612,2020-10-31,Franklin,1,87,145,30099,0.006896551724137931,0.0,0.0036968760517700336
8613,2020-11-01,Franklin,1,88,90,30189,0.011111111111111112,0.0,0.003714129329892877
8614,2020-11-02,Franklin,8,96,354,30543,0.022598870056497175,1.0,0.00532833433392839
8615,2020-11-03,Franklin,0,96,54,30597,0.0,1.0,0.00532833433392839
8616,2020-11-04,Franklin,9,105,226,30823,0.03982300884955752,1.0,0.008172834966039641
8617,2020-11-05,Franklin,9,114,256,31079,0.03515625,2.0,0.009663587517060049
8618,2020-11-06,Franklin,13,127,501,31580,0.02594810379241517,2.0,0.01010956396669421
8619,2020-11-07,Franklin,9,136,395,31975,0.02278481012658228,3.0,0.011244439566868802
8620,2020-11-08,Franklin,4,140,284,32259,0.014084507042253521,3.0,0.011456824990521832
8621,2020-11-09,Franklin,7,147,249,32508,0.028112449799196786,3.0,0.011850652115000377
8622,2020-11-10,Franklin,5,152,140,32648,0.03571428571428571,4.0,0.014401672523163642
8623,2020-11-11,Franklin,9,161,316,32964,0.028481012658227847,4.0,0.013591529938068666
8624,2020-11-12,Franklin,13,174,395,33359,0.03291139240506329,4.0,0.013431182967001758
8625,2020-11-13,Franklin,10,184,525,33884,0.01904761904761905,4.0,0.012938291199516323
8626,2020-11-14,Franklin,4,188,250,34134,0.016,3.0,0.012453661904760443
8627,2020-11-15,Franklin,1,189,104,34238,0.009615384615384616,3.0,0.012134438874269807
8628,2020-11-16,Franklin,6,195,239,34477,0.02510460251046025,3.0,0.011919592639360056
8629,2020-11-17,Franklin,12,207,341,34818,0.03519061583577713,3.0,0.011882187648038013
8630,2020-11-18,Franklin,8,215,295,35113,0.02711864406779661,3.0,0.011784875605864354
8631,2020-11-19,Franklin,5,220,162,35275,0.030864197530864196,3.0,0.011638647400564417
8632,2020-11-20,Franklin,9,229,625,35900,0.0144,3.0,0.011306674611448773
8633,2020-11-21,Franklin,2,231,177,36077,0.011299435028248588,3.0,0.010970919970609385
8634,2020-11-22,Franklin,8,239,362,36439,0.022099447513812154,3.0,0.011862638749068496
8635,2020-11-23,Franklin,4,243,336,36775,0.011904761904761904,3.0,0.010919792991518613
8636,2020-11-24,Franklin,2,245,163,36938,0.012269938650306749,2.0,0.009282601763985014
8637,2020-11-25,Franklin,10,255,345,37283,0.028985507246376812,2.0,0.0094159491338836
8638,2020-11-26,Franklin,4,259,174,37457,0.022988505747126436,2.0,0.008853399720759474
8639,2020-11-27,Franklin,0,259,88,37545,0.0,2.0,0.007824828292188045
8640,2020-11-28,Franklin,7,266,479,38024,0.014613778705636743,2.0,0.0080615671262872
8641,2020-11-29,Franklin,0,266,114,38138,0.0,1.0,0.006483035161014903
8642,2020-11-30,Franklin,5,271,302,38440,0.016556291390728478,2.0,0.006815287267155372
8643,2020-12-01,Franklin,5,276,116,38556,0.04310344827586207,2.0,0.009017680811837894
8644,2020-12-02,Franklin,7,283,243,38799,0.02880658436213992,2.0,0.009004900605820975
8645,2020-12-03,Franklin,10,293,245,39044,0.04081632653061224,2.0,0.01027831637606996
8646,2020-12-04,Franklin,12,305,300,39344,0.04,3.0,0.013135459233212817
8647,2020-12-05,Franklin,17,322,314,39658,0.054140127388535034,4.0,0.01595876985341984
8648,2020-12-06,Franklin,28,350,204,39862,0.13725490196078433,6.0,0.02576269142204729
8649,2020-12-07,Franklin,18,368,255,40117,0.07058823529411765,6.0,0.029622115986575086
8650,2020-12-08,Franklin,7,375,110,40227,0.06363636363636363,7.0,0.031088752798039482
8651,2020-12-09,Franklin,23,398,363,40590,0.06336088154269973,8.0,0.03355691688236518
8652,2020-12-10,Franklin,23,421,400,40990,0.0575,9.0,0.03474860784446431
8653,2020-12-11,Franklin,11,432,353,41343,0.031161473087818695,9.0,0.03411728449359422
8654,2020-12-12,Franklin,11,443,549,41892,0.020036429872495445,8.0,0.03168130609959139
8655,2020-12-13,Franklin,16,459,352,42244,0.045454545454545456,7.0,0.025124137777717184
8656,2020-12-14,Franklin,17,476,223,42467,0.07623318385650224,7.0,0.025527348389316085
8657,2020-12-15,Franklin,9,485,137,42604,0.06569343065693431,7.0,0.02567428174792827
8658,2020-12-16,Franklin,17,502,256,42860,0.06640625,7.0,0.025891808066306865
8659,2020-12-17,Franklin,38,540,347,43207,0.10951008645533142,8.0,0.029606814241687682
8660,2020-12-18,Franklin,18,558,389,43596,0.04627249357326478,9.0,0.03068617284779097
8661,2020-12-19,Franklin,18,576,459,44055,0.0392156862745098,9.0,0.03205611973364915
8662,2020-12-20,Franklin,15,591,273,44328,0.054945054945054944,9.0,0.03273401326868554
8663,2020-12-21,Franklin,18,609,278,44606,0.06474820143884892,9.0,0.0319136573817103
8664,2020-12-22,Franklin,9,618,175,44781,0.05142857142857143,9.0,0.030894738865398667
8665,2020-12-23,Franklin,17,635,324,45105,0.05246913580246913,9.0,0.029899230708432176
8666,2020-12-24,Franklin,28,663,353,45458,0.07932011331444759,8.0,0.0277428040555119
8667,2020-12-25,Franklin,31,694,413,45871,0.07506053268765134,9.0,0.029799092563682367
8668,2020-12-26,Franklin,5,699,248,46119,0.020161290322580645,8.0,0.028438064281401713
8669,2020-12-27,Franklin,14,713,164,46283,0.08536585365853659,8.0,0.030610978475221835
8670,2020-12-28,Franklin,16,729,175,46458,0.09142857142857143,8.0,0.03251671918877345
8671,2020-12-29,Franklin,5,734,117,46575,0.042735042735042736,8.0,0.03189575285352139
8672,2020-12-30,Franklin,27,761,329,46904,0.08206686930091185,9.0,0.03400987667483873
8673,2020-12-31,Franklin,20,781,375,47279,0.05333333333333334,8.0,0.03215367810475914
8674,2021-01-01,Franklin,16,797,363,47642,0.0440771349862259,7.0,0.029940578268943033
8675,2021-01-02,Franklin,13,810,321,47963,0.040498442367601244,7.0,0.03139323198644451
8676,2021-01-03,Franklin,2,812,95,48058,0.021052631578947368,7.0,0.026799430409330992
8677,2021-01-04,Franklin,10,822,235,48293,0.0425531914893617,6.0,0.023308331842244585
8678,2021-01-05,Franklin,10,832,240,48533,0.041666666666666664,7.0,0.023232019265932
8679,2021-01-06,Franklin,20,852,412,48945,0.04854368932038835,6.0,0.02083750641018033
8680,2021-01-07,Franklin,34,886,548,49493,0.06204379562043796,7.0,0.021459682287830656
8681,2021-01-08,Franklin,19,905,375,49868,0.050666666666666665,7.0,0.021930363122147856
8682,2021-01-09,Franklin,19,924,449,50317,0.042316258351893093,8.0,0.022060207121025844
8683,2021-01-10,Franklin,22,946,394,50711,0.05583756345177665,9.0,0.024544845111942222
8684,2021-01-11,Franklin,26,972,291,51002,0.08934707903780069,10.0,0.027887265651116433
8685,2021-01-12,Franklin,12,984,208,51210,0.057692307692307696,10.0,0.029031954295805074
8686,2021-01-13,Franklin,22,1006,414,51624,0.05314009661835749,11.0,0.02936026910280287
8687,2021-01-14,Franklin,34,1040,563,52187,0.06039076376554174,11.0,0.029242195398881714
8688,2021-01-15,Franklin,46,1086,567,52754,0.08112874779541446,12.0,0.031418058336649415
8689,2021-01-16,Franklin,17,1103,386,53140,0.04404145077720207,12.0,0.03154128636702863
8690,2021-01-17,Franklin,26,1129,462,53602,0.05627705627705628,13.0,0.03157267871169146
8691,2021-01-18,Franklin,18,1147,301,53903,0.059800664451827246,12.0,0.029462220526979072
8692,2021-01-19,Franklin,17,1164,261,54164,0.06513409961685823,12.0,0.029993777093018394
8693,2021-01-20,Franklin,38,1202,381,54545,0.09973753280839895,14.0,0.03332216539230707
8694,2021-01-21,Franklin,67,1269,465,55010,0.14408602150537633,16.0,0.039300398088009544
8695,2021-01-22,Franklin,28,1297,426,55436,0.06572769953051644,15.0,0.03820032321194539
8696,2021-01-23,Franklin,35,1332,333,55769,0.10510510510510511,16.0,0.04256201280679561
8697,2021-01-24,Franklin,27,1359,383,56152,0.07049608355091384,16.0,0.043577657612071156
8698,2021-01-25,Franklin,22,1381,261,56413,0.0842911877394636,16.0,0.04532698070404518
8699,2021-01-26,Franklin,18,1399,189,56602,0.09523809523809523,16.0,0.04747726610556211
8700,2021-01-27,Franklin,29,1428,290,56892,0.1,16.0,0.04749601376210504
8701,2021-01-28,Franklin,37,1465,516,57408,0.07170542635658915,14.0,0.04232597125147738
8702,2021-01-29,Franklin,60,1525,783,58191,0.07662835249042145,16.0,0.043104589320042026
8703,2021-01-30,Franklin,14,1539,392,58583,0.03571428571428571,14.0,0.038148102220697776
8704,2021-01-31,Franklin,32,1571,317,58900,0.10094637223974763,15.0,0.04032312284132877
8705,2021-02-01,Franklin,13,1584,198,59098,0.06565656565656566,14.0,0.03899207840683606
8706,2021-02-02,Franklin,5,1589,310,59408,0.016129032258064516,13.0,0.03334143105111958
8707,2021-02-03,Franklin,13,1602,229,59637,0.056768558951965066,12.0,0.030253470976259942
8708,2021-02-04,Franklin,28,1630,248,59885,0.11290322580645161,11.0,0.0331961709369644
8709,2021-02-05,Franklin,41,1671,859,60744,0.047729918509895226,10.0,0.03113199708121253
8710,2021-02-06,Franklin,18,1689,353,61097,0.05099150141643059,10.0,0.03222322677422288
8711,2021-02-07,Franklin,17,1706,282,61379,0.06028368794326241,9.0,0.029318749324473932
8712,2021-02-08,Franklin,14,1720,184,61563,0.07608695652173914,9.0,0.030063777243414896
8713,2021-02-09,Franklin,4,1724,209,61772,0.019138755980861243,9.0,0.03027875750932895
8714,2021-02-10,Franklin,29,1753,559,62331,0.0518783542039356,10.0,0.029929457170183988
8715,2021-02-11,Franklin,23,1776,373,62704,0.06166219839142091,10.0,0.026269383783396077
8716,2021-02-12,Franklin,15,1791,594,63298,0.025252525252525252,8.0,0.024663855693583935
8717,2021-02-13,Franklin,16,1807,336,63634,0.047619047619047616,8.0,0.02442296613662801
8718,2021-02-14,Franklin,22,1829,302,63936,0.0728476821192053,8.0,0.025320394292052507
8719,2021-02-15,Franklin,9,1838,108,64044,0.08333333333333333,8.0,0.025837992635737803
8720,2021-02-16,Franklin,6,1844,169,64213,0.03550295857988166,8.0,0.027006864249953546
8721,2021-02-17,Franklin,13,1857,264,64477,0.04924242424242424,7.0,0.02681858353841702
8722,2021-02-18,Franklin,36,1893,324,64801,0.1111111111111111,8.0,0.030350648732680608
8723,2021-02-19,Franklin,42,1935,545,65346,0.07706422018348624,10.0,0.03405148408489211
8724,2021-02-20,Franklin,19,1954,280,65626,0.06785714285714285,10.0,0.03549706231618462
8725,2021-02-21,Franklin,23,1977,256,65882,0.08984375,10.0,0.036711067164812816
8726,2021-02-22,Franklin,9,1986,118,66000,0.07627118644067797,10.0,0.03620662810105172
8727,2021-02-23,Franklin,10,1996,234,66234,0.042735042735042736,10.0,0.03672320554070608
8728,2021-02-24,Franklin,12,2008,441,66675,0.027210884353741496,10.0,0.03514952412008589
8729,2021-02-25,Franklin,19,2027,317,66992,0.05993690851735016,9.0,0.031494223934817246
8730,2021-02-26,Franklin,29,2056,583,67575,0.04974271012006861,8.0,0.029542687501715986
8731,2021-02-27,Franklin,18,2074,382,67957,0.04712041884816754,8.0,0.028061492929646322
8732,2021-02-28,Franklin,13,2087,349,68306,0.03724928366762178,7.0,0.024304745334476453
8733,2021-03-01,Franklin,11,2098,157,68463,0.07006369426751592,8.0,0.023861353036393446
8734,2021-03-02,Franklin,9,2107,214,68677,0.04205607476635514,7.0,0.02381285532434433
8735,2021-03-03,Franklin,13,2120,347,69024,0.037463976945244955,8.0,0.024545219080880292
8736,2021-03-04,Franklin,22,2142,351,69375,0.06267806267806268,8.0,0.024741015806645474
8737,2021-03-05,Franklin,18,2160,474,69849,0.0379746835443038,7.0,0.023900442479805127
8738,2021-03-06,Franklin,16,2176,250,70099,0.064,7.0,0.025106126847793158
8739,2021-03-07,Franklin,11,2187,281,70380,0.03914590747330961,7.0,0.025241599976770862
8740,2021-03-08,Franklin,4,2191,205,70585,0.01951219512195122,6.0,0.021630778609230527
8741,2021-03-09,Franklin,8,2199,148,70733,0.05405405405405406,6.0,0.02248777712978045
8742,2021-03-10,Franklin,5,2204,386,71119,0.012953367875647668,6.0,0.02073701933909493
8743,2021-03-11,Franklin,4,2208,252,71371,0.015873015873015872,4.0,0.017393801710163016
8744,2021-03-12,Franklin,2,2210,382,71753,0.005235602094240838,3.0,0.015055295892301377
8745,2021-03-13,Franklin,3,2213,350,72103,0.008571428571428572,2.0,0.011096112218831987
8746,2021-03-14,Franklin,5,2218,259,72362,0.019305019305019305,2.0,0.009678905921096966
8747,2021-03-15,Franklin,4,2222,180,72542,0.022222222222222223,2.0,0.009872479285402037
8748,2021-03-16,Franklin,3,2225,181,72723,0.016574585635359115,1.0,0.0071953743983524015
8749,2021-03-17,Franklin,6,2231,401,73124,0.014962593516209476,1.0,0.007338890515535387
8750,2021-03-18,Franklin,3,2234,248,73372,0.012096774193548387,1.0,0.007069158967001996
8751,2021-03-19,Franklin,8,2242,417,73789,0.019184652278177457,2.0,0.00806551969442604
8752,2021-03-20,Franklin,5,2247,287,74076,0.017421602787456445,2.0,0.008697674995570887
8753,2021-03-21,Franklin,7,2254,186,74262,0.03763440860215054,2.0,0.010006917088223117
8754,2021-03-22,Franklin,4,2258,105,74367,0.0380952380952381,2.0,0.011140703936295678
8755,2021-03-23,Franklin,4,2262,214,74581,0.018691588785046728,2.0,0.011291918446987652
8756,2021-03-24,Franklin,8,2270,525,75106,0.015238095238095238,2.0,0.011311597141408062
8757,2021-03-25,Franklin,3,2273,435,75541,0.006896551724137931,2.0,0.010940152679307315
8758,2021-03-26,Franklin,5,2278,331,75872,0.015105740181268883,2.0,0.010648801815242418
8759,2021-03-27,Franklin,6,2284,345,76217,0.017391304347826087,2.0,0.010646637640983109
8760,2021-03-28,Franklin,8,2292,256,76473,0.03125,2.0,0.010190608455115211
8761,2021-03-29,Franklin,6,2298,160,76633,0.0375,2.0,0.010148091448312491
8762,2021-03-30,Franklin,3,2301,178,76811,0.016853932584269662,2.0,0.010016830291114127
8763,2021-03-31,Franklin,9,2310,408,77219,0.022058823529411766,2.0,0.010504025169065309
8764,2021-04-01,Franklin,6,2316,345,77564,0.017391304347826087,3.0,0.011253650356471608
8765,2021-04-02,Franklin,7,2323,349,77913,0.02005730659025788,3.0,0.011607333671399392
8766,2021-04-03,Franklin,3,2326,315,78228,0.009523809523809525,3.0,0.01104536975539821
8767,2021-04-04,Franklin,7,2333,150,78378,0.04666666666666667,2.0,0.012146560231588685
8768,2021-04-05,Franklin,8,2341,106,78484,0.07547169811320754,3.0,0.014858824382532082
8769,2021-04-06,Franklin,4,2345,144,78628,0.027777777777777776,3.0,0.01563909903921123
8770,2021-04-07,Franklin,3,2348,304,78932,0.009868421052631578,2.0,0.014768356005155506
8771,2021-04-08,Franklin,3,2351,487,79419,0.006160164271047228,2.0,0.013966131713957013
8772,2021-04-09,Franklin,5,2356,305,79724,0.01639344262295082,2.0,0.013704427144863652
8773,2021-04-10,Franklin,3,2359,330,80054,0.00909090909090909,2.0,0.013673505685370764
8774,2021-04-11,Franklin,6,2365,138,80192,0.043478260869565216,2.0,0.013445762414149232
8775,2021-04-12,Franklin,5,2370,181,80373,0.027624309392265192,2.0,0.01002809179122478
8776,2021-04-13,Franklin,5,2375,237,80610,0.02109704641350211,2.0,0.009550896693776517
8777,2021-04-14,Franklin,8,2383,468,81078,0.017094017094017096,2.0,0.010067010696732626
8778,2021-04-15,Franklin,6,2389,288,81366,0.020833333333333332,2.0,0.011115094201181633
8779,2021-04-16,Franklin,7,2396,357,81723,0.0196078431372549,2.0,0.011344694237917638
8780,2021-04-17,Franklin,7,2403,441,82164,0.015873015873015872,3.0,0.011829130436639551
8781,2021-04-18,Franklin,4,2407,206,82370,0.019417475728155338,3.0,0.010110502926538848
8782,2021-04-19,Franklin,1,2408,162,82532,0.006172839506172839,2.0,0.00857825507753225
8783,2021-04-20,Franklin,5,2413,279,82811,0.017921146953405017,2.0,0.00835140511609674
8784,2021-04-21,Franklin,4,2417,356,83167,0.011235955056179775,2.0,0.007932972113394077
8785,2021-04-22,Franklin,6,2423,330,83497,0.01818181818181818,2.0,0.007743578174000137
8786,2021-04-23,Franklin,2,2425,406,83903,0.0049261083743842365,2.0,0.0066948828337950895
8787,2021-04-24,Franklin,14,2439,344,84247,0.040697674418604654,2.0,0.008468072729908575
8788,2021-04-25,Franklin,4,2443,206,84453,0.019417475728155338,2.0,0.008468072729908575
8789,2021-04-26,Franklin,3,2446,127,84580,0.023622047244094488,2.0,0.009714444711188692
8790,2021-04-27,Franklin,2,2448,178,84758,0.011235955056179775,2.0,0.00923693100424403
8791,2021-04-28,Franklin,11,2459,472,85230,0.023305084745762712,3.0,0.010099011696357098
8792,2021-04-29,Franklin,12,2471,452,85682,0.02654867256637168,3.0,0.010696644152396632
8793,2021-04-30,Franklin,12,2483,294,85976,0.04081632653061224,4.0,0.013260231163555779
8794,2021-05-01,Franklin,5,2488,288,86264,0.017361111111111112,3.0,0.011593333784449097
8795,2021-05-02,Franklin,5,2493,237,86501,0.02109704641350211,3.0,0.011713303119116725
8796,2021-05-03,Franklin,3,2496,136,86637,0.022058823529411766,3.0,0.011601644282353671
8797,2021-05-04,Franklin,1,2497,180,86817,0.005555555555555556,3.0,0.011195901460880512
8798,2021-05-05,Franklin,2,2499,292,87109,0.00684931506849315,2.0,0.010020489341075542
8799,2021-05-06,Franklin,4,2503,362,87471,0.011049723756906077,2.0,0.008913421568970858
8800,2021-05-07,Franklin,0,2503,341,87812,0.0,1.0,0.0059979696739271265
8801,2021-05-08,Franklin,5,2508,282,88094,0.01773049645390071,1.0,0.00602435434126924
8802,2021-05-09,Franklin,1,2509,202,88296,0.0049504950495049506,1.0,0.004871029243840872
8803,2021-05-10,Franklin,1,2510,112,88408,0.008928571428571428,1.0,0.003933154093780848
8804,2021-05-11,Franklin,1,2511,164,88572,0.006097560975609756,1.0,0.003971868766641863
8805,2021-05-12,Franklin,5,2516,334,88906,0.014970059880239521,1.0,0.004551921967480888
8806,2021-05-13,Franklin,1,2517,290,89196,0.0034482758620689655,1.0,0.004008961403563952
8807,2021-05-14,Franklin,1,2518,266,89462,0.0037593984962406013,1.0,0.004277489867581139
8808,2021-05-15,Franklin,0,2518,189,89651,0.0,0.0,0.0030110258351596585
8809,2021-05-16,Franklin,0,2518,235,89886,0.0,0.0,0.0026574190459093053
8810,2021-05-17,Franklin,0,2518,90,89976,0.0,0.0,0.0020196639438684887
8811,2021-05-18,Franklin,0,2518,266,90242,0.0,0.0,0.0015841238741820776
8812,2021-05-19,Franklin,1,2519,241,90483,0.004149377593360996,0.0,0.0008112179965478973
8813,2021-05-20,Franklin,4,2523,344,90827,0.011627906976744186,0.0,0.0013954773618818416
8814,2021-05-21,Franklin,5,2528,207,91034,0.024154589371980676,0.0,0.00285227671014899
8815,2021-05-22,Franklin,2,2530,193,91227,0.010362694300518135,0.0,0.0035924691601859995
8816,2021-05-23,Franklin,0,2530,158,91385,0.0,0.0,0.0035924691601859995
8817,2021-05-24,Franklin,0,2530,158,91543,0.0,0.0,0.0035924691601859995
8818,2021-05-25,Franklin,3,2533,192,91735,0.015625,1.0,0.004708540588757429
8819,2021-05-26,Franklin,2,2535,185,91920,0.010810810810810811,1.0,0.0051843572471467
8820,2021-05-27,Franklin,1,2536,147,92067,0.006802721088435374,0.0,0.0048397011122675
8821,2021-05-28,Franklin,6,2542,223,92290,0.026905829596412557,1.0,0.005036218271155491
8822,2021-05-29,Franklin,4,2546,337,92627,0.011869436201780416,1.0,0.005143842692674225
8823,2021-05-30,Franklin,3,2549,106,92733,0.02830188679245283,1.0,0.007165406034992285
8824,2021-05-31,Franklin,0,2549,60,92793,0.0,1.0,0.007165406034992285
8825,2021-06-01,Franklin,1,2550,46,92839,0.021739130434782608,1.0,0.007602129637476756
8826,2021-06-02,Franklin,0,2550,74,92913,0.0,1.0,0.0068299288652759835
8827,2021-06-03,Franklin,2,2552,336,93249,0.005952380952380952,1.0,0.0067691902841292406
8828,2021-06-04,Franklin,3,2555,225,93474,0.013333333333333334,0.0,0.005799726265337868
8829,2021-06-05,Franklin,0,2555,99,93573,0.0,0.0,0.004951909393782123
8830,2021-06-06,Franklin,2,2557,238,93811,0.008403361344537815,0.0,0.003530586147502479
8831,2021-06-07,Franklin,1,2558,98,93909,0.01020408163265306,0.0,0.004259449121263412
8832,2021-06-08,Franklin,0,2558,58,93967,0.0,0.0,0.0027066540902075113
8833,2021-06-09,Franklin,3,2561,525,94492,0.005714285714285714,0.0,0.0031148173555136343
8834,2021-06-10,Franklin,0,2561,218,94710,0.0,0.0,0.0026896472874864234
8835,2021-06-11,Franklin,0,2561,178,94888,0.0,0.0,0.0017372663351054708
8836,2021-06-12,Franklin,0,2561,143,95031,0.0,0.0,0.0017372663351054708
8837,2021-06-13,Franklin,2,2563,81,95112,0.024691358024691357,0.0,0.002900694669402152
8838,2021-06-14,Franklin,0,2563,78,95190,0.0,0.0,0.0021718316956412195
8839,2021-06-15,Franklin,0,2563,95,95285,0.0,0.0,0.0021718316956412195
8840,2021-06-16,Franklin,0,2563,115,95400,0.0,0.0,0.001763668430335097
8841,2021-06-17,Franklin,0,2563,135,95535,0.0,0.0,0.001763668430335097
8842,2021-06-18,Franklin,0,2563,113,95648,0.0,0.0,0.001763668430335097
8843,2021-06-19,Franklin,0,2563,40,95688,0.0,0.0,0.001763668430335097
8844,2021-06-20,Franklin,0,2563,102,95790,0.0,0.0,0.0
8845,2021-06-21,Franklin,0,2563,39,95829,0.0,0.0,0.0
8846,2021-06-22,Franklin,0,2563,44,95873,0.0,0.0,0.0
8847,2021-06-23,Franklin,0,2563,177,96050,0.0,0.0,0.0
8848,2021-06-24,Franklin,0,2563,107,96157,0.0,0.0,0.0
8849,2021-06-25,Franklin,0,2563,101,96258,0.0,0.0,0.0
8850,2021-06-26,Franklin,0,2563,110,96368,0.0,0.0,0.0
8851,2021-06-27,Franklin,1,2564,72,96440,0.013888888888888888,0.0,0.000992063492063492
8852,2021-06-28,Franklin,0,2564,39,96479,0.0,0.0,0.000992063492063492
8853,2021-06-29,Franklin,0,2564,116,96595,0.0,0.0,0.000992063492063492
8854,2021-06-30,Franklin,0,2564,80,96675,0.0,0.0,0.000992063492063492
8855,2021-07-01,Franklin,0,2564,80,96755,0.0,0.0,0.000992063492063492
8856,2021-07-02,Franklin,0,2564,111,96866,0.0,0.0,0.000992063492063492
8857,2021-07-03,Franklin,0,2564,87,96953,0.0,0.0,0.000992063492063492
8858,2021-07-04,Franklin,0,2564,95,97048,0.0,0.0,0.0
8859,2021-07-05,Franklin,0,2564,41,97089,0.0,0.0,0.0
8860,2021-07-06,Franklin,0,2564,32,97121,0.0,0.0,0.0
8861,2021-07-07,Franklin,1,2565,96,97217,0.010416666666666666,0.0,0.000744047619047619
8862,2021-07-08,Franklin,0,2565,130,97347,0.0,0.0,0.000744047619047619
8863,2021-07-09,Franklin,1,2566,81,97428,0.012345679012345678,0.0,0.0016258818342151672
8864,2021-07-10,Franklin,0,2566,95,97523,0.0,0.0,0.0016258818342151672
8865,2021-07-11,Franklin,0,2566,88,97611,0.0,0.0,0.0016258818342151672
8866,2021-07-12,Franklin,0,2566,52,97663,0.0,0.0,0.0016258818342151672
8867,2021-07-13,Franklin,0,2566,75,97738,0.0,0.0,0.0016258818342151672
8868,2021-07-14,Franklin,1,2567,141,97879,0.0070921985815602835,0.0,0.00138841982813614
8869,2021-07-15,Franklin,0,2567,89,97968,0.0,0.0,0.00138841982813614
8870,2021-07-16,Franklin,0,2567,88,98056,0.0,0.0,0.0005065856129685917
8871,2021-07-17,Franklin,0,2567,110,98166,0.0,0.0,0.0005065856129685917
8872,2021-07-18,Franklin,0,2567,50,98216,0.0,0.0,0.0005065856129685917
8873,2021-07-19,Franklin,1,2568,42,98258,0.023809523809523808,0.0,0.0022072658850774353
8874,2021-07-20,Franklin,2,2570,77,98335,0.025974025974025976,0.0,0.004062553454650719
8875,2021-07-21,Franklin,0,2570,109,98444,0.0,0.0,0.0035559678416821274
8876,2021-07-22,Franklin,0,2570,104,98548,0.0,0.0,0.0035559678416821274
8877,2021-07-23,Franklin,0,2570,79,98627,0.0,0.0,0.0035559678416821274
8878,2021-07-24,Franklin,0,2570,78,98705,0.0,0.0,0.0035559678416821274
8879,2021-07-25,Franklin,1,2571,70,98775,0.014285714285714285,0.0,0.004576376004947433
8880,2021-07-26,Franklin,1,2572,98,98873,0.01020408163265306,0.0,0.0036045587065995227
8881,2021-07-27,Franklin,1,2573,74,98947,0.013513513513513514,0.0,0.002714522102277204
8882,2021-07-28,Franklin,2,2575,99,99046,0.020202020202020204,0.0,0.0041575235452786475
8883,2021-07-29,Franklin,0,2575,111,99157,0.0,0.0,0.0041575235452786475
8884,2021-07-30,Franklin,2,2577,91,99248,0.02197802197802198,0.0,0.005727382257994504
8885,2021-07-31,Franklin,0,2577,121,99369,0.0,0.0,0.005727382257994504
8886,2021-08-01,Franklin,2,2579,95,99464,0.021052631578947368,0.0,0.0062107334932254375
8887,2021-08-02,Franklin,0,2579,34,99498,0.0,0.0,0.005481870519464505
8888,2021-08-03,Franklin,1,2580,93,99591,0.010752688172043012,0.0,0.005284668709359469
8889,2021-08-04,Franklin,5,2585,178,99769,0.028089887640449437,0.0,0.005848087812104414
8890,2021-08-05,Franklin,2,2587,130,99899,0.015384615384615385,0.0,0.0069469889110055135
8891,2020-03-01,Fulton,0,0,0,0,,,
8892,2020-03-02,Fulton,0,0,0,0,,,
8893,2020-03-03,Fulton,0,0,0,0,,,
8894,2020-03-04,Fulton,0,0,0,0,,,
8895,2020-03-05,Fulton,0,0,0,0,,,
8896,2020-03-06,Fulton,0,0,0,0,,,
8897,2020-03-07,Fulton,0,0,0,0,,0.0,
8898,2020-03-08,Fulton,0,0,0,0,,0.0,
8899,2020-03-09,Fulton,0,0,1,1,0.0,0.0,
8900,2020-03-10,Fulton,0,0,1,2,0.0,0.0,
8901,2020-03-11,Fulton,0,0,2,4,0.0,0.0,
8902,2020-03-12,Fulton,0,0,1,5,0.0,0.0,
8903,2020-03-13,Fulton,0,0,1,6,0.0,0.0,
8904,2020-03-14,Fulton,0,0,4,10,0.0,0.0,
8905,2020-03-15,Fulton,0,0,1,11,0.0,0.0,0.0
8906,2020-03-16,Fulton,0,0,1,12,0.0,0.0,0.0
8907,2020-03-17,Fulton,0,0,0,12,,0.0,
8908,2020-03-18,Fulton,1,1,12,24,0.08333333333333333,0.0,
8909,2020-03-19,Fulton,0,1,6,30,0.0,0.0,
8910,2020-03-20,Fulton,0,1,13,43,0.0,0.0,
8911,2020-03-21,Fulton,0,1,11,54,0.0,0.0,
8912,2020-03-22,Fulton,0,1,11,65,0.0,0.0,
8913,2020-03-23,Fulton,0,1,11,76,0.0,0.0,
8914,2020-03-24,Fulton,0,1,4,80,0.0,0.0,0.005952380952380952
8915,2020-03-25,Fulton,0,1,2,82,0.0,0.0,0.0
8916,2020-03-26,Fulton,0,1,5,87,0.0,0.0,0.0
8917,2020-03-27,Fulton,0,1,10,97,0.0,0.0,0.0
8918,2020-03-28,Fulton,0,1,10,107,0.0,0.0,0.0
8919,2020-03-29,Fulton,0,1,12,119,0.0,0.0,0.0
8920,2020-03-30,Fulton,0,1,5,124,0.0,0.0,0.0
8921,2020-03-31,Fulton,1,2,5,129,0.2,0.0,0.014285714285714287
8922,2020-04-01,Fulton,4,6,10,139,0.4,0.0,0.042857142857142864
8923,2020-04-02,Fulton,0,6,10,149,0.0,0.0,0.042857142857142864
8924,2020-04-03,Fulton,3,9,24,173,0.125,0.0,0.05178571428571429
8925,2020-04-04,Fulton,0,9,12,185,0.0,0.0,0.05178571428571429
8926,2020-04-05,Fulton,2,11,20,205,0.1,0.0,0.05892857142857143
8927,2020-04-06,Fulton,2,13,18,223,0.1111111111111111,0.0,0.06686507936507936
8928,2020-04-07,Fulton,1,14,6,229,0.16666666666666666,0.0,0.06448412698412699
8929,2020-04-08,Fulton,1,15,21,250,0.047619047619047616,0.0,0.039314058956916094
8930,2020-04-09,Fulton,3,18,24,274,0.125,0.0,0.04824263038548753
8931,2020-04-10,Fulton,3,21,17,291,0.17647058823529413,0.0,0.05191910097372282
8932,2020-04-11,Fulton,0,21,11,302,0.0,0.0,0.05191910097372282
8933,2020-04-12,Fulton,0,21,7,309,0.0,0.0,0.04477624383086568
8934,2020-04-13,Fulton,1,22,75,384,0.013333333333333334,0.0,0.0377921168467387
8935,2020-04-14,Fulton,2,24,9,393,0.2222222222222222,0.0,0.04176037081499267
8936,2020-04-15,Fulton,1,25,13,406,0.07692307692307693,0.0,0.04385351576528047
8937,2020-04-16,Fulton,2,27,16,422,0.125,0.0,0.04385351576528047
8938,2020-04-17,Fulton,0,27,7,429,0.0,0.0,0.031248473748473747
8939,2020-04-18,Fulton,0,27,17,446,0.0,0.0,0.031248473748473747
8940,2020-04-19,Fulton,0,27,3,449,0.0,0.0,0.031248473748473747
8941,2020-04-20,Fulton,0,27,4,453,0.0,0.0,0.030296092796092796
8942,2020-04-21,Fulton,1,28,7,460,0.14285714285714285,0.0,0.024627158555729983
8943,2020-04-22,Fulton,0,28,5,465,0.0,0.0,0.01913265306122449
8944,2020-04-23,Fulton,1,29,16,481,0.0625,0.0,0.014668367346938774
8945,2020-04-24,Fulton,32,61,202,683,0.15841584158415842,2.0,0.02598378460295009
8946,2020-04-25,Fulton,1,62,29,712,0.034482758620689655,2.0,0.028446838790142207
8947,2020-04-26,Fulton,0,62,9,721,0.0,2.0,0.028446838790142207
8948,2020-04-27,Fulton,4,66,16,737,0.25,2.0,0.04630398164728506
8949,2020-04-28,Fulton,1,67,27,764,0.037037037037037035,2.0,0.038745402660134654
8950,2020-04-29,Fulton,4,71,27,791,0.14814814814814814,3.0,0.049327413242145235
8951,2020-04-30,Fulton,4,75,37,828,0.10810810810810811,3.0,0.052585135249867236
8952,2020-05-01,Fulton,4,79,34,862,0.11764705882352941,1.0,0.04967307933839373
8953,2020-05-02,Fulton,3,82,36,898,0.08333333333333333,1.0,0.053162406103582575
8954,2020-05-03,Fulton,2,84,25,923,0.08,1.0,0.05887669181786829
8955,2020-05-04,Fulton,13,97,63,986,0.20634920634920634,2.0,0.05575877798566874
8956,2020-05-05,Fulton,3,100,50,1036,0.06,2.0,0.05739898962588038
8957,2020-05-06,Fulton,1,101,30,1066,0.03333333333333333,2.0,0.049197931424822185
8958,2020-05-07,Fulton,2,103,27,1093,0.07407407407407407,2.0,0.04676692899381975
8959,2020-05-08,Fulton,1,104,30,1123,0.03333333333333333,1.0,0.040744520030234314
8960,2020-05-09,Fulton,3,107,31,1154,0.0967741935483871,1.0,0.041704581474166724
8961,2020-05-10,Fulton,2,109,59,1213,0.03389830508474576,1.0,0.03841160326593428
8962,2020-05-11,Fulton,26,135,100,1313,0.26,2.0,0.04224380281241954
8963,2020-05-12,Fulton,5,140,61,1374,0.08196721311475409,2.0,0.043812889463473406
8964,2020-05-13,Fulton,4,144,81,1455,0.04938271604938271,3.0,0.04495927394319122
8965,2020-05-14,Fulton,1,145,67,1522,0.014925373134328358,3.0,0.04073436673320939
8966,2020-05-15,Fulton,3,148,100,1622,0.03,3.0,0.040496271495114144
8967,2020-05-16,Fulton,23,171,110,1732,0.20909090909090908,4.0,0.048518894033865716
8968,2020-05-17,Fulton,11,182,132,1864,0.08333333333333333,5.0,0.0520499674801934
8969,2020-05-18,Fulton,0,182,30,1894,0.0,3.0,0.03347853890876482
8970,2020-05-19,Fulton,2,184,89,1983,0.02247191011235955,3.0,0.02922887440859379
8971,2020-05-20,Fulton,2,186,100,2083,0.02,3.0,0.027130108976495027
8972,2020-05-21,Fulton,3,189,88,2171,0.03409090909090909,3.0,0.028499075830536506
8973,2020-05-22,Fulton,4,193,142,2313,0.028169014084507043,3.0,0.028368291122287004
8974,2020-05-23,Fulton,1,194,84,2397,0.011904761904761904,1.0,0.014283566323276495
8975,2020-05-24,Fulton,2,196,86,2483,0.023255813953488372,1.0,0.009992314939001854
8976,2020-05-25,Fulton,0,196,44,2527,0.0,1.0,0.009992314939001854
8977,2020-05-26,Fulton,2,198,112,2639,0.017857142857142856,1.0,0.009662688706486375
8978,2020-05-27,Fulton,2,200,223,2862,0.008968609865470852,1.0,0.008874732268305723
8979,2020-05-28,Fulton,6,206,202,3064,0.0297029702970297,1.0,0.008561308068742909
8980,2020-05-29,Fulton,1,207,146,3210,0.00684931506849315,1.0,0.007038472424741917
8981,2020-05-30,Fulton,1,208,159,3369,0.006289308176100629,1.0,0.006637368586980397
8982,2020-05-31,Fulton,2,210,169,3538,0.011834319526627219,1.0,0.005821547556490315
8983,2020-06-01,Fulton,2,212,83,3621,0.024096385542168676,1.0,0.0075427179523595055
8984,2020-06-02,Fulton,1,213,197,3818,0.005076142131979695,1.0,0.0066297893291335655
8985,2020-06-03,Fulton,2,215,187,4005,0.0106951871657754,1.0,0.0067531162791553195
8986,2020-06-04,Fulton,4,219,248,4253,0.016129032258064516,0.0,0.005783549276372092
8987,2020-06-05,Fulton,3,222,233,4486,0.012875536480686695,1.0,0.0062139936629573445
8988,2020-06-06,Fulton,2,224,205,4691,0.00975609756097561,1.0,0.006461621476162701
8989,2020-06-07,Fulton,3,227,254,4945,0.011811023622047244,1.0,0.006459957482978417
8990,2020-06-08,Fulton,1,228,249,5194,0.004016064257028112,1.0,0.005025648819754092
8991,2020-06-09,Fulton,0,228,132,5326,0.0,1.0,0.004663067238898399
8992,2020-06-10,Fulton,2,230,155,5481,0.012903225806451613,1.0,0.004820784284660985
8993,2020-06-11,Fulton,1,231,352,5833,0.002840909090909091,0.0,0.0038716326298641685
8994,2020-06-12,Fulton,1,232,164,5997,0.006097560975609756,0.0,0.0033874915223586735
8995,2020-06-13,Fulton,2,234,168,6165,0.011904761904761904,0.0,0.0035409675469148375
8996,2020-06-14,Fulton,1,235,101,6266,0.009900990099009901,0.0,0.0034045365809835986
8997,2020-06-15,Fulton,1,236,158,6424,0.006329113924050633,0.0,0.0035697544143423496
8998,2020-06-16,Fulton,0,236,85,6509,0.0,0.0,0.0035697544143423496
8999,2020-06-17,Fulton,0,236,146,6655,0.0,0.0,0.0026480954281672344
9000,2020-06-18,Fulton,1,237,173,6828,0.005780346820809248,0.0,0.0028580552660172455
9001,2020-06-19,Fulton,6,243,290,7118,0.020689655172413793,0.0,0.003900347708646106
9002,2020-06-20,Fulton,0,243,209,7327,0.0,0.0,0.003050007572591684
9003,2020-06-21,Fulton,1,244,171,7498,0.005847953216374269,0.0,0.00276050493811771
9004,2020-06-22,Fulton,0,244,86,7584,0.0,0.0,0.0023084253721140932
9005,2020-06-23,Fulton,0,244,110,7694,0.0,0.0,0.0023084253721140932
9006,2020-06-24,Fulton,0,244,98,7792,0.0,0.0,0.0023084253721140932
9007,2020-06-25,Fulton,4,248,161,7953,0.024844720496894408,0.0,0.003670166348977319
9008,2020-06-26,Fulton,1,249,171,8124,0.005847953216374269,0.0,0.002610044780688782
9009,2020-06-27,Fulton,6,255,283,8407,0.02120141342756184,0.0,0.0041244314540860565
9010,2020-06-28,Fulton,1,256,171,8578,0.005847953216374269,0.0,0.004124431454086056
9011,2020-06-29,Fulton,0,256,126,8704,0.0,0.0,0.004124431454086056
9012,2020-06-30,Fulton,1,257,86,8790,0.011627906976744186,0.0,0.004954996238139212
9013,2020-07-01,Fulton,3,260,202,8992,0.01485148514851485,1.0,0.006015816605890274
9014,2020-07-02,Fulton,1,261,154,9146,0.006493506493506494,0.0,0.00470501560564828
9015,2020-07-03,Fulton,0,261,239,9385,0.0,0.0,0.004287304661621546
9016,2020-07-04,Fulton,0,261,237,9622,0.0,0.0,0.0027729179882242717
9017,2020-07-05,Fulton,1,262,131,9753,0.007633587786259542,0.0,0.0029004633146446483
9018,2020-07-06,Fulton,0,262,92,9845,0.0,0.0,0.0029004633146446483
9019,2020-07-07,Fulton,0,262,102,9947,0.0,0.0,0.002069898530591492
9020,2020-07-08,Fulton,1,263,110,10057,0.00909090909090909,0.0,0.0016584288121910802
9021,2020-07-09,Fulton,1,264,191,10248,0.005235602094240838,0.0,0.0015685784979578195
9022,2020-07-10,Fulton,1,265,197,10445,0.005076142131979695,0.0,0.0019311600788135118
9023,2020-07-11,Fulton,0,265,175,10620,0.0,0.0,0.0019311600788135118
9024,2020-07-12,Fulton,0,265,78,10698,0.0,0.0,0.0013859038083664018
9025,2020-07-13,Fulton,1,266,145,10843,0.006896551724137931,0.0,0.0018785146458048254
9026,2020-07-14,Fulton,0,266,77,10920,0.0,0.0,0.0018785146458048254
9027,2020-07-15,Fulton,0,266,80,11000,0.0,0.0,0.001229163996454176
9028,2020-07-16,Fulton,0,266,265,11265,0.0,0.0,0.0008551924182941161
9029,2020-07-17,Fulton,0,266,253,11518,0.0,0.0,0.0004926108374384236
9030,2020-07-18,Fulton,1,267,101,11619,0.009900990099009901,0.0,0.001199824415939131
9031,2020-07-19,Fulton,0,267,90,11709,0.0,0.0,0.001199824415939131
9032,2020-07-20,Fulton,0,267,91,11800,0.0,0.0,0.0007072135785007072
9033,2020-07-21,Fulton,0,267,127,11927,0.0,0.0,0.0007072135785007072
9034,2020-07-22,Fulton,1,268,96,12023,0.010416666666666666,0.0,0.0014512611975483261
9035,2020-07-23,Fulton,0,268,292,12315,0.0,0.0,0.0014512611975483261
9036,2020-07-24,Fulton,2,270,153,12468,0.013071895424836602,0.0,0.0023849680136080837
9037,2020-07-25,Fulton,0,270,171,12639,0.0,0.0,0.0016777544351073762
9038,2020-07-26,Fulton,0,270,79,12718,0.0,0.0,0.0016777544351073762
9039,2020-07-27,Fulton,0,270,67,12785,0.0,0.0,0.0016777544351073762
9040,2020-07-28,Fulton,0,270,74,12859,0.0,0.0,0.0016777544351073762
9041,2020-07-29,Fulton,5,275,151,13010,0.033112582781456956,0.0,0.00329889130044954
9042,2020-07-30,Fulton,0,275,227,13237,0.0,0.0,0.00329889130044954
9043,2020-07-31,Fulton,7,282,190,13427,0.03684210526315789,0.0,0.004996763431758204
9044,2020-08-01,Fulton,1,283,185,13612,0.005405405405405406,0.0,0.00538286381785859
9045,2020-08-02,Fulton,2,285,133,13745,0.015037593984962405,1.0,0.006456977673927333
9046,2020-08-03,Fulton,0,285,93,13838,0.0,1.0,0.006456977673927333
9047,2020-08-04,Fulton,2,287,117,13955,0.017094017094017096,1.0,0.007677978894928554
9048,2020-08-05,Fulton,4,291,128,14083,0.03125,1.0,0.007544937267681628
9049,2020-08-06,Fulton,2,293,217,14300,0.009216589861751152,1.0,0.008203265114949568
9050,2020-08-07,Fulton,2,295,213,14513,0.009389671361502348,0.0,0.00624237697911703
9051,2020-08-08,Fulton,1,296,281,14794,0.0035587188612099642,0.0,0.006110470797388782
9052,2020-08-09,Fulton,1,297,94,14888,0.010638297872340425,0.0,0.005796235360772928
9053,2020-08-10,Fulton,0,297,101,14989,0.0,0.0,0.005796235360772928
9054,2020-08-11,Fulton,2,299,129,15118,0.015503875968992248,0.0,0.005682653851842581
9055,2020-08-12,Fulton,1,300,142,15260,0.007042253521126761,0.0,0.003953529103351636
9056,2020-08-13,Fulton,3,303,170,15430,0.01764705882352941,0.0,0.004555705457764368
9057,2020-08-14,Fulton,0,303,305,15735,0.0,0.0,0.0038850146462284865
9058,2020-08-15,Fulton,0,303,266,16001,0.0,0.0,0.003630820441856346
9059,2020-08-16,Fulton,0,303,76,16077,0.0,0.0,0.0028709420224034585
9060,2020-08-17,Fulton,2,305,112,16189,0.017857142857142856,0.0,0.004146452226485091
9061,2020-08-18,Fulton,0,305,195,16384,0.0,0.0,0.003039032514414216
9062,2020-08-19,Fulton,0,305,173,16557,0.0,0.0,0.002536014405762305
9063,2020-08-20,Fulton,1,306,198,16755,0.005050505050505051,0.0,0.0016362605648319935
9064,2020-08-21,Fulton,2,308,205,16960,0.00975609756097561,0.0,0.002333124676330251
9065,2020-08-22,Fulton,1,309,223,17183,0.004484304932735426,0.0,0.002653432171525639
9066,2020-08-23,Fulton,0,309,149,17332,0.0,0.0,0.002653432171525639
9067,2020-08-24,Fulton,0,309,101,17433,0.0,0.0,0.0013779219674440062
9068,2020-08-25,Fulton,0,309,102,17535,0.0,0.0,0.0013779219674440062
9069,2020-08-26,Fulton,1,310,129,17664,0.007751937984496124,0.0,0.0019316318234794438
9070,2020-08-27,Fulton,0,310,197,17861,0.0,0.0,0.0015708814627290828
9071,2020-08-28,Fulton,1,311,308,18169,0.003246753246753247,0.0,0.0011059282974274856
9072,2020-08-29,Fulton,0,311,136,18305,0.0,0.0,0.000785620802232098
9073,2020-08-30,Fulton,0,311,228,18533,0.0,0.0,0.000785620802232098
9074,2020-08-31,Fulton,0,311,286,18819,0.0,0.0,0.000785620802232098
9075,2020-09-01,Fulton,0,311,96,18915,0.0,0.0,0.000785620802232098
9076,2020-09-02,Fulton,1,312,151,19066,0.006622516556291391,0.0,0.000704947843074617
9077,2020-09-03,Fulton,0,312,136,19202,0.0,0.0,0.000704947843074617
9078,2020-09-04,Fulton,0,312,243,19445,0.0,0.0,0.0004730368968779565
9079,2020-09-05,Fulton,0,312,187,19632,0.0,0.0,0.0004730368968779565
9080,2020-09-06,Fulton,0,312,137,19769,0.0,0.0,0.0004730368968779565
9081,2020-09-07,Fulton,0,312,76,19845,0.0,0.0,0.0004730368968779565
9082,2020-09-08,Fulton,0,312,102,19947,0.0,0.0,0.0004730368968779565
9083,2020-09-09,Fulton,0,312,75,20022,0.0,0.0,0.0
9084,2020-09-10,Fulton,3,315,193,20215,0.015544041450777202,0.0,0.0011102886750555144
9085,2020-09-11,Fulton,1,316,159,20374,0.006289308176100629,0.0,0.0015595249733484165
9086,2020-09-12,Fulton,2,318,256,20630,0.0078125,0.0,0.0021175606876341307
9087,2020-09-13,Fulton,2,320,123,20753,0.016260162601626018,0.0,0.003279000873464561
9088,2020-09-14,Fulton,4,324,221,20974,0.01809954751131222,0.0,0.004571825695701147
9089,2020-09-15,Fulton,1,325,118,21092,0.00847457627118644,0.0,0.005177152572214465
9090,2020-09-16,Fulton,6,331,138,21230,0.043478260869565216,1.0,0.008282742634326266
9091,2020-09-17,Fulton,0,331,90,21320,0.0,1.0,0.007172453959270751
9092,2020-09-18,Fulton,1,332,261,21581,0.0038314176245210726,1.0,0.006996890348443641
9093,2020-09-19,Fulton,0,332,201,21782,0.0,1.0,0.006438854634157927
9094,2020-09-20,Fulton,0,332,172,21954,0.0,0.0,0.005277414448327496
9095,2020-09-21,Fulton,0,332,255,22209,0.0,0.0,0.003984589626090909
9096,2020-09-22,Fulton,0,332,75,22284,0.0,0.0,0.003379262749577592
9097,2020-09-23,Fulton,1,333,112,22396,0.008928571428571428,0.0,0.0009114277895066071
9098,2020-09-24,Fulton,0,333,121,22517,0.0,0.0,0.0009114277895066071
9099,2020-09-25,Fulton,1,334,148,22665,0.006756756756756757,0.0,0.001120380584666299
9100,2020-09-26,Fulton,1,335,117,22782,0.008547008547008548,0.0,0.0017308811951669094
9101,2020-09-27,Fulton,2,337,118,22900,0.01694915254237288,0.0,0.002941534948193544
9102,2020-09-28,Fulton,2,339,208,23108,0.009615384615384616,0.0,0.0036283481350067306
9103,2020-09-29,Fulton,0,339,87,23195,0.0,0.0,0.0036283481350067306
9104,2020-09-30,Fulton,0,339,126,23321,0.0,0.0,0.0029905930329659144
9105,2020-10-01,Fulton,5,344,256,23577,0.01953125,0.0,0.0043856823186802
9106,2020-10-02,Fulton,1,345,361,23938,0.002770083102493075,0.0,0.004100919914804223
9107,2020-10-03,Fulton,2,347,270,24208,0.007407407407407408,0.0,0.004019519833404142
9108,2020-10-04,Fulton,1,348,120,24328,0.008333333333333333,0.0,0.0034041041756156026
9109,2020-10-05,Fulton,2,350,272,24600,0.007352941176470588,0.0,0.0032425010728360285
9110,2020-10-06,Fulton,0,350,109,24709,0.0,0.0,0.0032425010728360285
9111,2020-10-07,Fulton,1,351,228,24937,0.0043859649122807015,0.0,0.0035557842808560786
9112,2020-10-08,Fulton,1,352,207,25144,0.004830917874396135,0.0,0.0025057605575986605
9113,2020-10-09,Fulton,0,352,205,25349,0.0,0.0,0.002307897478849155
9114,2020-10-10,Fulton,0,352,203,25552,0.0,0.0,0.0017787969497486257
9115,2020-10-11,Fulton,0,352,173,25725,0.0,0.0,0.0011835588545105306
9116,2020-10-12,Fulton,2,354,146,25871,0.0136986301369863,0.0,0.001636822351690224
9117,2020-10-13,Fulton,0,354,89,25960,0.0,0.0,0.001636822351690224
9118,2020-10-14,Fulton,3,357,309,26269,0.009708737864077669,0.0,0.0020170204196757217
9119,2020-10-15,Fulton,0,357,278,26547,0.0,0.0,0.001671954857218855
9120,2020-10-16,Fulton,1,358,254,26801,0.003937007874015748,0.0,0.001953169705362837
9121,2020-10-17,Fulton,1,359,216,27017,0.004629629629629629,0.0,0.002283857536050667
9122,2020-10-18,Fulton,0,359,179,27196,0.0,0.0,0.002283857536050667
9123,2020-10-19,Fulton,1,360,200,27396,0.005,0.0,0.0016625268119802178
9124,2020-10-20,Fulton,0,360,152,27548,0.0,0.0,0.0016625268119802178
9125,2020-10-21,Fulton,0,360,208,27756,0.0,0.0,0.0009690455359746699
9126,2020-10-22,Fulton,1,361,342,28098,0.0029239766081871343,0.0,0.0011779010079880365
9127,2020-10-23,Fulton,0,361,276,28374,0.0,0.0,0.0008966861598440546
9128,2020-10-24,Fulton,0,361,127,28501,0.0,0.0,0.0005659983291562239
9129,2020-10-25,Fulton,0,361,114,28615,0.0,0.0,0.0005659983291562239
9130,2020-10-26,Fulton,1,362,138,28753,0.007246376811594203,0.0,0.000726453815698667
9131,2020-10-27,Fulton,0,362,267,29020,0.0,0.0,0.000726453815698667
9132,2020-10-28,Fulton,1,363,570,29590,0.0017543859649122807,0.0,0.000851767098906687
9133,2020-10-29,Fulton,2,365,208,29798,0.009615384615384616,0.0,0.0013297248137065071
9134,2020-10-30,Fulton,0,365,490,30288,0.0,0.0,0.0013297248137065071
9135,2020-10-31,Fulton,2,367,205,30493,0.00975609756097561,0.0,0.002026588925204765
9136,2020-11-01,Fulton,0,367,121,30614,0.0,0.0,0.002026588925204765
9137,2020-11-02,Fulton,1,368,280,30894,0.0035714285714285713,0.0,0.001764092622335791
9138,2020-11-03,Fulton,1,369,97,30991,0.010309278350515464,0.0,0.00250046964737261
9139,2020-11-04,Fulton,1,370,228,31219,0.0043859649122807015,0.0,0.0026884395721846403
9140,2020-11-05,Fulton,2,372,340,31559,0.0058823529411764705,0.0,0.0024217944525983443
9141,2020-11-06,Fulton,0,372,318,31877,0.0,0.0,0.0024217944525983443
9142,2020-11-07,Fulton,1,373,208,32085,0.004807692307692308,0.0,0.00206833693450668
9143,2020-11-08,Fulton,2,375,185,32270,0.010810810810810811,0.0,0.0028405377067074523
9144,2020-11-09,Fulton,2,377,157,32427,0.012738853503184714,0.0,0.003495353773261462
9145,2020-11-10,Fulton,1,378,98,32525,0.01020408163265306,0.0,0.0034878397219855763
9146,2020-11-11,Fulton,3,381,220,32745,0.013636363636363636,0.0,0.0041485824879915
9147,2020-11-12,Fulton,1,382,648,33393,0.0015432098765432098,0.0,0.003838643697660553
9148,2020-11-13,Fulton,7,389,309,33702,0.022653721682847898,1.0,0.005456766675006831
9149,2020-11-14,Fulton,4,393,182,33884,0.02197802197802198,1.0,0.006683218794316092
9150,2020-11-15,Fulton,8,401,151,34035,0.052980132450331126,1.0,0.009695313197138974
9151,2020-11-16,Fulton,2,403,261,34296,0.007662835249042145,1.0,0.00933274046470022
9152,2020-11-17,Fulton,5,408,323,34619,0.015479876160990712,2.0,0.009709582931010052
9153,2020-11-18,Fulton,7,415,448,35067,0.015625,2.0,0.009851628385555505
9154,2020-11-19,Fulton,1,416,336,35403,0.002976190476190476,2.0,0.009953984142673167
9155,2020-11-20,Fulton,13,429,550,35953,0.023636363636363636,2.0,0.010024172853638576
9156,2020-11-21,Fulton,3,432,228,36181,0.013157894736842105,2.0,0.009394163764982871
9157,2020-11-22,Fulton,22,454,581,36762,0.0378657487091222,3.0,0.008314564926325091
9158,2020-11-23,Fulton,7,461,236,36998,0.029661016949152543,4.0,0.009885863619190121
9159,2020-11-24,Fulton,11,472,288,37286,0.03819444444444445,4.0,0.011508332782293958
9160,2020-11-25,Fulton,6,478,350,37636,0.017142857142857144,4.0,0.011616751149640895
9161,2020-11-26,Fulton,6,484,219,37855,0.0273972602739726,4.0,0.013361113278053905
9162,2020-11-27,Fulton,6,490,125,37980,0.048,4.0,0.015101373018313645
9163,2020-11-28,Fulton,5,495,286,38266,0.017482517482517484,4.0,0.015410274643004747
9164,2020-11-29,Fulton,13,508,503,38769,0.02584493041749503,3.0,0.014551644765031376
9165,2020-11-30,Fulton,10,518,310,39079,0.03225806451612903,4.0,0.014737148162672553
9166,2020-12-01,Fulton,9,527,322,39401,0.027950310559006212,3.0,0.01400542431371268
9167,2020-12-02,Fulton,17,544,403,39804,0.04218362282878412,4.0,0.015794050434136033
9168,2020-12-03,Fulton,9,553,386,40190,0.023316062176165803,4.0,0.015502536284292693
9169,2020-12-04,Fulton,42,595,478,40668,0.08786610878661087,7.0,0.018350115483336323
9170,2020-12-05,Fulton,18,613,357,41025,0.05042016806722689,8.0,0.02070280481081557
9171,2020-12-06,Fulton,21,634,255,41280,0.08235294117647059,9.0,0.02473909129359953
9172,2020-12-07,Fulton,42,676,519,41799,0.08092485549132948,11.0,0.028215290648970996
9173,2020-12-08,Fulton,44,720,383,42182,0.11488250652741515,13.0,0.034424733218143065
9174,2020-12-09,Fulton,22,742,339,42521,0.06489675516224189,14.0,0.03604709981339005
9175,2020-12-10,Fulton,31,773,326,42847,0.0950920245398773,15.0,0.04117395426794086
9176,2020-12-11,Fulton,28,801,513,43360,0.05458089668615984,14.0,0.03879643911790865
9177,2020-12-12,Fulton,24,825,422,43782,0.05687203791469194,15.0,0.03925728696415616
9178,2020-12-13,Fulton,26,851,319,44101,0.08150470219435736,15.0,0.039196698465433784
9179,2020-12-14,Fulton,32,883,327,44428,0.09785932721712538,14.0,0.040406303588704916
9180,2020-12-15,Fulton,38,921,299,44727,0.12709030100334448,14.0,0.04127828890841416
9181,2020-12-16,Fulton,27,948,400,45127,0.0675,14.0,0.04146423496825402
9182,2020-12-17,Fulton,33,981,410,45537,0.08048780487804878,14.0,0.04042107642098055
9183,2020-12-18,Fulton,16,997,180,45717,0.08888888888888889,14.0,0.042871647292604065
9184,2020-12-19,Fulton,35,1032,331,46048,0.10574018126888217,14.0,0.04636222896076051
9185,2020-12-20,Fulton,24,1056,195,46243,0.12307692307692308,14.0,0.049331673309515205
9186,2020-12-21,Fulton,44,1100,364,46607,0.12087912087912088,15.0,0.05097594428537202
9187,2020-12-22,Fulton,23,1123,348,46955,0.06609195402298851,14.0,0.04661891950106088
9188,2020-12-23,Fulton,17,1140,501,47456,0.033932135728542916,13.0,0.044221214910242515
9189,2020-12-24,Fulton,35,1175,369,47825,0.0948509485094851,13.0,0.0452471537410594
9190,2020-12-25,Fulton,27,1202,250,48075,0.108,14.0,0.04661223310613877
9191,2020-12-26,Fulton,12,1214,155,48230,0.07741935483870968,13.0,0.044589316932555016
9192,2020-12-27,Fulton,19,1233,225,48455,0.08444444444444445,12.0,0.041829854173092255
9193,2020-12-28,Fulton,11,1244,374,48829,0.029411764705882353,10.0,0.0352964715892895
9194,2020-12-29,Fulton,14,1258,164,48993,0.08536585365853659,9.0,0.03667317870611436
9195,2020-12-30,Fulton,27,1285,423,49416,0.06382978723404255,10.0,0.038808725242221474
9196,2020-12-31,Fulton,32,1317,475,49891,0.06736842105263158,10.0,0.03684568756673194
9197,2021-01-01,Fulton,26,1343,301,50192,0.08637873754152824,10.0,0.0353013116768411
9198,2021-01-02,Fulton,38,1381,377,50569,0.10079575596816977,11.0,0.03697105461465968
9199,2021-01-03,Fulton,28,1409,341,50910,0.08211143695014662,12.0,0.036804411222209836
9200,2021-01-04,Fulton,41,1450,325,51235,0.12615384615384614,14.0,0.043714559897064395
9201,2021-01-05,Fulton,35,1485,503,51738,0.06958250497017893,16.0,0.04258717784789599
9202,2021-01-06,Fulton,24,1509,355,52093,0.0676056338028169,16.0,0.04285688117423701
9203,2021-01-07,Fulton,58,1567,423,52516,0.13711583924349882,17.0,0.047838839616441815
9204,2021-01-08,Fulton,85,1652,454,52970,0.18722466960352424,22.0,0.05504212047801297
9205,2021-01-09,Fulton,52,1704,622,53592,0.08360128617363344,23.0,0.05381394406411751
9206,2021-01-10,Fulton,58,1762,281,53873,0.20640569395017794,25.0,0.06269210527840546
9207,2021-01-11,Fulton,42,1804,304,54177,0.13815789473684212,25.0,0.06354953732004802
9208,2021-01-12,Fulton,15,1819,291,54468,0.05154639175257732,23.0,0.06226124351879077
9209,2021-01-13,Fulton,25,1844,227,54695,0.11013215859030837,23.0,0.06529885243218302
9210,2021-01-14,Fulton,88,1932,700,55395,0.12571428571428572,26.0,0.06448445575152494
9211,2021-01-15,Fulton,67,1999,679,56074,0.09867452135493372,24.0,0.0581594451623399
9212,2021-01-16,Fulton,40,2039,315,56389,0.12698412698412698,23.0,0.061258219505946586
9213,2021-01-17,Fulton,31,2070,305,56694,0.10163934426229508,22.0,0.053774908813954955
9214,2021-01-18,Fulton,43,2113,261,56955,0.16475095785440613,22.0,0.05567441332235238
9215,2021-01-19,Fulton,27,2140,430,57385,0.06279069767441861,22.0,0.05647757803105532
9216,2021-01-20,Fulton,50,2190,472,57857,0.1059322033898305,24.0,0.0561775812310212
9217,2021-01-21,Fulton,51,2241,493,58350,0.10344827586206896,22.0,0.054587151955862855
9218,2021-01-22,Fulton,50,2291,660,59010,0.07575757575757576,20.0,0.052950227270337276
9219,2021-01-23,Fulton,39,2330,349,59359,0.11174785100286533,20.0,0.0518619218431043
9220,2021-01-24,Fulton,25,2355,213,59572,0.11737089201877934,20.0,0.05298560382571033
9221,2021-01-25,Fulton,36,2391,298,59870,0.12080536912751678,19.0,0.049846633202361094
9222,2021-01-26,Fulton,24,2415,506,60376,0.04743083003952569,19.0,0.04874949979986874
9223,2021-01-27,Fulton,49,2464,486,60862,0.10082304526748971,19.0,0.048384559933987256
9224,2021-01-28,Fulton,47,2511,687,61549,0.06841339155749636,19.0,0.04588206819794636
9225,2021-01-29,Fulton,36,2547,758,62307,0.047493403693931395,18.0,0.0438631987648289
9226,2021-01-30,Fulton,46,2593,360,62667,0.12777777777777777,18.0,0.04500819353446551
9227,2021-01-31,Fulton,24,2617,248,62915,0.0967741935483871,18.0,0.04353700078658034
9228,2021-02-01,Fulton,19,2636,202,63117,0.09405940594059406,17.0,0.041626574844657295
9229,2021-02-02,Fulton,17,2653,311,63428,0.05466237942122187,17.0,0.04214311408620702
9230,2021-02-03,Fulton,32,2685,268,63696,0.11940298507462686,15.0,0.043470252643859675
9231,2021-02-04,Fulton,51,2736,600,64296,0.085,16.0,0.04465501038975279
9232,2021-02-05,Fulton,38,2774,621,64917,0.061191626409017714,16.0,0.04563345486940181
9233,2021-02-06,Fulton,25,2799,497,65414,0.05030181086519115,14.0,0.04009945723278848
9234,2021-02-07,Fulton,10,2809,236,65650,0.0423728813559322,13.0,0.0362136492190417
9235,2021-02-08,Fulton,50,2859,377,66027,0.13262599469496023,15.0,0.038968405558639285
9236,2021-02-09,Fulton,25,2884,451,66478,0.05543237250554324,16.0,0.03902340506466224
9237,2021-02-10,Fulton,33,2917,451,66929,0.07317073170731707,16.0,0.035721101252711544
9238,2021-02-11,Fulton,35,2952,427,67356,0.08196721311475409,15.0,0.03550447361805112
9239,2021-02-12,Fulton,20,2972,608,67964,0.03289473684210526,14.0,0.03348326722041452
9240,2021-02-13,Fulton,60,3032,542,68506,0.11070110701107011,16.0,0.03779750265940587
9241,2021-02-14,Fulton,25,3057,267,68773,0.09363295880149813,17.0,0.04145893676266058
9242,2021-02-15,Fulton,15,3072,249,69022,0.060240963855421686,15.0,0.03628857741697926
9243,2021-02-16,Fulton,23,3095,256,69278,0.08984375,15.0,0.038746532952297595
9244,2021-02-17,Fulton,12,3107,258,69536,0.046511627906976744,13.0,0.03684231125227329
9245,2021-02-18,Fulton,32,3139,362,69898,0.08839779005524862,13.0,0.03730163817659433
9246,2021-02-19,Fulton,31,3170,763,70661,0.04062909567496723,14.0,0.03785409237894161
9247,2021-02-20,Fulton,32,3202,552,71213,0.057971014492753624,12.0,0.03408765719906186
9248,2021-02-21,Fulton,18,3220,176,71389,0.10227272727272728,11.0,0.03470478351843537
9249,2021-02-22,Fulton,14,3234,192,71581,0.07291666666666667,11.0,0.03561019086209573
9250,2021-02-23,Fulton,11,3245,462,72043,0.023809523809523808,10.0,0.030893460419918854
9251,2021-02-24,Fulton,27,3272,422,72465,0.06398104265402843,11.0,0.032141275758993976
9252,2021-02-25,Fulton,17,3289,709,73174,0.023977433004231313,10.0,0.02753982168392131
9253,2021-02-26,Fulton,18,3307,573,73747,0.031413612565445025,9.0,0.02688157289038401
9254,2021-02-27,Fulton,13,3320,311,74058,0.04180064308681672,8.0,0.02572654636138852
9255,2021-02-28,Fulton,17,3337,407,74465,0.04176904176904177,8.0,0.021404854539696695
9256,2021-03-01,Fulton,14,3351,202,74667,0.06930693069306931,8.0,0.021147016255868314
9257,2021-03-02,Fulton,25,3376,465,75132,0.053763440860215055,9.0,0.023286581759489118
9258,2021-03-03,Fulton,13,3389,365,75497,0.03561643835616438,8.0,0.021260538595355972
9259,2021-03-04,Fulton,29,3418,585,76082,0.04957264957264957,9.0,0.023088768350242986
9260,2021-03-05,Fulton,6,3424,471,76553,0.012738853503184714,8.0,0.021754856988652965
9261,2021-03-06,Fulton,16,3440,463,77016,0.03455723542116631,8.0,0.021237470726820796
9262,2021-03-07,Fulton,12,3452,183,77199,0.06557377049180328,8.0,0.022937808492732328
9263,2021-03-08,Fulton,10,3462,330,77529,0.030303030303030304,7.0,0.020151815607729544
9264,2021-03-09,Fulton,10,3472,462,77991,0.021645021645021644,6.0,0.017857642806644303
9265,2021-03-10,Fulton,8,3480,358,78349,0.0223463687150838,6.0,0.01690978068942426
9266,2021-03-11,Fulton,14,3494,511,78860,0.0273972602739726,5.0,0.015325824310947334
9267,2021-03-12,Fulton,21,3515,426,79286,0.04929577464788732,6.0,0.017937032964140374
9268,2021-03-13,Fulton,9,3524,248,79534,0.036290322580645164,6.0,0.01806082490410315
9269,2021-03-14,Fulton,12,3536,729,80263,0.01646090534979424,6.0,0.014552763108245362
9270,2021-03-15,Fulton,11,3547,339,80602,0.032448377581120944,6.0,0.01470600219953755
9271,2021-03-16,Fulton,9,3556,420,81022,0.02142857142857143,6.0,0.014690541469791107
9272,2021-03-17,Fulton,22,3578,557,81579,0.03949730700179533,7.0,0.0159156084902705
9273,2021-03-18,Fulton,18,3596,527,82106,0.03415559772296015,7.0,0.0163983468794839
9274,2021-03-19,Fulton,18,3614,410,82516,0.04390243902439024,7.0,0.01601310862066268
9275,2021-03-20,Fulton,7,3621,563,83079,0.012433392539964476,6.0,0.01430904218918549
9276,2021-03-21,Fulton,10,3631,152,83231,0.06578947368421052,6.0,0.017832511355929507
9277,2021-03-22,Fulton,22,3653,298,83529,0.0738255033557047,7.0,0.020788020339828347
9278,2021-03-23,Fulton,11,3664,466,83995,0.023605150214592276,7.0,0.020943490253115555
9279,2021-03-24,Fulton,16,3680,384,84379,0.041666666666666664,7.0,0.021098444514892074
9280,2021-03-25,Fulton,20,3700,490,84869,0.04081632653061224,7.0,0.02157421085829579
9281,2021-03-26,Fulton,15,3715,553,85422,0.027124773960216998,7.0,0.020375806210854847
9282,2021-03-27,Fulton,16,3731,335,85757,0.04776119402985075,7.0,0.02289922060298958
9283,2021-03-28,Fulton,6,3737,218,85975,0.027522935779816515,7.0,0.020165896466961437
9284,2021-03-29,Fulton,11,3748,239,86214,0.04602510460251046,6.0,0.018180153698876135
9285,2021-03-30,Fulton,20,3768,624,86838,0.03205128205128205,7.0,0.018783448830068265
9286,2021-03-31,Fulton,20,3788,449,87287,0.044543429844097995,7.0,0.0189889319141705
9287,2021-04-01,Fulton,18,3806,546,87833,0.03296703296703297,7.0,0.018428268088200552
9288,2021-04-02,Fulton,18,3824,720,88553,0.025,7.0,0.018276498519613625
9289,2021-04-03,Fulton,15,3839,322,88875,0.046583850931677016,7.0,0.018192402584029786
9290,2021-04-04,Fulton,11,3850,262,89137,0.04198473282442748,8.0,0.019225388087216282
9291,2021-04-05,Fulton,10,3860,309,89446,0.032362459546925564,8.0,0.01824948486896022
9292,2021-04-06,Fulton,19,3879,746,90192,0.02546916890080429,7.0,0.017779333929640376
9293,2021-04-07,Fulton,15,3894,489,90681,0.03067484662576687,7.0,0.016788720842616726
9294,2021-04-08,Fulton,16,3910,594,91275,0.026936026936026935,7.0,0.01635793469754487
9295,2021-04-09,Fulton,17,3927,512,91787,0.033203125,7.0,0.01694387219754487
9296,2021-04-10,Fulton,17,3944,324,92111,0.05246913580246913,7.0,0.017364249688315733
9297,2021-04-11,Fulton,17,3961,225,92336,0.07555555555555556,7.0,0.01976216559768202
9298,2021-04-12,Fulton,19,3980,271,92607,0.07011070110701106,8.0,0.02245846856625956
9299,2021-04-13,Fulton,17,3997,376,92983,0.04521276595744681,8.0,0.023868725498876885
9300,2021-04-14,Fulton,24,4021,548,93531,0.043795620437956206,9.0,0.02480592362831898
9301,2021-04-15,Fulton,20,4041,489,94020,0.0408997955010225,9.0,0.025803335668675802
9302,2021-04-16,Fulton,16,4057,555,94575,0.02882882882882883,9.0,0.02549088594216358
9303,2021-04-17,Fulton,24,4081,617,95192,0.03889789303079417,9.0,0.024521511458472506
9304,2021-04-18,Fulton,12,4093,288,95480,0.041666666666666664,9.0,0.02210087653783759
9305,2021-04-19,Fulton,14,4107,213,95693,0.06572769953051644,9.0,0.021787804996659405
9306,2021-04-20,Fulton,15,4122,540,96233,0.027777777777777776,8.0,0.020542448698111615
9307,2021-04-21,Fulton,14,4136,367,96600,0.03814713896457766,8.0,0.02013898573572743
9308,2021-04-22,Fulton,16,4152,544,97144,0.029411764705882353,7.0,0.01931841210750313
9309,2021-04-23,Fulton,12,4164,425,97569,0.02823529411764706,7.0,0.01927601677099015
9310,2021-04-24,Fulton,9,4173,392,97961,0.02295918367346939,6.0,0.01813753753118124
9311,2021-04-25,Fulton,4,4177,225,98186,0.017777777777777778,6.0,0.016431188324832032
9312,2021-04-26,Fulton,5,4182,191,98377,0.02617801047120419,5.0,0.013606210534881159
9313,2021-04-27,Fulton,6,4188,484,98861,0.012396694214876033,4.0,0.012507561708959605
9314,2021-04-28,Fulton,12,4200,471,99332,0.025477707006369428,4.0,0.011602602283373302
9315,2021-04-29,Fulton,8,4208,486,99818,0.01646090534979424,4.0,0.01067754090079558
9316,2021-04-30,Fulton,7,4215,408,100226,0.01715686274509804,3.0,0.009886224374184936
9317,2021-05-01,Fulton,4,4219,455,100681,0.008791208791208791,3.0,0.008874226168309178
9318,2021-05-02,Fulton,8,4227,171,100852,0.04678362573099415,3.0,0.010946072450681776
9319,2021-05-03,Fulton,6,4233,178,101030,0.033707865168539325,3.0,0.011483919214777141
9320,2021-05-04,Fulton,6,4239,321,101351,0.018691588785046728,3.0,0.011933554541217906
9321,2021-05-05,Fulton,7,4246,544,101895,0.012867647058823529,3.0,0.011032835973536059
9322,2021-05-06,Fulton,35,4281,372,102267,0.09408602150537634,5.0,0.016577487127506205
9323,2021-05-07,Fulton,14,4295,499,102766,0.028056112224448898,5.0,0.01735600494745984
9324,2021-05-08,Fulton,10,4305,220,102986,0.045454545454545456,6.0,0.019974814709126747
9325,2021-05-09,Fulton,2,4307,172,103158,0.011627906976744186,5.0,0.017463691940966034
9326,2021-05-10,Fulton,4,4311,197,103355,0.02030456852791878,5.0,0.016506313609493138
9327,2021-05-11,Fulton,4,4315,396,103751,0.010101010101010102,5.0,0.015892700846347665
9328,2021-05-12,Fulton,9,4324,588,104339,0.015306122448979591,5.0,0.01606687765993024
9329,2021-05-13,Fulton,5,4329,368,104707,0.01358695652173913,3.0,0.010316944446813294
9330,2021-05-14,Fulton,9,4338,383,105090,0.02349869451697128,3.0,0.009991414610564896
9331,2021-05-15,Fulton,6,4344,227,105317,0.02643171806167401,2.0,0.008632641225359792
9332,2021-05-16,Fulton,4,4348,266,105583,0.015037593984962405,2.0,0.008876190297375379
9333,2021-05-17,Fulton,2,4350,242,105825,0.008264462809917356,2.0,0.008016182746089562
9334,2021-05-18,Fulton,3,4353,345,106170,0.008695652173913044,2.0,0.007915800037011202
9335,2021-05-19,Fulton,7,4360,471,106641,0.014861995753715499,2.0,0.007884076701635195
9336,2021-05-20,Fulton,5,4365,459,107100,0.010893246187363835,2.0,0.007691668820608387
9337,2021-05-21,Fulton,5,4370,359,107459,0.013927576601671309,2.0,0.007008017540944103
9338,2021-05-22,Fulton,1,4371,325,107784,0.003076923076923077,1.0,0.005339817899176181
9339,2021-05-23,Fulton,5,4376,126,107910,0.03968253968253968,2.0,0.007100171163288843
9340,2021-05-24,Fulton,3,4379,241,108151,0.012448132780082987,2.0,0.007399004732586387
9341,2021-05-25,Fulton,1,4380,327,108478,0.0030581039755351682,1.0,0.00699632271841654
9342,2021-05-26,Fulton,6,4386,339,108817,0.017699115044247787,1.0,0.007198974096311704
9343,2021-05-27,Fulton,6,4392,321,109138,0.018691588785046728,1.0,0.007755998567574767
9344,2021-05-28,Fulton,3,4395,273,109411,0.01098901098901099,1.0,0.0075461010238133145
9345,2021-05-29,Fulton,2,4397,313,109724,0.006389776357827476,1.0,0.007782733401020773
9346,2021-05-30,Fulton,1,4398,104,109828,0.009615384615384616,1.0,0.005635079467652554
9347,2021-05-31,Fulton,0,4398,71,109899,0.0,1.0,0.004745927126218055
9348,2021-06-01,Fulton,2,4400,191,110090,0.010471204188481676,1.0,0.005275434284285662
9349,2021-06-02,Fulton,2,4402,325,110415,0.006153846153846154,1.0,0.004450772220685546
9350,2021-06-03,Fulton,4,4406,508,110923,0.007874015748031496,1.0,0.003678088432327315
9351,2021-06-04,Fulton,7,4413,336,111259,0.020833333333333332,1.0,0.004381254314064625
9352,2021-06-05,Fulton,1,4414,371,111630,0.0026954177897574125,1.0,0.0041173715592024785
9353,2021-06-06,Fulton,1,4415,104,111734,0.009615384615384616,1.0,0.004117371559202478
9354,2021-06-07,Fulton,0,4415,196,111930,0.0,1.0,0.004117371559202478
9355,2021-06-08,Fulton,4,4419,288,112218,0.013888888888888888,1.0,0.00436149189494585
9356,2021-06-09,Fulton,1,4420,298,112516,0.003355704697986577,1.0,0.004161624648098737
9357,2021-06-10,Fulton,0,4420,318,112834,0.0,1.0,0.003599194951810773
9358,2021-06-11,Fulton,0,4420,236,113070,0.0,0.0,0.0021110997137155354
9359,2021-06-12,Fulton,1,4421,164,113234,0.006097560975609756,0.0,0.002354109941276417
9360,2021-06-13,Fulton,0,4421,79,113313,0.0,0.0,0.0016672967544632301
9361,2021-06-14,Fulton,1,4422,163,113476,0.006134969325153374,0.0,0.0021055088491170426
9362,2021-06-15,Fulton,0,4422,348,113824,0.0,0.0,0.0011134453570535506
9363,2021-06-16,Fulton,1,4423,254,114078,0.003937007874015748,0.0,0.0011549670124842055
9364,2021-06-17,Fulton,0,4423,155,114233,0.0,0.0,0.0011549670124842055
9365,2021-06-18,Fulton,0,4423,168,114401,0.0,0.0,0.0011549670124842055
9366,2021-06-19,Fulton,0,4423,108,114509,0.0,0.0,0.0007194269427977944
9367,2021-06-20,Fulton,1,4424,112,114621,0.008928571428571428,0.0,0.0013571820448386107
9368,2021-06-21,Fulton,0,4424,176,114797,0.0,0.0,0.0009189699501847983
9369,2021-06-22,Fulton,1,4425,144,114941,0.006944444444444444,0.0,0.0014150016962165442
9370,2021-06-23,Fulton,0,4425,159,115100,0.0,0.0,0.0011337868480725624
9371,2021-06-24,Fulton,0,4425,135,115235,0.0,0.0,0.0011337868480725624
9372,2021-06-25,Fulton,1,4426,113,115348,0.008849557522123894,0.0,0.0017658980996528404
9373,2021-06-26,Fulton,0,4426,121,115469,0.0,0.0,0.0017658980996528404
9374,2021-06-27,Fulton,1,4427,98,115567,0.01020408163265306,0.0,0.0018570059713729568
9375,2021-06-28,Fulton,1,4428,209,115776,0.004784688995215311,0.0,0.0021987694710311934
9376,2021-06-29,Fulton,1,4429,208,115984,0.004807692307692308,0.0,0.002046144318406041
9377,2021-06-30,Fulton,1,4430,105,116089,0.009523809523809525,0.0,0.0027264164272495783
9378,2021-07-01,Fulton,1,4431,121,116210,0.008264462809917356,0.0,0.0033167351993865324
9379,2021-07-02,Fulton,1,4432,154,116364,0.006493506493506494,0.0,0.0031484458401995754
9380,2021-07-03,Fulton,0,4432,95,116459,0.0,0.0,0.0031484458401995754
9381,2021-07-04,Fulton,0,4432,44,116503,0.0,0.0,0.0024195828664386426
9382,2021-07-05,Fulton,0,4432,43,116546,0.0,0.0,0.002077819366780406
9383,2021-07-06,Fulton,1,4433,89,116635,0.011235955056179775,0.0,0.002536980991672368
9384,2021-07-07,Fulton,1,4434,307,116942,0.003257328990228013,0.0,0.002089375239273688
9385,2021-07-08,Fulton,1,4435,124,117066,0.008064516129032258,0.0,0.0020750933334961817
9386,2021-07-09,Fulton,2,4437,143,117209,0.013986013986013986,0.0,0.0026102724401038595
9387,2021-07-10,Fulton,0,4437,77,117286,0.0,0.0,0.0026102724401038595
9388,2021-07-11,Fulton,0,4437,68,117354,0.0,0.0,0.0026102724401038595
9389,2021-07-12,Fulton,0,4437,286,117640,0.0,0.0,0.0026102724401038595
9390,2021-07-13,Fulton,1,4438,100,117740,0.01,0.0,0.0025219899360910186
9391,2021-07-14,Fulton,1,4439,129,117869,0.007751937984496124,0.0,0.0028430334356815976
9392,2021-07-15,Fulton,1,4440,164,118033,0.006097560975609756,0.0,0.002702536639008562
9393,2021-07-16,Fulton,0,4440,114,118147,0.0,0.0,0.001703535640007563
9394,2021-07-17,Fulton,2,4442,84,118231,0.023809523809523808,0.0,0.003404215912116406
9395,2021-07-18,Fulton,1,4443,48,118279,0.020833333333333332,0.0,0.004892311150211644
9396,2021-07-19,Fulton,0,4443,195,118474,0.0,0.0,0.004892311150211644
9397,2021-07-20,Fulton,2,4445,69,118543,0.028985507246376812,0.0,0.006248418810667131
9398,2021-07-21,Fulton,2,4447,210,118753,0.009523809523809525,0.0,0.006374981063475231
9399,2021-07-22,Fulton,1,4448,153,118906,0.006535947712418301,0.0,0.006406294401818698
9400,2021-07-23,Fulton,1,4449,273,119179,0.003663003663003663,0.0,0.0066679375206046745
9401,2021-07-24,Fulton,1,4450,91,119270,0.01098901098901099,0.0,0.0057521866048537585
9402,2021-07-25,Fulton,3,4453,57,119327,0.05263157894736842,0.0,0.008023489862999122
9403,2021-07-26,Fulton,0,4453,59,119386,0.0,0.0,0.008023489862999122
9404,2021-07-27,Fulton,0,4453,197,119583,0.0,0.0,0.005953096488257921
9405,2021-07-28,Fulton,7,4460,170,119753,0.041176470588235294,0.0,0.00821400085000262
9406,2021-07-29,Fulton,1,4461,94,119847,0.010638297872340425,0.0,0.008507025861425628
9407,2021-07-30,Fulton,3,4464,175,120022,0.017142857142857144,1.0,0.009469872538558018
9408,2021-07-31,Fulton,3,4467,175,120197,0.017142857142857144,1.0,0.009909432978118459
9409,2021-08-01,Fulton,4,4471,217,120414,0.018433179723502304,1.0,0.007466690176413737
9410,2021-08-02,Fulton,8,4479,68,120482,0.11764705882352941,1.0,0.015870051520951552
9411,2021-08-03,Fulton,3,4482,230,120712,0.013043478260869565,2.0,0.016801728539585094
9412,2021-08-04,Fulton,3,4485,138,120850,0.021739130434782608,1.0,0.015413347100052757
9413,2021-08-05,Fulton,5,4490,195,121045,0.02564102564102564,2.0,0.016484970512101703
9414,2020-03-01,Genesee,0,0,0,0,,,
9415,2020-03-02,Genesee,0,0,0,0,,,
9416,2020-03-03,Genesee,0,0,0,0,,,
9417,2020-03-04,Genesee,0,0,0,0,,,
9418,2020-03-05,Genesee,0,0,0,0,,,
9419,2020-03-06,Genesee,0,0,0,0,,,
9420,2020-03-07,Genesee,0,0,0,0,,0.0,
9421,2020-03-08,Genesee,0,0,0,0,,0.0,
9422,2020-03-09,Genesee,0,0,0,0,,0.0,
9423,2020-03-10,Genesee,0,0,1,1,0.0,0.0,
9424,2020-03-11,Genesee,0,0,0,1,,0.0,
9425,2020-03-12,Genesee,0,0,0,1,,0.0,
9426,2020-03-13,Genesee,0,0,0,1,,0.0,
9427,2020-03-14,Genesee,0,0,0,1,,0.0,
9428,2020-03-15,Genesee,0,0,0,1,,0.0,
9429,2020-03-16,Genesee,0,0,3,4,0.0,0.0,
9430,2020-03-17,Genesee,0,0,5,9,0.0,0.0,
9431,2020-03-18,Genesee,1,1,9,18,0.1111111111111111,0.0,
9432,2020-03-19,Genesee,0,1,6,24,0.0,0.0,
9433,2020-03-20,Genesee,0,1,6,30,0.0,0.0,
9434,2020-03-21,Genesee,0,1,6,36,0.0,0.0,
9435,2020-03-22,Genesee,0,1,2,38,0.0,0.0,0.007936507936507936
9436,2020-03-23,Genesee,0,1,8,46,0.0,0.0,0.007936507936507936
9437,2020-03-24,Genesee,1,2,7,53,0.14285714285714285,0.0,0.018140589569160998
9438,2020-03-25,Genesee,2,4,19,72,0.10526315789473684,0.0,0.017722878625134265
9439,2020-03-26,Genesee,2,6,21,93,0.09523809523809523,0.0,0.024525599713569636
9440,2020-03-27,Genesee,1,7,19,112,0.05263157894736842,0.0,0.028284998209810237
9441,2020-03-28,Genesee,2,9,6,118,0.3333333333333333,0.0,0.05209452201933405
9442,2020-03-29,Genesee,0,9,12,130,0.0,0.0,0.05209452201933405
9443,2020-03-30,Genesee,1,10,24,154,0.041666666666666664,0.0,0.05507071249552453
9444,2020-03-31,Genesee,3,13,28,182,0.10714285714285714,0.0,0.05251969208736126
9445,2020-04-01,Genesee,1,14,39,221,0.02564102564102564,0.0,0.04683239692638188
9446,2020-04-02,Genesee,2,16,23,244,0.08695652173913043,0.0,0.046240855962170105
9447,2020-04-03,Genesee,4,20,30,274,0.13333333333333333,0.0,0.05200526698973904
9448,2020-04-04,Genesee,2,22,12,286,0.16666666666666666,0.0,0.04010050508497713
9449,2020-04-05,Genesee,1,23,11,297,0.09090909090909091,1.0,0.04659401157848362
9450,2020-04-06,Genesee,10,33,37,334,0.2702702702702703,1.0,0.06292284040731246
9451,2020-04-07,Genesee,14,47,31,365,0.45161290322580644,2.0,0.08752784369895168
9452,2020-04-08,Genesee,9,56,43,408,0.20930232558139536,3.0,0.10064650798040667
9453,2020-04-09,Genesee,9,65,32,440,0.28125,3.0,0.11452461357046877
9454,2020-04-10,Genesee,2,67,18,458,0.1111111111111111,3.0,0.11293731198316719
9455,2020-04-11,Genesee,2,69,19,477,0.10526315789473684,3.0,0.10855134707088647
9456,2020-04-12,Genesee,2,71,7,484,0.2857142857142857,3.0,0.12246600384268613
9457,2020-04-13,Genesee,5,76,34,518,0.14705882352941177,3.0,0.11366518621833908
9458,2020-04-14,Genesee,0,76,15,533,0.0,2.0,0.08140712170221005
9459,2020-04-15,Genesee,2,78,12,545,0.16666666666666666,1.0,0.07836171749401515
9460,2020-04-16,Genesee,5,83,21,566,0.23809523809523808,1.0,0.07527923450081787
9461,2020-04-17,Genesee,4,87,13,579,0.3076923076923077,1.0,0.0893207485423319
9462,2020-04-18,Genesee,30,117,56,635,0.5357142857142857,3.0,0.12006725767229967
9463,2020-04-19,Genesee,2,119,14,649,0.14285714285714285,3.0,0.10986317603964664
9464,2020-04-20,Genesee,2,121,8,657,0.25,3.0,0.11721611721611723
9465,2020-04-21,Genesee,1,122,17,674,0.058823529411764705,3.0,0.12141779788838614
9466,2020-04-22,Genesee,4,126,25,699,0.16,3.0,0.12094160741219565
9467,2020-04-23,Genesee,1,127,19,718,0.05263157894736842,3.0,0.1076942031873478
9468,2020-04-24,Genesee,14,141,145,863,0.09655172413793103,3.0,0.09261273293346377
9469,2020-04-25,Genesee,3,144,37,900,0.08108108108108109,1.0,0.06013893260252058
9470,2020-04-26,Genesee,4,148,20,920,0.2,2.0,0.0642205652555818
9471,2020-04-27,Genesee,1,149,28,948,0.03571428571428571,2.0,0.04891444280660221
9472,2020-04-28,Genesee,3,152,26,974,0.11538461538461539,2.0,0.05295452037609155
9473,2020-04-29,Genesee,1,153,32,1006,0.03125,1.0,0.04375809180466298
9474,2020-04-30,Genesee,1,154,29,1035,0.034482758620689655,1.0,0.04246174749561449
9475,2020-05-01,Genesee,1,155,55,1090,0.01818181818181818,1.0,0.036863897070177856
9476,2020-05-02,Genesee,0,155,25,1115,0.0,0.0,0.031072391278672066
9477,2020-05-03,Genesee,4,159,48,1163,0.08333333333333333,0.0,0.022739057945338734
9478,2020-05-04,Genesee,0,159,47,1210,0.0,0.0,0.02018803753717547
9479,2020-05-05,Genesee,3,162,59,1269,0.05084745762711865,0.0,0.015578240554497132
9480,2020-05-06,Genesee,6,168,98,1367,0.061224489795918366,1.0,0.01771927553991987
9481,2020-05-07,Genesee,1,169,62,1429,0.016129032258064516,1.0,0.016408295085446646
9482,2020-05-08,Genesee,1,170,47,1476,0.02127659574468085,1.0,0.016629350625651122
9483,2020-05-09,Genesee,2,172,149,1625,0.013422818791946308,1.0,0.017588123396504427
9484,2020-05-10,Genesee,1,173,182,1807,0.005494505494505495,1.0,0.012028207122302442
9485,2020-05-11,Genesee,1,174,77,1884,0.012987012987012988,1.0,0.012955850907089084
9486,2020-05-12,Genesee,0,174,96,1980,0.0,0.0,0.00932388964800918
9487,2020-05-13,Genesee,1,175,77,2057,0.012987012987012988,0.0,0.005878355590230225
9488,2020-05-14,Genesee,0,175,66,2123,0.0,0.0,0.004726281857511331
9489,2020-05-15,Genesee,3,178,47,2170,0.06382978723404255,0.0,0.0077657955353228805
9490,2020-05-16,Genesee,2,180,69,2239,0.028985507246376812,0.0,0.008877416139210774
9491,2020-05-17,Genesee,0,180,30,2269,0.0,0.0,0.008484951461031811
9492,2020-05-18,Genesee,2,182,77,2346,0.025974025974025976,0.0,0.00941259524581845
9493,2020-05-19,Genesee,2,184,95,2441,0.021052631578947368,0.0,0.010916354644314693
9494,2020-05-20,Genesee,4,188,145,2586,0.027586206896551724,0.0,0.011959154209281744
9495,2020-05-21,Genesee,1,189,42,2628,0.023809523809523808,1.0,0.013659834481390588
9496,2020-05-22,Genesee,2,191,271,2899,0.007380073800738007,0.0,0.009627712093297406
9497,2020-05-23,Genesee,0,191,181,3080,0.0,0.0,0.007557318718556206
9498,2020-05-24,Genesee,1,192,95,3175,0.010526315789473684,0.0,0.008309198417804326
9499,2020-05-25,Genesee,1,193,58,3233,0.017241379310344827,0.0,0.0076854379418271005
9500,2020-05-26,Genesee,2,195,84,3317,0.023809523809523808,0.0,0.007882358815439704
9501,2020-05-27,Genesee,2,197,177,3494,0.011299435028248588,0.0,0.006719017967703766
9502,2020-05-28,Genesee,2,199,119,3613,0.01680672268907563,0.0,0.006218817887671754
9503,2020-05-29,Genesee,1,200,135,3748,0.007407407407407408,0.0,0.006220770288148139
9504,2020-05-30,Genesee,2,202,115,3863,0.017391304347826087,0.0,0.00746300631299286
9505,2020-05-31,Genesee,0,202,82,3945,0.0,0.0,0.0067111266137447395
9506,2020-06-01,Genesee,0,202,145,4090,0.0,0.0,0.00547959952014868
9507,2020-06-02,Genesee,0,202,264,4354,0.0,0.0,0.003778919248039837
9508,2020-06-03,Genesee,3,205,326,4680,0.009202453987730062,0.0,0.0036291348880027985
9509,2020-06-04,Genesee,0,205,137,4817,0.0,0.0,0.002428654695925968
9510,2020-06-05,Genesee,1,206,322,5139,0.003105590062111801,0.0,0.0021213820284048538
9511,2020-06-06,Genesee,2,208,153,5292,0.013071895424836602,0.0,0.0018128528196198906
9512,2020-06-07,Genesee,0,208,104,5396,0.0,0.0,0.0018128528196198906
9513,2020-06-08,Genesee,2,210,200,5596,0.01,0.0,0.0025271385339056046
9514,2020-06-09,Genesee,1,211,213,5809,0.004694835680751174,0.0,0.002862483939673546
9515,2020-06-10,Genesee,1,212,234,6043,0.004273504273504274,0.0,0.002510416102943132
9516,2020-06-11,Genesee,0,212,187,6230,0.0,0.0,0.002510416102943132
9517,2020-06-12,Genesee,0,212,174,6404,0.0,0.0,0.002288588241363718
9518,2020-06-13,Genesee,0,212,158,6562,0.0,0.0,0.0013548814253039605
9519,2020-06-14,Genesee,1,213,91,6653,0.01098901098901099,0.0,0.0021398107816618882
9520,2020-06-15,Genesee,0,213,112,6765,0.0,0.0,0.001425525067376174
9521,2020-06-16,Genesee,3,216,142,6907,0.02112676056338028,0.0,0.0025992339875639675
9522,2020-06-17,Genesee,1,217,169,7076,0.005917159763313609,0.0,0.002716637951121777
9523,2020-06-18,Genesee,1,218,243,7319,0.00411522633744856,0.0,0.00301058268951096
9524,2020-06-19,Genesee,4,222,189,7508,0.021164021164021163,0.0,0.004522298486941043
9525,2020-06-20,Genesee,0,222,108,7616,0.0,0.0,0.004522298486941043
9526,2020-06-21,Genesee,3,225,182,7798,0.016483516483516484,0.0,0.004914763165120008
9527,2020-06-22,Genesee,4,229,196,7994,0.02040816326530612,1.0,0.006372489112641873
9528,2020-06-23,Genesee,1,230,196,8190,0.00510204081632653,1.0,0.0052278662735666045
9529,2020-06-24,Genesee,1,231,220,8410,0.004545454545454545,1.0,0.005129887329433814
9530,2020-06-25,Genesee,1,232,120,8530,0.008333333333333333,1.0,0.005431180686282727
9531,2020-06-26,Genesee,5,237,154,8684,0.032467532467532464,1.0,0.006238574350819248
9532,2020-06-27,Genesee,1,238,118,8802,0.00847457627118644,1.0,0.0068439012273325646
9533,2020-06-28,Genesee,0,238,109,8911,0.0,0.0,0.005666507192795674
9534,2020-06-29,Genesee,0,238,416,9327,0.0,0.0,0.004208781245273808
9535,2020-06-30,Genesee,0,238,249,9576,0.0,0.0,0.0038443497583933416
9536,2020-07-01,Genesee,0,238,112,9688,0.0,0.0,0.0035196744337180168
9537,2020-07-02,Genesee,1,239,129,9817,0.007751937984496124,0.0,0.0034781461945153592
9538,2020-07-03,Genesee,0,239,170,9987,0.0,0.0,0.0011590367325487545
9539,2020-07-04,Genesee,0,239,167,10154,0.0,0.0,0.0005537098560354374
9540,2020-07-05,Genesee,3,242,213,10367,0.014084507042253521,0.0,0.0015597460733392605
9541,2020-07-06,Genesee,0,242,412,10779,0.0,0.0,0.0015597460733392605
9542,2020-07-07,Genesee,2,244,178,10957,0.011235955056179775,0.0,0.002362314291637816
9543,2020-07-08,Genesee,0,244,246,11203,0.0,0.0,0.002362314291637816
9544,2020-07-09,Genesee,2,246,185,11388,0.010810810810810811,0.0,0.002580805207803151
9545,2020-07-10,Genesee,1,247,114,11502,0.008771929824561403,0.0,0.003207371623843251
9546,2020-07-11,Genesee,3,250,269,11771,0.011152416356877323,0.0,0.0040039727921916315
9547,2020-07-12,Genesee,0,250,99,11870,0.0,0.0,0.002997936574887808
9548,2020-07-13,Genesee,2,252,196,12066,0.01020408163265306,0.0,0.003726799548648741
9549,2020-07-14,Genesee,2,254,136,12202,0.014705882352941176,0.0,0.003974651498417412
9550,2020-07-15,Genesee,0,254,270,12472,0.0,0.0,0.003974651498417412
9551,2020-07-16,Genesee,0,254,212,12684,0.0,0.0,0.0032024507262166406
9552,2020-07-17,Genesee,2,256,173,12857,0.011560693641618497,0.0,0.0034016481417207182
9553,2020-07-18,Genesee,1,257,177,13034,0.005649717514124294,0.0,0.003008598224381216
9554,2020-07-19,Genesee,1,258,189,13223,0.005291005291005291,0.0,0.003386527173738737
9555,2020-07-20,Genesee,0,258,234,13457,0.0,0.0,0.0026576641999778044
9556,2020-07-21,Genesee,0,258,167,13624,0.0,0.0,0.0016072440319105771
9557,2020-07-22,Genesee,2,260,139,13763,0.014388489208633094,0.0,0.0026349932610986553
9558,2020-07-23,Genesee,1,261,288,14051,0.003472222222222222,0.0,0.0028830091341145283
9559,2020-07-24,Genesee,0,261,224,14275,0.0,0.0,0.0020572453025703504
9560,2020-07-25,Genesee,3,264,162,14437,0.018518518518518517,0.0,0.0029764453743127946
9561,2020-07-26,Genesee,2,266,128,14565,0.015625,0.0,0.0037145878535267025
9562,2020-07-27,Genesee,0,266,155,14720,0.0,0.0,0.0037145878535267025
9563,2020-07-28,Genesee,1,267,186,14906,0.005376344086021506,0.0,0.004098612431099667
9564,2020-07-29,Genesee,3,270,306,15212,0.00980392156862745,0.0,0.003771143313956407
9565,2020-07-30,Genesee,0,270,241,15453,0.0,0.0,0.003523127440940534
9566,2020-07-31,Genesee,2,272,207,15660,0.00966183574879227,0.0,0.004213258565854268
9567,2020-08-01,Genesee,0,272,125,15785,0.0,0.0,0.002890507243102945
9568,2020-08-02,Genesee,1,273,93,15878,0.010752688172043012,0.0,0.0025424849696774458
9569,2020-08-03,Genesee,0,273,213,16091,0.0,0.0,0.0025424849696774458
9570,2020-08-04,Genesee,1,274,293,16384,0.0034129692832764505,0.0,0.002402243912338513
9571,2020-08-05,Genesee,0,274,180,16564,0.0,0.0,0.0017019638002936952
9572,2020-08-06,Genesee,3,277,309,16873,0.009708737864077669,0.0,0.0023954450762992434
9573,2020-08-07,Genesee,0,277,168,17041,0.0,0.0,0.0017053139513855096
9574,2020-08-08,Genesee,0,277,85,17126,0.0,0.0,0.0017053139513855096
9575,2020-08-09,Genesee,0,277,136,17262,0.0,0.0,0.00093726479623958
9576,2020-08-10,Genesee,2,279,324,17586,0.006172839506172839,0.0,0.001378181903823354
9577,2020-08-11,Genesee,1,280,188,17774,0.005319148936170213,0.0,0.0015143375933157658
9578,2020-08-12,Genesee,0,280,210,17984,0.0,0.0,0.0015143375933157658
9579,2020-08-13,Genesee,4,284,423,18407,0.009456264775413711,0.0,0.0014963038012683403
9580,2020-08-14,Genesee,0,284,158,18565,0.0,0.0,0.0014963038012683403
9581,2020-08-15,Genesee,1,285,244,18809,0.004098360655737705,0.0,0.001789043848106748
9582,2020-08-16,Genesee,0,285,104,18913,0.0,0.0,0.001789043848106748
9583,2020-08-17,Genesee,3,288,557,19470,0.005385996409335727,0.0,0.0017328407697612398
9584,2020-08-18,Genesee,1,289,367,19837,0.0027247956403269754,0.0,0.0015475298200581516
9585,2020-08-19,Genesee,1,290,335,20172,0.0029850746268656717,0.0,0.0017607494362628423
9586,2020-08-20,Genesee,0,290,383,20555,0.0,0.0,0.00108530195230472
9587,2020-08-21,Genesee,0,290,228,20783,0.0,0.0,0.00108530195230472
9588,2020-08-22,Genesee,0,290,150,20933,0.0,0.0,0.0007925619054663125
9589,2020-08-23,Genesee,0,290,110,21043,0.0,0.0,0.0007925619054663125
9590,2020-08-24,Genesee,1,291,162,21205,0.006172839506172839,0.0,0.0008487649838118204
9591,2020-08-25,Genesee,1,292,244,21449,0.004098360655737705,0.0,0.0009468767706268726
9592,2020-08-26,Genesee,0,292,211,21660,0.0,0.0,0.0007336571544221818
9593,2020-08-27,Genesee,1,293,316,21976,0.0031645569620253164,0.0,0.0009596969374239901
9594,2020-08-28,Genesee,0,293,470,22446,0.0,0.0,0.0009596969374239901
9595,2020-08-29,Genesee,1,294,178,22624,0.0056179775280898875,0.0,0.0013609810465732679
9596,2020-08-30,Genesee,1,295,169,22793,0.005917159763313609,0.0,0.0017836353153813827
9597,2020-08-31,Genesee,2,297,217,23010,0.009216589861751152,0.0,0.002001046055065548
9598,2020-09-01,Genesee,0,297,201,23211,0.0,0.0,0.0017083060082271405
9599,2020-09-02,Genesee,1,298,188,23399,0.005319148936170213,0.0,0.002088245217953584
9600,2020-09-03,Genesee,2,300,222,23621,0.009009009009009009,0.0,0.0025057060784524194
9601,2020-09-04,Genesee,0,300,231,23852,0.0,0.0,0.0025057060784524194
9602,2020-09-05,Genesee,1,301,116,23968,0.008620689655172414,0.0,0.0027201855161011717
9603,2020-09-06,Genesee,1,302,134,24102,0.007462686567164179,0.0,0.0028305802878047836
9604,2020-09-07,Genesee,1,303,138,24240,0.007246376811594203,0.0,0.002689850784222144
9605,2020-09-08,Genesee,1,304,316,24556,0.0031645569620253164,0.0,0.0029158905672239527
9606,2020-09-09,Genesee,2,306,175,24731,0.011428571428571429,0.0,0.0033522778881097536
9607,2020-09-10,Genesee,0,306,355,25086,0.0,0.0,0.00270877724460911
9608,2020-09-11,Genesee,1,307,190,25276,0.005263157894736842,0.0,0.0030847170942331706
9609,2020-09-12,Genesee,0,307,189,25465,0.0,0.0,0.002468953547435141
9610,2020-09-13,Genesee,0,307,126,25591,0.0,0.0,0.0019359045069234136
9611,2020-09-14,Genesee,0,307,332,25923,0.0,0.0,0.0014183061632381134
9612,2020-09-15,Genesee,0,307,225,26148,0.0,0.0,0.001192266380236305
9613,2020-09-16,Genesee,2,309,201,26349,0.009950248756218905,0.0,0.0010866719036396963
9614,2020-09-17,Genesee,0,309,415,26764,0.0,0.0,0.0010866719036396963
9615,2020-09-18,Genesee,5,314,286,27050,0.017482517482517484,0.0,0.001959483302766885
9616,2020-09-19,Genesee,0,314,209,27259,0.0,0.0,0.001959483302766885
9617,2020-09-20,Genesee,2,316,86,27345,0.023255813953488372,0.0,0.0036206128708731974
9618,2020-09-21,Genesee,1,317,346,27691,0.002890173410404624,0.0,0.0038270538287592418
9619,2020-09-22,Genesee,0,317,239,27930,0.0,0.0,0.0038270538287592418
9620,2020-09-23,Genesee,0,317,269,28199,0.0,0.0,0.0031163217747436057
9621,2020-09-24,Genesee,0,317,396,28595,0.0,0.0,0.0031163217747436057
9622,2020-09-25,Genesee,2,319,275,28870,0.007272727272727273,0.0,0.0023870510454728766
9623,2020-09-26,Genesee,2,321,222,29092,0.009009009009009009,0.0,0.0030305516889735195
9624,2020-09-27,Genesee,0,321,95,29187,0.0,0.0,0.0013694221208672074
9625,2020-09-28,Genesee,6,327,151,29338,0.039735099337748346,0.0,0.004001202544248902
9626,2020-09-29,Genesee,3,330,485,29823,0.006185567010309278,0.0,0.004443028759270993
9627,2020-09-30,Genesee,5,335,307,30130,0.016286644951140065,1.0,0.005606360541495284
9628,2020-10-01,Genesee,1,336,376,30506,0.0026595744680851063,1.0,0.005796330146358506
9629,2020-10-02,Genesee,6,342,448,30954,0.013392857142857142,1.0,0.00623348227993921
9630,2020-10-03,Genesee,2,344,245,31199,0.00816326530612245,1.0,0.0061730720154473135
9631,2020-10-04,Genesee,2,346,109,31308,0.01834862385321101,1.0,0.007483688004962386
9632,2020-10-05,Genesee,5,351,225,31533,0.022222222222222223,1.0,0.006232768210996234
9633,2020-10-06,Genesee,1,352,281,31814,0.0035587188612099642,1.0,0.006045136200346283
9634,2020-10-07,Genesee,3,355,433,32247,0.006928406466512702,1.0,0.005376690594301472
9635,2020-10-08,Genesee,3,358,678,32925,0.004424778761061947,1.0,0.005502776615228388
9636,2020-10-09,Genesee,0,358,409,33334,0.0,1.0,0.0045461439621671635
9637,2020-10-10,Genesee,0,358,224,33558,0.0,1.0,0.003963053583158418
9638,2020-10-11,Genesee,1,359,180,33738,0.005555555555555556,0.0,0.0030492629904687422
9639,2020-10-12,Genesee,1,360,280,34018,0.0035714285714285713,0.0,0.0017170634439834815
9640,2020-10-13,Genesee,3,363,204,34222,0.014705882352941176,0.0,0.0025132894076785686
9641,2020-10-14,Genesee,7,370,277,34499,0.02527075812274368,1.0,0.0038234573831236384
9642,2020-10-15,Genesee,1,371,290,34789,0.0034482758620689655,0.0,0.0037537071760527104
9643,2020-10-16,Genesee,0,371,507,35296,0.0,0.0,0.0037537071760527104
9644,2020-10-17,Genesee,0,371,267,35563,0.0,0.0,0.0037537071760527104
9645,2020-10-18,Genesee,0,371,165,35728,0.0,0.0,0.0033568817792273137
9646,2020-10-19,Genesee,0,371,394,36122,0.0,0.0,0.003101779738410987
9647,2020-10-20,Genesee,1,372,231,36353,0.004329004329004329,0.0,0.002360574165272641
9648,2020-10-21,Genesee,1,373,228,36581,0.0043859649122807015,0.0,0.0008688032216681425
9649,2020-10-22,Genesee,4,377,336,36917,0.011904761904761904,0.0,0.0014728379390033523
9650,2020-10-23,Genesee,2,379,429,37346,0.004662004662004662,0.0,0.0018058382720036856
9651,2020-10-24,Genesee,1,380,136,37482,0.007352941176470588,0.0,0.002331048356037299
9652,2020-10-25,Genesee,1,381,155,37637,0.0064516129032258064,0.0,0.0027918778491248563
9653,2020-10-26,Genesee,3,384,596,38233,0.0050335570469798654,0.0,0.003151417638194847
9654,2020-10-27,Genesee,4,388,300,38533,0.013333333333333334,1.0,0.003794583995646919
9655,2020-10-28,Genesee,8,396,316,38849,0.02531645569620253,1.0,0.005289619051641335
9656,2020-10-29,Genesee,10,406,365,39214,0.0273972602739726,2.0,0.006396226078013527
9657,2020-10-30,Genesee,1,407,397,39611,0.0025188916876574307,2.0,0.006243146579845868
9658,2020-10-31,Genesee,4,411,256,39867,0.015625,2.0,0.006834007924383683
9659,2020-11-01,Genesee,2,413,149,40016,0.013422818791946308,2.0,0.007331951202149433
9660,2020-11-02,Genesee,7,420,562,40578,0.012455516014234875,2.0,0.007862091128381933
9661,2020-11-03,Genesee,8,428,266,40844,0.03007518796992481,2.0,0.009057937888138468
9662,2020-11-04,Genesee,13,441,357,41201,0.036414565826330535,3.0,0.009850660040290468
9663,2020-11-05,Genesee,9,450,398,41599,0.022613065326633167,3.0,0.009508931829766223
9664,2020-11-06,Genesee,15,465,635,42234,0.023622047244094488,4.0,0.011016300083797443
9665,2020-11-07,Genesee,13,478,243,42477,0.053497942386831275,4.0,0.013721510254285389
9666,2020-11-08,Genesee,17,495,232,42709,0.07327586206896551,5.0,0.01799672763121533
9667,2020-11-09,Genesee,15,510,422,43131,0.035545023696682464,6.0,0.019645978179961585
9668,2020-11-10,Genesee,17,527,285,43416,0.05964912280701754,7.0,0.021758402096896782
9669,2020-11-11,Genesee,14,541,317,43733,0.04416403785488959,7.0,0.022311935813222432
9670,2020-11-12,Genesee,43,584,489,44222,0.08793456032719836,9.0,0.026977756884691374
9671,2020-11-13,Genesee,13,597,638,44860,0.02037617554858934,9.0,0.026745908906441008
9672,2020-11-14,Genesee,6,603,108,44968,0.05555555555555555,8.0,0.026892881275635598
9673,2020-11-15,Genesee,12,615,283,45251,0.04240282685512368,8.0,0.024687664474646896
9674,2020-11-16,Genesee,20,635,430,45681,0.046511627906976744,8.0,0.025470993346810772
9675,2020-11-17,Genesee,20,655,410,46091,0.04878048780487805,9.0,0.02469466227522938
9676,2020-11-18,Genesee,19,674,471,46562,0.040339702760084924,9.0,0.024421495482743333
9677,2020-11-19,Genesee,21,695,382,46944,0.0549738219895288,7.0,0.022067157030052652
9678,2020-11-20,Genesee,40,735,680,47624,0.058823529411764705,9.0,0.024813396591708035
9679,2020-11-21,Genesee,23,758,256,47880,0.08984375,11.0,0.027262553337739782
9680,2020-11-22,Genesee,42,800,584,48464,0.07191780821917808,13.0,0.029370766292315092
9681,2020-11-23,Genesee,19,819,661,49125,0.028744326777609682,13.0,0.028101673354503164
9682,2020-11-24,Genesee,26,845,531,49656,0.04896421845574388,13.0,0.028114796972422147
9683,2020-11-25,Genesee,45,890,397,50053,0.11335012594458438,15.0,0.0333298271998864
9684,2020-11-26,Genesee,42,932,428,50481,0.09813084112149532,16.0,0.03641247142359829
9685,2020-11-27,Genesee,34,966,548,51029,0.06204379562043796,16.0,0.036642490438503525
9686,2020-11-28,Genesee,31,997,367,51396,0.08446866485013624,17.0,0.036258555784941825
9687,2020-11-29,Genesee,31,1028,369,51765,0.08401084010840108,16.0,0.03712234377702918
9688,2020-11-30,Genesee,48,1076,449,52214,0.10690423162583519,18.0,0.042705194123331
9689,2020-12-01,Genesee,38,1114,466,52680,0.0815450643776824,19.0,0.04503239740346947
9690,2020-12-02,Genesee,44,1158,377,53057,0.11671087533156499,19.0,0.04527245093111094
9691,2020-12-03,Genesee,44,1202,447,53504,0.09843400447427293,19.0,0.04529410545630934
9692,2020-12-04,Genesee,67,1269,973,54477,0.06885919835560124,21.0,0.04578091993739243
9693,2020-12-05,Genesee,34,1303,520,54997,0.06538461538461539,21.0,0.04441777354699809
9694,2020-12-06,Genesee,25,1328,221,55218,0.11312217194570136,21.0,0.04649715439251954
9695,2020-12-07,Genesee,21,1349,563,55781,0.037300177619893425,19.0,0.04152543624923798
9696,2020-12-08,Genesee,44,1393,424,56205,0.10377358490566038,19.0,0.04311318771552212
9697,2020-12-09,Genesee,59,1452,807,57012,0.07311028500619579,21.0,0.03999885983513861
9698,2020-12-10,Genesee,35,1487,344,57356,0.10174418604651163,20.0,0.0402353013760128
9699,2020-12-11,Genesee,43,1530,498,57854,0.08634538152610442,18.0,0.04148431445962016
9700,2020-12-12,Genesee,72,1602,826,58680,0.08716707021791767,21.0,0.043040204090570335
9701,2020-12-13,Genesee,44,1646,320,59000,0.1375,22.0,0.04478147752302024
9702,2020-12-14,Genesee,27,1673,555,59555,0.04864864864864865,23.0,0.045592082596502756
9703,2020-12-15,Genesee,48,1721,470,60025,0.10212765957446808,23.0,0.04547451650141759
9704,2020-12-16,Genesee,46,1767,408,60433,0.11274509803921569,22.0,0.04830557457520472
9705,2020-12-17,Genesee,56,1823,402,60835,0.13930348258706468,24.0,0.050988381470958515
9706,2020-12-18,Genesee,177,2000,1616,62451,0.10952970297029703,33.0,0.052644404431257986
9707,2020-12-19,Genesee,41,2041,406,62857,0.10098522167487685,31.0,0.0536314152496122
9708,2020-12-20,Genesee,39,2080,290,63147,0.13448275862068965,31.0,0.05341589800823291
9709,2020-12-21,Genesee,65,2145,539,63686,0.12059369202226346,33.0,0.058554829677776817
9710,2020-12-22,Genesee,55,2200,400,64086,0.1375,34.0,0.06108142542245767
9711,2020-12-23,Genesee,101,2301,1003,65089,0.10069790628115653,38.0,0.06022091172545345
9712,2020-12-24,Genesee,89,2390,863,65952,0.10312862108922363,40.0,0.057636993047036233
9713,2020-12-25,Genesee,47,2437,254,66206,0.18503937007874016,31.0,0.0630305406976393
9714,2020-12-26,Genesee,18,2455,139,66345,0.12949640287769784,29.0,0.06506705364069794
9715,2020-12-27,Genesee,40,2495,339,66684,0.11799410029498525,29.0,0.06388929233171906
9716,2020-12-28,Genesee,56,2551,519,67203,0.10789980732177264,29.0,0.06298258628168399
9717,2020-12-29,Genesee,33,2584,297,67500,0.1111111111111111,27.0,0.06109766564676337
9718,2020-12-30,Genesee,97,2681,860,68360,0.1127906976744186,27.0,0.0619614364605678
9719,2020-12-31,Genesee,86,2767,724,69084,0.11878453038674033,26.0,0.06307971569610471
9720,2021-01-01,Genesee,51,2818,385,69469,0.13246753246753246,27.0,0.059324584438161305
9721,2021-01-02,Genesee,48,2866,217,69686,0.22119815668202766,29.0,0.06587470970989914
9722,2021-01-03,Genesee,40,2906,316,70002,0.12658227848101267,29.0,0.06648815100890111
9723,2021-01-04,Genesee,63,2969,535,70537,0.11775700934579439,29.0,0.0671922368677598
9724,2021-01-05,Genesee,54,3023,635,71172,0.08503937007874016,31.0,0.06532996965116188
9725,2021-01-06,Genesee,115,3138,989,72161,0.11627906976744186,32.0,0.06557913908637782
9726,2021-01-07,Genesee,61,3199,548,72709,0.11131386861313869,30.0,0.06504552038826342
9727,2021-01-08,Genesee,67,3266,903,73612,0.07419712070874862,32.0,0.06088334811977886
9728,2021-01-09,Genesee,39,3305,436,74048,0.08944954128440367,31.0,0.05147273273423429
9729,2021-01-10,Genesee,31,3336,336,74384,0.09226190476190477,30.0,0.04902127746858372
9730,2021-01-11,Genesee,44,3380,591,74975,0.07445008460236886,29.0,0.04592792570119619
9731,2021-01-12,Genesee,40,3420,300,75275,0.13333333333333333,28.0,0.0493774945050957
9732,2021-01-13,Genesee,39,3459,791,76066,0.0493046776232617,22.0,0.044593609351939976
9733,2021-01-14,Genesee,47,3506,886,76952,0.05304740406320542,21.0,0.04043171902694474
9734,2021-01-15,Genesee,60,3566,984,77936,0.06097560975609756,21.0,0.039487325387469664
9735,2021-01-16,Genesee,64,3630,463,78399,0.13822894168466524,23.0,0.042971568273202636
9736,2021-01-17,Genesee,21,3651,365,78764,0.057534246575342465,22.0,0.040491021259876754
9737,2021-01-18,Genesee,13,3664,534,79298,0.024344569288389514,20.0,0.036912055880306806
9738,2021-01-19,Genesee,25,3689,348,79646,0.07183908045977011,19.0,0.032519609246480854
9739,2021-01-20,Genesee,63,3752,690,80336,0.09130434782608696,20.0,0.03551958568953981
9740,2021-01-21,Genesee,51,3803,879,81215,0.05802047781569966,21.0,0.03587480524328939
9741,2021-01-22,Genesee,31,3834,568,81783,0.05457746478873239,19.0,0.03541779488847759
9742,2021-01-23,Genesee,21,3855,413,82196,0.05084745762711865,16.0,0.02917626031293855
9743,2021-01-24,Genesee,20,3875,382,82578,0.05235602094240838,16.0,0.028806387053443263
9744,2021-01-25,Genesee,19,3894,568,83146,0.03345070422535211,16.0,0.0294568252632263
9745,2021-01-26,Genesee,19,3913,345,83491,0.05507246376811594,16.0,0.028259209785251007
9746,2021-01-27,Genesee,56,3969,767,84258,0.07301173402868318,15.0,0.02695259451400787
9747,2021-01-28,Genesee,26,3995,640,84898,0.040625,13.0,0.02571006038431504
9748,2021-01-29,Genesee,16,4011,747,85645,0.0214190093708166,12.0,0.023341599283035346
9749,2021-01-30,Genesee,16,4027,392,86037,0.04081632653061224,12.0,0.022625089918999173
9750,2021-01-31,Genesee,8,4035,227,86264,0.03524229074889868,11.0,0.021402680619462766
9751,2021-02-01,Genesee,10,4045,565,86829,0.017699115044247787,10.0,0.020277567106526746
9752,2021-02-02,Genesee,18,4063,236,87065,0.07627118644067797,10.0,0.021791761583138315
9753,2021-02-03,Genesee,22,4085,596,87661,0.03691275167785235,8.0,0.01921326284379326
9754,2021-02-04,Genesee,15,4100,970,88631,0.015463917525773196,7.0,0.017416042667062773
9755,2021-02-05,Genesee,14,4114,562,89193,0.02491103202846975,7.0,0.01766547285689514
9756,2021-02-06,Genesee,6,4120,408,89601,0.014705882352941176,6.0,0.015800441129918637
9757,2021-02-07,Genesee,7,4127,242,89843,0.028925619834710745,6.0,0.015349250350333785
9758,2021-02-08,Genesee,7,4134,273,90116,0.02564102564102564,6.0,0.015916529678675063
9759,2021-02-09,Genesee,9,4143,296,90412,0.030405405405405407,5.0,0.012640402461869876
9760,2021-02-10,Genesee,16,4159,605,91017,0.026446280991735537,5.0,0.011892797412861532
9761,2021-02-11,Genesee,9,4168,540,91557,0.016666666666666666,4.0,0.011978708065782493
9762,2021-02-12,Genesee,14,4182,475,92032,0.029473684210526315,4.0,0.012304611793072249
9763,2021-02-13,Genesee,10,4192,392,92424,0.025510204081632654,5.0,0.013076349059407355
9764,2021-02-14,Genesee,4,4196,218,92642,0.01834862385321101,4.0,0.012320849346443088
9765,2021-02-15,Genesee,8,4204,331,92973,0.02416918429003021,5.0,0.012215717821371985
9766,2021-02-16,Genesee,5,4209,170,93143,0.029411764705882353,4.0,0.012144743485691768
9767,2021-02-17,Genesee,32,4241,347,93490,0.09221902017291066,5.0,0.016842796284347133
9768,2021-02-18,Genesee,16,4257,849,94339,0.01884570082449941,6.0,0.016998441581335184
9769,2021-02-19,Genesee,15,4272,540,94879,0.027777777777777776,6.0,0.016877305407567433
9770,2021-02-20,Genesee,21,4293,418,95297,0.050239234449760764,7.0,0.018643664719576587
9771,2021-02-21,Genesee,22,4315,272,95569,0.08088235294117647,8.0,0.02311035965443126
9772,2021-02-22,Genesee,5,4320,437,96006,0.011441647597254004,8.0,0.02220124989066153
9773,2021-02-23,Genesee,15,4335,375,96381,0.04,9.0,0.022957552411669933
9774,2021-02-24,Genesee,37,4372,776,97157,0.04768041237113402,9.0,0.019776223282971607
9775,2021-02-25,Genesee,6,4378,798,97955,0.007518796992481203,8.0,0.018967158723541735
9776,2021-02-26,Genesee,17,4395,708,98663,0.02401129943502825,8.0,0.01869812455620248
9777,2021-02-27,Genesee,11,4406,467,99130,0.023554603854389723,8.0,0.016792079513675975
9778,2021-02-28,Genesee,5,4411,268,99398,0.018656716417910446,6.0,0.012347391190585545
9779,2021-03-01,Genesee,9,4420,504,99902,0.017857142857142856,7.0,0.01280564085200618
9780,2021-03-02,Genesee,15,4435,358,100260,0.04189944134078212,7.0,0.012941315233490616
9781,2021-03-03,Genesee,15,4450,691,100951,0.02170767004341534,5.0,0.011086119352939282
9782,2021-03-04,Genesee,9,4459,614,101565,0.014657980456026058,5.0,0.01159606102890677
9783,2021-03-05,Genesee,14,4473,771,102336,0.018158236057068743,5.0,0.011177985073338236
9784,2021-03-06,Genesee,10,4483,398,102734,0.02512562814070352,5.0,0.011290201093789221
9785,2021-03-07,Genesee,8,4491,281,103015,0.028469750889679714,5.0,0.011991132127487024
9786,2021-03-08,Genesee,4,4495,489,103504,0.0081799591002045,5.0,0.011299904716277145
9787,2021-03-09,Genesee,13,4508,273,103777,0.047619047619047616,5.0,0.011708448021867534
9788,2021-03-10,Genesee,23,4531,659,104436,0.03490136570561457,5.0,0.012650854854881766
9789,2021-03-11,Genesee,17,4548,699,105135,0.024320457796852647,6.0,0.013341031807797948
9790,2021-03-12,Genesee,10,4558,590,105725,0.01694915254237288,6.0,0.013254668699605388
9791,2021-03-13,Genesee,16,4574,440,106165,0.03636363636363636,6.0,0.014057383572672019
9792,2021-03-14,Genesee,9,4583,274,106439,0.032846715328467155,6.0,0.014370023889728268
9793,2021-03-15,Genesee,10,4593,431,106870,0.02320185614849188,7.0,0.015443016536034507
9794,2021-03-16,Genesee,4,4597,389,107259,0.010282776349614395,6.0,0.01277614001678928
9795,2021-03-17,Genesee,27,4624,449,107708,0.060133630289532294,6.0,0.014578444629926262
9796,2021-03-18,Genesee,19,4643,616,108324,0.030844155844155844,6.0,0.01504442306187649
9797,2021-03-19,Genesee,11,4654,666,108990,0.016516516516516516,6.0,0.015013520488601035
9798,2021-03-20,Genesee,15,4669,476,109466,0.031512605042016806,6.0,0.01466701825134249
9799,2021-03-21,Genesee,4,4673,139,109605,0.02877697841726619,6.0,0.014376322757685278
9800,2021-03-22,Genesee,7,4680,411,110016,0.0170316301703163,6.0,0.013935592330672738
9801,2021-03-23,Genesee,5,4685,332,110348,0.015060240963855422,6.0,0.014276839803118526
9802,2021-03-24,Genesee,24,4709,569,110917,0.0421792618629174,6.0,0.012994384915503176
9803,2021-03-25,Genesee,14,4723,731,111648,0.019151846785225718,5.0,0.012159219982722453
9804,2021-03-26,Genesee,16,4739,658,112306,0.0243161094224924,6.0,0.01271633376172073
9805,2021-03-27,Genesee,13,4752,489,112795,0.026584867075664622,5.0,0.012364352478409862
9806,2021-03-28,Genesee,8,4760,328,113123,0.024390243902439025,6.0,0.012051014298779349
9807,2021-03-29,Genesee,9,4769,448,113571,0.020089285714285716,6.0,0.012269418266205737
9808,2021-03-30,Genesee,17,4786,410,113981,0.041463414634146344,7.0,0.014155359242655088
9809,2021-03-31,Genesee,12,4798,357,114338,0.03361344537815126,6.0,0.013543515208028935
9810,2021-04-01,Genesee,11,4809,742,115080,0.014824797843665768,6.0,0.013234440283631797
9811,2021-04-02,Genesee,25,4834,684,115764,0.03654970760233918,6.0,0.014108268725049422
9812,2021-04-03,Genesee,19,4853,389,116153,0.04884318766066838,7.0,0.015698148766835406
9813,2021-04-04,Genesee,18,4871,250,116403,0.072,7.0,0.019098845630946902
9814,2021-04-05,Genesee,7,4878,431,116834,0.016241299303944315,7.0,0.01882398945877966
9815,2021-04-06,Genesee,13,4891,412,117246,0.03155339805825243,7.0,0.018116131131930096
9816,2021-04-07,Genesee,24,4915,589,117835,0.04074702886247878,8.0,0.01862567280938206
9817,2021-04-08,Genesee,30,4945,901,118736,0.033296337402885685,9.0,0.01994506849218348
9818,2021-04-09,Genesee,20,4965,631,119367,0.03169572107765452,9.0,0.01959835516899172
9819,2021-04-10,Genesee,22,4987,512,119879,0.04296875,9.0,0.019178752478943982
9820,2021-04-11,Genesee,9,4996,214,120093,0.04205607476635514,8.0,0.017039900676540775
9821,2021-04-12,Genesee,9,5005,568,120661,0.01584507042253521,9.0,0.017011598613582982
9822,2021-04-13,Genesee,9,5014,413,121074,0.021791767554479417,8.0,0.01631433929188491
9823,2021-04-14,Genesee,14,5028,721,121795,0.019417475728155338,8.0,0.014790799782290377
9824,2021-04-15,Genesee,8,5036,544,122339,0.014705882352941176,6.0,0.01346291013586577
9825,2021-04-16,Genesee,18,5054,595,122934,0.030252100840336135,6.0,0.013359794404628745
9826,2021-04-17,Genesee,11,5065,428,123362,0.02570093457943925,5.0,0.012126379017445834
9827,2021-04-18,Genesee,12,5077,204,123566,0.058823529411764705,5.0,0.013324054349260803
9828,2021-04-19,Genesee,11,5088,535,124101,0.020560747663551402,5.0,0.013660888437904816
9829,2021-04-20,Genesee,14,5102,570,124671,0.02456140350877193,6.0,0.013858719577497139
9830,2021-04-21,Genesee,15,5117,694,125365,0.021613832853025938,6.0,0.01401560222927361
9831,2021-04-22,Genesee,14,5131,619,125984,0.022617124394184167,6.0,0.014580690946505253
9832,2021-04-23,Genesee,12,5143,522,126506,0.022988505747126436,6.0,0.0140618627255617
9833,2021-04-24,Genesee,9,5152,444,126950,0.02027027027027027,6.0,0.013673958132049632
9834,2021-04-25,Genesee,4,5156,245,127195,0.0163265306122449,5.0,0.010638458217798217
9835,2021-04-26,Genesee,10,5166,594,127789,0.016835016835016835,5.0,0.010372334587188605
9836,2021-04-27,Genesee,9,5175,301,128090,0.029900332225913623,5.0,0.010753686638413012
9837,2021-04-28,Genesee,19,5194,633,128723,0.030015797788309637,5.0,0.011353826990933276
9838,2021-04-29,Genesee,6,5200,464,129187,0.01293103448275862,4.0,0.010661963425831452
9839,2021-04-30,Genesee,21,5221,550,129737,0.038181818181818185,5.0,0.011747200028309436
9840,2021-05-01,Genesee,7,5228,655,130392,0.010687022900763359,5.0,0.01106268235905894
9841,2021-05-02,Genesee,10,5238,275,130667,0.03636363636363636,5.0,0.012493904198444043
9842,2021-05-03,Genesee,10,5248,478,131145,0.02092050209205021,5.0,0.012785724573946427
9843,2021-05-04,Genesee,12,5260,402,131547,0.029850746268656716,6.0,0.01278218271985665
9844,2021-05-05,Genesee,8,5268,697,132244,0.011477761836441894,5.0,0.011458037294723238
9845,2021-05-06,Genesee,18,5286,509,132753,0.03536345776031434,6.0,0.013060353243120076
9846,2021-05-07,Genesee,9,5295,750,133503,0.012,5.0,0.011190223372990207
9847,2021-05-08,Genesee,15,5310,375,133878,0.04,5.0,0.013284007451507108
9848,2021-05-09,Genesee,6,5316,228,134106,0.02631578947368421,5.0,0.012566304102224812
9849,2021-05-10,Genesee,3,5319,325,134431,0.009230769230769232,5.0,0.011731323183561886
9850,2021-05-11,Genesee,3,5322,479,134910,0.006263048016701462,4.0,0.010046487594136509
9851,2021-05-12,Genesee,11,5333,685,135595,0.016058394160583942,4.0,0.010373675617289512
9852,2021-05-13,Genesee,7,5340,487,136082,0.014373716632443531,3.0,0.00887440839387017
9853,2021-05-14,Genesee,8,5348,567,136649,0.014109347442680775,3.0,0.009025076068347368
9854,2021-05-15,Genesee,9,5357,476,137125,0.018907563025210083,3.0,0.007518473427290946
9855,2021-05-16,Genesee,8,5365,252,137377,0.031746031746031744,3.0,0.00790634787531577
9856,2021-05-17,Genesee,3,5368,598,137975,0.005016722408026756,3.0,0.007605344530834164
9857,2021-05-18,Genesee,10,5378,301,138276,0.03322259136212625,4.0,0.009531026198364507
9858,2021-05-19,Genesee,7,5385,635,138911,0.011023622047244094,3.0,0.009171399618840231
9859,2021-05-20,Genesee,6,5391,376,139287,0.015957446808510637,3.0,0.009284523202845023
9860,2021-05-21,Genesee,10,5401,639,139926,0.01564945226917058,3.0,0.009394530690451439
9861,2021-05-22,Genesee,3,5404,293,140219,0.010238907849829351,3.0,0.0087753410350671
9862,2021-05-23,Genesee,0,5404,227,140446,0.0,2.0,0.006507767338921976
9863,2021-05-24,Genesee,3,5407,175,140621,0.017142857142857144,2.0,0.00737391981998129
9864,2021-05-25,Genesee,6,5413,585,141206,0.010256410256410256,2.0,0.005733478312430147
9865,2021-05-26,Genesee,2,5415,569,141775,0.0035149384885764497,2.0,0.005197143772525316
9866,2021-05-27,Genesee,0,5415,412,142187,0.0,1.0,0.004057326143345985
9867,2021-05-28,Genesee,3,5418,427,142614,0.00702576112412178,1.0,0.003441348204413927
9868,2021-05-29,Genesee,3,5421,339,142953,0.008849557522123894,1.0,0.0033421088952921086
9869,2021-05-30,Genesee,0,5421,134,143087,0.0,1.0,0.0033421088952921086
9870,2021-05-31,Genesee,2,5423,78,143165,0.02564102564102564,1.0,0.003949120930875573
9871,2021-06-01,Genesee,2,5425,460,143625,0.004347826086956522,0.0,0.0035270792044860204
9872,2021-06-02,Genesee,1,5426,560,144185,0.0017857142857142857,0.0,0.003403563189995866
9873,2021-06-03,Genesee,1,5427,548,144733,0.0018248175182481751,0.0,0.003533907298442164
9874,2021-06-04,Genesee,3,5430,677,145410,0.004431314623338257,0.0,0.0033485896912433416
9875,2021-06-05,Genesee,1,5431,229,145639,0.004366812227074236,0.0,0.003028393598739794
9876,2021-06-06,Genesee,1,5432,97,145736,0.010309278350515464,0.0,0.003764770623776613
9877,2021-06-07,Genesee,0,5432,590,146326,0.0,0.0,0.0019332687922747813
9878,2021-06-08,Genesee,0,5432,289,146615,0.0,0.0,0.0016227097860636013
9879,2021-06-09,Genesee,2,5434,442,147057,0.004524886877828055,0.0,0.001818364971214585
9880,2021-06-10,Genesee,1,5435,497,147554,0.002012072434607646,0.0,0.0018317403223831186
9881,2021-06-11,Genesee,0,5435,288,147842,0.0,0.0,0.0015152178492875287
9882,2021-06-12,Genesee,0,5435,282,148124,0.0,0.0,0.0012033026902107976
9883,2021-06-13,Genesee,0,5435,126,148250,0.0,0.0,0.00046692566517397865
9884,2021-06-14,Genesee,0,5435,486,148736,0.0,0.0,0.00046692566517397865
9885,2021-06-15,Genesee,0,5435,178,148914,0.0,0.0,0.00046692566517397865
9886,2021-06-16,Genesee,1,5436,238,149152,0.004201680672268907,0.0,0.00044383950763403953
9887,2021-06-17,Genesee,0,5436,328,149480,0.0,0.0,0.00030012004801920766
9888,2021-06-18,Genesee,1,5437,236,149716,0.00423728813559322,0.0,0.0006027834862758662
9889,2021-06-19,Genesee,0,5437,220,149936,0.0,0.0,0.0006027834862758662
9890,2021-06-20,Genesee,1,5438,95,150031,0.010526315789473684,0.0,0.0013546631855239865
9891,2021-06-21,Genesee,1,5439,98,150129,0.01020408163265306,0.0,0.0020835261592849195
9892,2021-06-22,Genesee,0,5439,191,150320,0.0,0.0,0.0020835261592849195
9893,2021-06-23,Genesee,1,5440,223,150543,0.004484304932735426,0.0,0.0021037136064610993
9894,2021-06-24,Genesee,0,5440,188,150731,0.0,0.0,0.0021037136064610993
9895,2021-06-25,Genesee,0,5440,180,150911,0.0,0.0,0.0018010501682044408
9896,2021-06-26,Genesee,0,5440,157,151068,0.0,0.0,0.0018010501682044408
9897,2021-06-27,Genesee,1,5441,83,151151,0.012048192771084338,0.0,0.0019097556668909161
9898,2021-06-28,Genesee,0,5441,121,151272,0.0,0.0,0.001180892693129983
9899,2021-06-29,Genesee,0,5441,121,151393,0.0,0.0,0.001180892693129983
9900,2021-06-30,Genesee,0,5441,167,151560,0.0,0.0,0.0008605851979345956
9901,2021-07-01,Genesee,1,5442,190,151750,0.005263157894736842,0.0,0.0012365250475586556
9902,2021-07-02,Genesee,0,5442,126,151876,0.0,0.0,0.0012365250475586556
9903,2021-07-03,Genesee,0,5442,188,152064,0.0,0.0,0.0012365250475586556
9904,2021-07-04,Genesee,0,5442,86,152150,0.0,0.0,0.0003759398496240601
9905,2021-07-05,Genesee,0,5442,66,152216,0.0,0.0,0.0003759398496240601
9906,2021-07-06,Genesee,0,5442,67,152283,0.0,0.0,0.0003759398496240601
9907,2021-07-07,Genesee,0,5442,101,152384,0.0,0.0,0.0003759398496240601
9908,2021-07-08,Genesee,0,5442,191,152575,0.0,0.0,0.0
9909,2021-07-09,Genesee,0,5442,105,152680,0.0,0.0,0.0
9910,2021-07-10,Genesee,3,5445,150,152830,0.02,0.0,0.0014285714285714286
9911,2021-07-11,Genesee,3,5448,99,152929,0.030303030303030304,0.0,0.0035930735930735933
9912,2021-07-12,Genesee,0,5448,172,153101,0.0,0.0,0.0035930735930735933
9913,2021-07-13,Genesee,0,5448,88,153189,0.0,0.0,0.0035930735930735933
9914,2021-07-14,Genesee,1,5449,127,153316,0.007874015748031496,0.0,0.004155503289361558
9915,2021-07-15,Genesee,0,5449,136,153452,0.0,0.0,0.004155503289361558
9916,2021-07-16,Genesee,0,5449,107,153559,0.0,0.0,0.004155503289361558
9917,2021-07-17,Genesee,0,5449,121,153680,0.0,0.0,0.0027269318607901286
9918,2021-07-18,Genesee,0,5449,48,153728,0.0,0.0,0.000562429696287964
9919,2021-07-19,Genesee,0,5449,57,153785,0.0,0.0,0.000562429696287964
9920,2021-07-20,Genesee,1,5450,103,153888,0.009708737864077669,0.0,0.0012559109722935118
9921,2021-07-21,Genesee,0,5450,88,153976,0.0,0.0,0.0006934812760055478
9922,2021-07-22,Genesee,2,5452,205,154181,0.00975609756097561,0.0,0.0013903453875038056
9923,2021-07-23,Genesee,0,5452,118,154299,0.0,0.0,0.0013903453875038056
9924,2021-07-24,Genesee,1,5453,117,154416,0.008547008547008548,0.0,0.002000845998004416
9925,2021-07-25,Genesee,0,5453,48,154464,0.0,0.0,0.002000845998004416
9926,2021-07-26,Genesee,0,5453,86,154550,0.0,0.0,0.002000845998004416
9927,2021-07-27,Genesee,0,5453,87,154637,0.0,0.0,0.0013073647219988683
9928,2021-07-28,Genesee,3,5456,101,154738,0.0297029702970297,0.0,0.00342900545750099
9929,2021-07-29,Genesee,0,5456,151,154889,0.0,0.0,0.0027321413460027317
9930,2021-07-30,Genesee,1,5457,138,155027,0.007246376811594203,0.0,0.0032497396896880326
9931,2021-07-31,Genesee,2,5459,103,155130,0.019417475728155338,0.0,0.004026201631198517
9932,2021-08-01,Genesee,1,5460,59,155189,0.01694915254237288,0.0,0.005236855384225152
9933,2021-08-02,Genesee,1,5461,89,155278,0.011235955056179775,0.0,0.0060394236025237075
9934,2021-08-03,Genesee,3,5464,138,155416,0.021739130434782608,0.0,0.007592218633579608
9935,2021-08-04,Genesee,2,5466,134,155550,0.014925373134328358,0.0,0.0065366759791009406
9936,2021-08-05,Genesee,3,5469,179,155729,0.01675977653631285,0.0,0.007733802874551858
9937,2020-03-01,Greene,0,0,0,0,,,
9938,2020-03-02,Greene,0,0,0,0,,,
9939,2020-03-03,Greene,0,0,0,0,,,
9940,2020-03-04,Greene,0,0,0,0,,,
9941,2020-03-05,Greene,0,0,0,0,,,
9942,2020-03-06,Greene,0,0,0,0,,,
9943,2020-03-07,Greene,0,0,0,0,,0.0,
9944,2020-03-08,Greene,0,0,0,0,,0.0,
9945,2020-03-09,Greene,0,0,0,0,,0.0,
9946,2020-03-10,Greene,0,0,0,0,,0.0,
9947,2020-03-11,Greene,0,0,3,3,0.0,0.0,
9948,2020-03-12,Greene,0,0,0,3,,0.0,
9949,2020-03-13,Greene,0,0,1,4,0.0,0.0,
9950,2020-03-14,Greene,2,2,8,12,0.25,0.0,
9951,2020-03-15,Greene,0,2,3,15,0.0,0.0,
9952,2020-03-16,Greene,0,2,9,24,0.0,0.0,
9953,2020-03-17,Greene,0,2,8,32,0.0,0.0,
9954,2020-03-18,Greene,0,2,16,48,0.0,0.0,
9955,2020-03-19,Greene,0,2,21,69,0.0,0.0,0.017857142857142856
9956,2020-03-20,Greene,0,2,24,93,0.0,0.0,0.017857142857142856
9957,2020-03-21,Greene,0,2,23,116,0.0,0.0,0.0
9958,2020-03-22,Greene,2,4,32,148,0.0625,0.0,0.004464285714285714
9959,2020-03-23,Greene,0,4,8,156,0.0,0.0,0.004464285714285714
9960,2020-03-24,Greene,0,4,3,159,0.0,0.0,0.004464285714285714
9961,2020-03-25,Greene,1,5,11,170,0.09090909090909091,0.0,0.010957792207792208
9962,2020-03-26,Greene,1,6,11,181,0.09090909090909091,0.0,0.0174512987012987
9963,2020-03-27,Greene,1,7,6,187,0.16666666666666666,0.0,0.029356060606060608
9964,2020-03-28,Greene,0,7,6,193,0.0,0.0,0.029356060606060608
9965,2020-03-29,Greene,3,10,13,206,0.23076923076923078,0.0,0.04137529137529138
9966,2020-03-30,Greene,6,16,15,221,0.4,0.0,0.06994671994671994
9967,2020-03-31,Greene,2,18,9,230,0.2222222222222222,1.0,0.08581973581973582
9968,2020-04-01,Greene,3,21,11,241,0.2727272727272727,1.0,0.0988067488067488
9969,2020-04-02,Greene,2,23,16,257,0.125,1.0,0.10124181374181375
9970,2020-04-03,Greene,1,24,10,267,0.1,1.0,0.09647990897990898
9971,2020-04-04,Greene,0,24,7,274,0.0,1.0,0.09647990897990898
9972,2020-04-05,Greene,0,24,12,286,0.0,1.0,0.07999639249639248
9973,2020-04-06,Greene,0,24,13,299,0.0,0.0,0.05142496392496392
9974,2020-04-07,Greene,1,25,6,305,0.16666666666666666,0.0,0.047456709956709954
9975,2020-04-08,Greene,3,28,29,334,0.10344827586206896,0.0,0.035365353037766833
9976,2020-04-09,Greene,6,34,36,370,0.16666666666666666,0.0,0.038341543513957306
9977,2020-04-10,Greene,3,37,27,397,0.1111111111111111,0.0,0.0391351943076081
9978,2020-04-11,Greene,7,44,40,437,0.175,1.0,0.051635194307608094
9979,2020-04-12,Greene,1,45,14,451,0.07142857142857142,1.0,0.05673723512393462
9980,2020-04-13,Greene,21,66,93,544,0.22580645161290322,3.0,0.07286626738199915
9981,2020-04-14,Greene,7,73,25,569,0.28,3.0,0.08096150547723725
9982,2020-04-15,Greene,1,74,16,585,0.0625,3.0,0.07803662862994662
9983,2020-04-16,Greene,3,77,16,601,0.1875,3.0,0.07952472386804185
9984,2020-04-17,Greene,5,82,28,629,0.17857142857142858,3.0,0.08434331797235024
9985,2020-04-18,Greene,3,85,24,653,0.125,2.0,0.08077188940092166
9986,2020-04-19,Greene,1,86,8,661,0.125,2.0,0.08459842001316656
9987,2020-04-20,Greene,1,87,16,677,0.0625,1.0,0.07293367346938776
9988,2020-04-21,Greene,0,87,15,692,0.0,1.0,0.05293367346938776
9989,2020-04-22,Greene,2,89,25,717,0.08,1.0,0.05418367346938775
9990,2020-04-23,Greene,1,90,31,748,0.03225806451612903,0.0,0.0430949637919684
9991,2020-04-24,Greene,17,107,212,960,0.08018867924528301,1.0,0.03606762455438657
9992,2020-04-25,Greene,3,110,36,996,0.08333333333333333,1.0,0.0330914340781961
9993,2020-04-26,Greene,1,111,25,1021,0.04,1.0,0.027020005506767527
9994,2020-04-27,Greene,1,112,20,1041,0.05,1.0,0.026127148363910387
9995,2020-04-28,Greene,2,114,24,1065,0.08333333333333333,1.0,0.032079529316291336
9996,2020-04-29,Greene,17,131,59,1124,0.288135593220339,3.0,0.04694635740345841
9997,2020-04-30,Greene,8,139,47,1171,0.1702127659574468,3.0,0.05680026464926684
9998,2020-05-01,Greene,3,142,36,1207,0.08333333333333333,2.0,0.057024882798413286
9999,2020-05-02,Greene,9,151,32,1239,0.28125,2.0,0.07116178756031803
10000,2020-05-03,Greene,3,154,34,1273,0.08823529411764706,3.0,0.07460716571157854
10001,2020-05-04,Greene,12,166,36,1309,0.3333333333333333,3.0,0.09484526094967378
10002,2020-05-05,Greene,22,188,84,1393,0.2619047619047619,5.0,0.1076003629904901
10003,2020-05-06,Greene,10,198,55,1448,0.18181818181818182,4.0,0.10000626217605031
10004,2020-05-07,Greene,1,199,34,1482,0.029411764705882353,4.0,0.08994904780093856
10005,2020-05-08,Greene,5,204,45,1527,0.1111111111111111,4.0,0.09193317478506553
10006,2020-05-09,Greene,2,206,44,1571,0.045454545454545456,3.0,0.07509064231753307
10007,2020-05-10,Greene,0,206,14,1585,0.0,3.0,0.06878812130912972
10008,2020-05-11,Greene,0,206,28,1613,0.0,2.0,0.04497859749960591
10009,2020-05-12,Greene,0,206,41,1654,0.0,1.0,0.026271114506408625
10010,2020-05-13,Greene,1,207,46,1700,0.021739130434782608,0.0,0.014836896550451537
10011,2020-05-14,Greene,2,209,64,1764,0.03125,0.0,0.01496819907145994
10012,2020-05-15,Greene,2,211,49,1813,0.04081632653061224,0.0,0.009947143029995735
10013,2020-05-16,Greene,1,212,43,1856,0.023255813953488372,0.0,0.008361519351348802
10014,2020-05-17,Greene,1,213,33,1889,0.030303030303030304,0.0,0.010526021515850966
10015,2020-05-18,Greene,1,214,26,1915,0.038461538461538464,0.0,0.013273274263103716
10016,2020-05-19,Greene,1,215,189,2104,0.005291005291005291,0.0,0.013651203212461235
10017,2020-05-20,Greene,0,215,44,2148,0.0,0.0,0.012098408181405335
10018,2020-05-21,Greene,0,215,48,2196,0.0,0.0,0.009866265324262477
10019,2020-05-22,Greene,2,217,69,2265,0.028985507246376812,0.0,0.009021206803959946
10020,2020-05-23,Greene,3,220,55,2320,0.05454545454545454,0.0,0.01125618113195753
10021,2020-05-24,Greene,5,225,35,2355,0.14285714285714285,0.0,0.019295760600108427
10022,2020-05-25,Greene,0,225,24,2379,0.0,0.0,0.016548507852855675
10023,2020-05-26,Greene,6,231,108,2487,0.05555555555555555,1.0,0.020138832871752128
10024,2020-05-27,Greene,5,236,107,2594,0.04672897196261682,1.0,0.023476616583367613
10025,2020-05-28,Greene,1,237,92,2686,0.010869565217391304,1.0,0.02425301409889557
10026,2020-05-29,Greene,1,238,110,2796,0.00909090909090909,1.0,0.02283197137350501
10027,2020-05-30,Greene,0,238,100,2896,0.0,1.0,0.018935867477401114
10028,2020-05-31,Greene,1,239,79,2975,0.012658227848101266,1.0,0.009635944976755286
10029,2020-06-01,Greene,2,241,119,3094,0.01680672268907563,1.0,0.010836425168832117
10030,2020-06-02,Greene,0,241,153,3247,0.0,0.0,0.006868171200578151
10031,2020-06-03,Greene,0,241,130,3377,0.0,0.0,0.0035303874889626636
10032,2020-06-04,Greene,1,242,134,3511,0.007462686567164179,0.0,0.0032870390139464406
10033,2020-06-05,Greene,4,246,181,3692,0.022099447513812154,0.0,0.004216220329868088
10034,2020-06-06,Greene,0,246,117,3809,0.0,0.0,0.004216220329868088
10035,2020-06-07,Greene,1,247,42,3851,0.023809523809523808,0.0,0.005012741469969698
10036,2020-06-08,Greene,1,248,104,3955,0.009615384615384616,0.0,0.0044990744647060545
10037,2020-06-09,Greene,1,249,172,4127,0.005813953488372093,0.0,0.004914356856732632
10038,2020-06-10,Greene,0,249,88,4215,0.0,0.0,0.004914356856732632
10039,2020-06-11,Greene,0,249,82,4297,0.0,0.0,0.004381307816220905
10040,2020-06-12,Greene,1,250,97,4394,0.010309278350515464,0.0,0.0035391528759854273
10041,2020-06-13,Greene,1,251,128,4522,0.0078125,0.0,0.004097188590271141
10042,2020-06-14,Greene,0,251,110,4632,0.0,0.0,0.0023965083181622976
10043,2020-06-15,Greene,1,252,67,4699,0.014925373134328358,0.0,0.0027757932123725656
10044,2020-06-16,Greene,0,252,196,4895,0.0,0.0,0.0023605108203459874
10045,2020-06-17,Greene,0,252,73,4968,0.0,0.0,0.0023605108203459874
10046,2020-06-18,Greene,2,254,174,5142,0.011494252873563218,0.0,0.00318152888274336
10047,2020-06-19,Greene,1,255,54,5196,0.018518518518518517,0.0,0.003767903180457864
10048,2020-06-20,Greene,1,256,67,5263,0.014925373134328358,0.0,0.0042759655471956036
10049,2020-06-21,Greene,0,256,119,5382,0.0,0.0,0.0042759655471956036
10050,2020-06-22,Greene,0,256,110,5492,0.0,0.0,0.00320986746617215
10051,2020-06-23,Greene,0,256,114,5606,0.0,0.0,0.00320986746617215
10052,2020-06-24,Greene,1,257,158,5764,0.006329113924050633,0.0,0.0036619470321757664
10053,2020-06-25,Greene,0,257,126,5890,0.0,0.0,0.0028409289697783934
10054,2020-06-26,Greene,3,260,127,6017,0.023622047244094488,0.0,0.003205466735890963
10055,2020-06-27,Greene,0,260,166,6183,0.0,0.0,0.0021393686548675087
10056,2020-06-28,Greene,0,260,58,6241,0.0,0.0,0.0021393686548675087
10057,2020-06-29,Greene,0,260,154,6395,0.0,0.0,0.0021393686548675087
10058,2020-06-30,Greene,0,260,72,6467,0.0,0.0,0.0021393686548675087
10059,2020-07-01,Greene,0,260,195,6662,0.0,0.0,0.001687289088863892
10060,2020-07-02,Greene,3,263,99,6761,0.030303030303030304,0.0,0.0038517912533660567
10061,2020-07-03,Greene,0,263,106,6867,0.0,0.0,0.0021645021645021645
10062,2020-07-04,Greene,0,263,156,7023,0.0,0.0,0.0021645021645021645
10063,2020-07-05,Greene,0,263,115,7138,0.0,0.0,0.0021645021645021645
10064,2020-07-06,Greene,0,263,177,7315,0.0,0.0,0.0021645021645021645
10065,2020-07-07,Greene,0,263,151,7466,0.0,0.0,0.0021645021645021645
10066,2020-07-08,Greene,0,263,149,7615,0.0,0.0,0.0021645021645021645
10067,2020-07-09,Greene,1,264,329,7944,0.00303951367781155,0.0,0.00021710811984368216
10068,2020-07-10,Greene,1,265,143,8087,0.006993006993006993,0.0,0.0007166086193441816
10069,2020-07-11,Greene,1,266,55,8142,0.01818181818181818,0.0,0.00201530991804548
10070,2020-07-12,Greene,0,266,56,8198,0.0,0.0,0.00201530991804548
10071,2020-07-13,Greene,1,267,104,8302,0.009615384615384616,0.0,0.002702123104858667
10072,2020-07-14,Greene,4,271,127,8429,0.031496062992125984,0.0,0.004951841890010523
10073,2020-07-15,Greene,0,271,133,8562,0.0,0.0,0.004951841890010523
10074,2020-07-16,Greene,0,271,219,8781,0.0,0.0,0.0047347337701668405
10075,2020-07-17,Greene,0,271,147,8928,0.0,0.0,0.0042352332706663415
10076,2020-07-18,Greene,1,272,30,8958,0.03333333333333333,0.0,0.005317484352917423
10077,2020-07-19,Greene,0,272,51,9009,0.0,0.0,0.005317484352917423
10078,2020-07-20,Greene,0,272,148,9157,0.0,0.0,0.0046306711661042365
10079,2020-07-21,Greene,0,272,110,9267,0.0,0.0,0.0023809523809523807
10080,2020-07-22,Greene,1,273,80,9347,0.0125,0.0,0.003273809523809524
10081,2020-07-23,Greene,5,278,212,9559,0.02358490566037736,0.0,0.004958445642407906
10082,2020-07-24,Greene,1,279,110,9669,0.00909090909090909,0.0,0.005607796291758556
10083,2020-07-25,Greene,2,281,59,9728,0.03389830508474576,0.0,0.0056481514168594425
10084,2020-07-26,Greene,1,282,48,9776,0.020833333333333332,0.0,0.007136246654954681
10085,2020-07-27,Greene,1,283,100,9876,0.01,0.0,0.007850532369240397
10086,2020-07-28,Greene,2,285,78,9954,0.02564102564102564,0.0,0.00968203420074223
10087,2020-07-29,Greene,2,287,146,10100,0.0136986301369863,1.0,0.009767650639098392
10088,2020-07-30,Greene,2,289,213,10313,0.009389671361502348,0.0,0.00875370533203589
10089,2020-07-31,Greene,0,289,189,10502,0.0,0.0,0.008104354682685241
10090,2020-08-01,Greene,0,289,54,10556,0.0,0.0,0.005683047176631974
10091,2020-08-02,Greene,0,289,76,10632,0.0,0.0,0.004194951938536735
10092,2020-08-03,Greene,0,289,132,10764,0.0,0.0,0.003480666224251021
10093,2020-08-04,Greene,0,289,163,10927,0.0,0.0,0.0016491643927491891
10094,2020-08-05,Greene,1,290,107,11034,0.009345794392523364,0.0,0.0013382475538589792
10095,2020-08-06,Greene,1,291,149,11183,0.006711409395973154,0.0,0.0011469431277497512
10096,2020-08-07,Greene,0,291,94,11277,0.0,0.0,0.0011469431277497512
10097,2020-08-08,Greene,1,292,83,11360,0.012048192771084338,0.0,0.002007528325684347
10098,2020-08-09,Greene,1,293,61,11421,0.01639344262295082,0.0,0.003178488513037977
10099,2020-08-10,Greene,1,294,151,11572,0.006622516556291391,0.0,0.0036515254099159333
10100,2020-08-11,Greene,1,295,136,11708,0.007352941176470588,0.0,0.004176735493949547
10101,2020-08-12,Greene,1,296,89,11797,0.011235955056179775,0.0,0.004311746969925004
10102,2020-08-13,Greene,0,296,208,12005,0.0,0.0,0.0038323605844983503
10103,2020-08-14,Greene,1,297,240,12245,0.004166666666666667,0.0,0.004129979632117398
10104,2020-08-15,Greene,1,298,133,12378,0.007518796992481203,0.0,0.0038064513622171744
10105,2020-08-16,Greene,0,298,45,12423,0.0,0.0,0.0026354911748635444
10106,2020-08-17,Greene,2,300,269,12692,0.007434944237918215,0.0,0.0026935217235511746
10107,2020-08-18,Greene,0,300,235,12927,0.0,0.0,0.0021683116395175613
10108,2020-08-19,Greene,1,301,164,13091,0.006097560975609756,0.0,0.0018012834909054173
10109,2020-08-20,Greene,3,304,293,13384,0.010238907849829351,0.0,0.0025326340516075136
10110,2020-08-21,Greene,1,305,137,13521,0.0072992700729927005,0.0,0.0027563914377736584
10111,2020-08-22,Greene,0,305,97,13618,0.0,0.0,0.002219334509739287
10112,2020-08-23,Greene,0,305,49,13667,0.0,0.0,0.002219334509739287
10113,2020-08-24,Greene,0,305,101,13768,0.0,0.0,0.0016882670641737002
10114,2020-08-25,Greene,1,306,101,13869,0.009900990099009901,0.0,0.002395480642674408
10115,2020-08-26,Greene,0,306,182,14051,0.0,0.0,0.0019599405729879968
10116,2020-08-27,Greene,0,306,241,14292,0.0,0.0,0.0012285900122859
10117,2020-08-28,Greene,1,307,228,14520,0.0043859649122807015,0.0,0.0010204967865207572
10118,2020-08-29,Greene,0,307,147,14667,0.0,0.0,0.0010204967865207572
10119,2020-08-30,Greene,0,307,85,14752,0.0,0.0,0.0010204967865207572
10120,2020-08-31,Greene,2,309,138,14890,0.014492753623188406,0.0,0.002055693473891358
10121,2020-09-01,Greene,1,310,107,14997,0.009345794392523364,0.0,0.002016036637713748
10122,2020-09-02,Greene,0,310,186,15183,0.0,0.0,0.002016036637713748
10123,2020-09-03,Greene,3,313,198,15381,0.015151515151515152,0.0,0.0030982877199648303
10124,2020-09-04,Greene,0,313,114,15495,0.0,0.0,0.00278500451194478
10125,2020-09-05,Greene,1,314,105,15600,0.009523809523809525,0.0,0.0034652766207883177
10126,2020-09-06,Greene,0,314,41,15641,0.0,0.0,0.0034652766207883177
10127,2020-09-07,Greene,2,316,140,15781,0.014285714285714285,0.0,0.0034504880966830234
10128,2020-09-08,Greene,0,316,123,15904,0.0,0.0,0.0027829313543599257
10129,2020-09-09,Greene,1,317,86,15990,0.011627906976744186,0.0,0.0036134961384130817
10130,2020-09-10,Greene,0,317,233,16223,0.0,0.0,0.0025312450561619996
10131,2020-09-11,Greene,0,317,136,16359,0.0,0.0,0.0025312450561619996
10132,2020-09-12,Greene,1,318,221,16580,0.004524886877828055,0.0,0.002174179152877609
10133,2020-09-13,Greene,0,318,42,16622,0.0,0.0,0.002174179152877609
10134,2020-09-14,Greene,0,318,127,16749,0.0,0.0,0.001153770989612303
10135,2020-09-15,Greene,0,318,106,16855,0.0,0.0,0.001153770989612303
10136,2020-09-16,Greene,1,319,215,17070,0.004651162790697674,0.0,0.0006554321191804093
10137,2020-09-17,Greene,0,319,200,17270,0.0,0.0,0.0006554321191804093
10138,2020-09-18,Greene,0,319,176,17446,0.0,0.0,0.0006554321191804093
10139,2020-09-19,Greene,0,319,123,17569,0.0,0.0,0.0003322259136212625
10140,2020-09-20,Greene,1,320,56,17625,0.017857142857142856,0.0,0.001607736117702895
10141,2020-09-21,Greene,1,321,94,17719,0.010638297872340425,0.0,0.0023676145371557826
10142,2020-09-22,Greene,0,321,103,17822,0.0,0.0,0.0023676145371557826
10143,2020-09-23,Greene,0,321,184,18006,0.0,0.0,0.0020353886235345204
10144,2020-09-24,Greene,2,323,268,18274,0.007462686567164179,0.0,0.0025684376640462475
10145,2020-09-25,Greene,0,323,102,18376,0.0,0.0,0.0025684376640462475
10146,2020-09-26,Greene,0,323,114,18490,0.0,0.0,0.0025684376640462475
10147,2020-09-27,Greene,0,323,62,18552,0.0,0.0,0.0012929274599646145
10148,2020-09-28,Greene,0,323,78,18630,0.0,0.0,0.0005330490405117271
10149,2020-09-29,Greene,2,325,181,18811,0.011049723756906077,0.0,0.0013223150231478754
10150,2020-09-30,Greene,3,328,254,19065,0.011811023622047244,0.0,0.0021659595675798215
10151,2020-10-01,Greene,6,334,192,19257,0.03125,0.0,0.0038650533842109515
10152,2020-10-02,Greene,6,340,205,19462,0.02926829268292683,1.0,0.005955645718705725
10153,2020-10-03,Greene,7,347,194,19656,0.03608247422680412,1.0,0.00853296530633459
10154,2020-10-04,Greene,1,348,167,19823,0.005988023952095809,1.0,0.008960681302912863
10155,2020-10-05,Greene,5,353,128,19951,0.0390625,2.0,0.011750859874341435
10156,2020-10-06,Greene,13,366,198,20149,0.06565656565656566,2.0,0.015651348581459976
10157,2020-10-07,Greene,6,372,283,20432,0.02120141342756184,3.0,0.016322090710425303
10158,2020-10-08,Greene,5,377,266,20698,0.018796992481203006,3.0,0.015432590173368373
10159,2020-10-09,Greene,2,379,344,21042,0.005813953488372093,2.0,0.01375728023090018
10160,2020-10-10,Greene,4,383,211,21253,0.018957345971563982,2.0,0.012534056784097313
10161,2020-10-11,Greene,5,388,188,21441,0.026595744680851064,2.0,0.014006036836151259
10162,2020-10-12,Greene,41,429,345,21786,0.11884057971014493,5.0,0.01970447110116161
10163,2020-10-13,Greene,17,446,310,22096,0.054838709677419356,5.0,0.01893176710265116
10164,2020-10-14,Greene,8,454,385,22481,0.02077922077922078,5.0,0.018901610484912516
10165,2020-10-15,Greene,10,464,330,22811,0.030303030303030304,6.0,0.01972347032932875
10166,2020-10-16,Greene,1,465,314,23125,0.0031847133757961785,6.0,0.019535667464144757
10167,2020-10-17,Greene,7,472,176,23301,0.03977272727272727,6.0,0.02102248041422785
10168,2020-10-18,Greene,2,474,96,23397,0.020833333333333332,6.0,0.02061087960369087
10169,2020-10-19,Greene,3,477,126,23523,0.023809523809523808,3.0,0.01382294703936079
10170,2020-10-20,Greene,5,482,203,23726,0.024630541871921183,2.0,0.01166522076753949
10171,2020-10-21,Greene,5,487,240,23966,0.020833333333333332,2.0,0.011669085949976102
10172,2020-10-22,Greene,1,488,303,24269,0.0033003300330033004,1.0,0.009740321644974171
10173,2020-10-23,Greene,1,489,287,24556,0.003484320557491289,1.0,0.009761722157952393
10174,2020-10-24,Greene,1,490,142,24698,0.007042253521126761,1.0,0.007423831175695214
10175,2020-10-25,Greene,5,495,197,24895,0.025380710659898477,1.0,0.007748643841878439
10176,2020-10-26,Greene,6,501,274,25169,0.021897810218978103,1.0,0.007612092871125174
10177,2020-10-27,Greene,4,505,191,25360,0.020942408376963352,1.0,0.007348654764342473
10178,2020-10-28,Greene,2,507,255,25615,0.00784313725490196,1.0,0.006420783615883089
10179,2020-10-29,Greene,3,510,169,25784,0.01775147928994083,1.0,0.007453008562807198
10180,2020-10-30,Greene,5,515,435,26219,0.011494252873563218,1.0,0.008025146585383764
10181,2020-10-31,Greene,1,516,303,26522,0.0033003300330033004,1.0,0.007757866336232088
10182,2020-11-01,Greene,1,517,256,26778,0.00390625,1.0,0.006223976289096483
10183,2020-11-02,Greene,1,518,319,27097,0.003134796238244514,1.0,0.004883761004758369
10184,2020-11-03,Greene,5,523,528,27625,0.00946969696969697,1.0,0.004064281618525056
10185,2020-11-04,Greene,0,523,193,27818,0.0,1.0,0.003504057528889202
10186,2020-11-05,Greene,4,527,252,28070,0.015873015873015872,1.0,0.003369881570537419
10187,2020-11-06,Greene,25,552,332,28402,0.07530120481927711,2.0,0.00792752099523127
10188,2020-11-07,Greene,3,555,128,28530,0.0234375,2.0,0.009365890278588177
10189,2020-11-08,Greene,3,558,73,28603,0.0410958904109589,2.0,0.012022293165085239
10190,2020-11-09,Greene,5,563,267,28870,0.018726591760299626,3.0,0.013135992845232035
10191,2020-11-10,Greene,1,564,208,29078,0.004807692307692308,2.0,0.012802992512231702
10192,2020-11-11,Greene,10,574,303,29381,0.033003300330033,3.0,0.015160371107234059
10193,2020-11-12,Greene,4,578,324,29705,0.012345679012345678,3.0,0.014908418474329043
10194,2020-11-13,Greene,5,583,226,29931,0.022123893805309734,2.0,0.011110039116188518
10195,2020-11-14,Greene,2,585,93,30024,0.021505376344086023,2.0,0.010972030283623233
10196,2020-11-15,Greene,2,587,147,30171,0.013605442176870748,2.0,0.009008426838331222
10197,2020-11-16,Greene,6,593,245,30416,0.024489795918367346,2.0,0.009420084278193203
10198,2020-11-17,Greene,3,596,193,30609,0.015544041450777202,2.0,0.010186966359842124
10199,2020-11-18,Greene,4,600,288,30897,0.013888888888888888,1.0,0.008821651256903259
10200,2020-11-19,Greene,4,604,140,31037,0.02857142857142857,1.0,0.009980633368266323
10201,2020-11-20,Greene,18,622,311,31348,0.05787781350482315,2.0,0.012534484775374421
10202,2020-11-21,Greene,4,626,107,31455,0.037383177570093455,2.0,0.013668613434374952
10203,2020-11-22,Greene,7,633,387,31842,0.01808785529715762,3.0,0.013988785800109732
10204,2020-11-23,Greene,13,646,337,32179,0.03857566765578635,3.0,0.014994919495639662
10205,2020-11-24,Greene,9,655,288,32467,0.03125,4.0,0.016116773677727004
10206,2020-11-25,Greene,6,661,155,32622,0.03870967741935484,4.0,0.01788968714418886
10207,2020-11-26,Greene,14,675,178,32800,0.07865168539325842,5.0,0.02146684834574813
10208,2020-11-27,Greene,10,685,266,33066,0.03759398496240601,4.0,0.020018003449861193
10209,2020-11-28,Greene,3,688,128,33194,0.0234375,4.0,0.019021883623425946
10210,2020-11-29,Greene,7,695,359,33553,0.019498607242339833,4.0,0.01912265161951039
10211,2020-11-30,Greene,15,710,416,33969,0.036057692307692304,4.0,0.01894279623750367
10212,2020-12-01,Greene,10,720,217,34186,0.04608294930875576,4.0,0.02000229261670051
10213,2020-12-02,Greene,14,734,312,34498,0.04487179487179487,5.0,0.020442443863303374
10214,2020-12-03,Greene,24,758,280,34778,0.08571428571428572,5.0,0.020946915314805324
10215,2020-12-04,Greene,27,785,404,35182,0.06683168316831684,7.0,0.023035322329513237
10216,2020-12-05,Greene,8,793,205,35387,0.03902439024390244,7.0,0.024148671632649128
10217,2020-12-06,Greene,9,802,154,35541,0.05844155844155844,7.0,0.026930311004021882
10218,2020-12-07,Greene,8,810,262,35803,0.030534351145038167,7.0,0.026535786635260877
10219,2020-12-08,Greene,15,825,180,35983,0.08333333333333333,7.0,0.029196528351302133
10220,2020-12-09,Greene,7,832,151,36134,0.046357615894039736,7.0,0.029302658424319616
10221,2020-12-10,Greene,11,843,263,36397,0.04182509505703422,6.0,0.02616771623451594
10222,2020-12-11,Greene,15,858,411,36808,0.0364963503649635,5.0,0.024000906748562128
10223,2020-12-12,Greene,12,870,290,37098,0.041379310344827586,5.0,0.024169115327199644
10224,2020-12-13,Greene,11,881,206,37304,0.05339805825242718,5.0,0.023808865313690263
10225,2020-12-14,Greene,13,894,259,37563,0.05019305019305019,6.0,0.025213058102833977
10226,2020-12-15,Greene,20,914,259,37822,0.07722007722007722,6.0,0.02477639695188712
10227,2020-12-16,Greene,8,922,341,38163,0.02346041055718475,6.0,0.023140882284968904
10228,2020-12-17,Greene,31,953,351,38514,0.08831908831908832,7.0,0.026461881803687054
10229,2020-12-18,Greene,16,969,332,38846,0.04819277108433735,7.0,0.027297340426499474
10230,2020-12-19,Greene,18,987,257,39103,0.07003891050583658,8.0,0.029344454723714396
10231,2020-12-20,Greene,12,999,184,39287,0.06521739130434782,8.0,0.030188692798851585
10232,2020-12-21,Greene,17,1016,201,39488,0.0845771144278607,8.0,0.03264469738705234
10233,2020-12-22,Greene,15,1031,245,39733,0.061224489795918366,8.0,0.031502155428183846
10234,2020-12-23,Greene,31,1062,406,40139,0.07635467980295567,10.0,0.03528031751716749
10235,2020-12-24,Greene,53,1115,370,40509,0.14324324324324325,11.0,0.039203471440321415
10236,2020-12-25,Greene,19,1134,322,40831,0.059006211180124224,11.0,0.0399758600185919
10237,2020-12-26,Greene,20,1154,228,41059,0.08771929824561403,11.0,0.04123874485714742
10238,2020-12-27,Greene,34,1188,229,41288,0.14847161572052403,13.0,0.04718547517258858
10239,2020-12-28,Greene,26,1214,246,41534,0.10569105691056911,14.0,0.04869361392135347
10240,2020-12-29,Greene,46,1260,386,41920,0.11917098445595854,16.0,0.052832649254213486
10241,2020-12-30,Greene,62,1322,510,42430,0.12156862745098039,18.0,0.056062216943358105
10242,2020-12-31,Greene,61,1383,437,42867,0.13958810068649885,19.0,0.055801135332162084
10243,2021-01-01,Greene,48,1431,449,43316,0.10690423162583519,21.0,0.05922242250685572
10244,2021-01-02,Greene,31,1462,262,43578,0.1183206106870229,22.0,0.061408230538384935
10245,2021-01-03,Greene,29,1491,274,43852,0.10583941605839416,21.0,0.05836307341966136
10246,2021-01-04,Greene,44,1535,323,44175,0.13622291021671826,22.0,0.060543920084386305
10247,2021-01-05,Greene,49,1584,373,44548,0.13136729222520108,23.0,0.061415084925046486
10248,2021-01-06,Greene,40,1624,494,45042,0.08097165991902834,21.0,0.05851530152990705
10249,2021-01-07,Greene,50,1674,414,45456,0.12077294685990338,20.0,0.057171361970864525
10250,2021-01-08,Greene,45,1719,451,45907,0.09977827050997783,20.0,0.05666236474830329
10251,2021-01-09,Greene,22,1741,351,46258,0.06267806267806268,19.0,0.052687897033377555
10252,2021-01-10,Greene,41,1782,327,46585,0.12538226299694188,20.0,0.05408381467184525
10253,2021-01-11,Greene,53,1835,436,47021,0.12155963302752294,21.0,0.05303643772975986
10254,2021-01-12,Greene,20,1855,295,47316,0.06779661016949153,19.0,0.04849567472578061
10255,2021-01-13,Greene,18,1873,383,47699,0.04699738903394256,17.0,0.046068941091131625
10256,2021-01-14,Greene,56,1929,692,48391,0.08092485549132948,18.0,0.0432226488505192
10257,2021-01-15,Greene,35,1964,623,49014,0.056179775280898875,17.0,0.04010847061987071
10258,2021-01-16,Greene,31,1995,454,49468,0.06828193832599119,18.0,0.040508747451865605
10259,2021-01-17,Greene,30,2025,320,49788,0.09375,17.0,0.03824930009494119
10260,2021-01-18,Greene,33,2058,341,50129,0.0967741935483871,15.0,0.0364789115607172
10261,2021-01-19,Greene,20,2078,361,50490,0.055401662049861494,15.0,0.03559355812360077
10262,2021-01-20,Greene,19,2097,366,50856,0.05191256830601093,16.0,0.03594464235731993
10263,2021-01-21,Greene,43,2140,580,51436,0.07413793103448275,15.0,0.035459862038973736
10264,2021-01-22,Greene,38,2178,463,51899,0.08207343412526998,15.0,0.03730940909928596
10265,2021-01-23,Greene,24,2202,385,52284,0.06233766233766234,14.0,0.03688481795726247
10266,2021-01-24,Greene,18,2220,326,52610,0.05521472392638037,13.0,0.03413229823771822
10267,2021-01-25,Greene,13,2233,254,52864,0.051181102362204724,12.0,0.03087564886727661
10268,2021-01-26,Greene,17,2250,348,53212,0.04885057471264368,12.0,0.03040771405747534
10269,2021-01-27,Greene,30,2280,319,53531,0.09404388714733543,13.0,0.033417093974712805
10270,2021-01-28,Greene,34,2314,458,53989,0.07423580786026202,12.0,0.03342408517655418
10271,2021-01-29,Greene,28,2342,378,54367,0.07407407407407407,11.0,0.032852702315754476
10272,2021-01-30,Greene,14,2356,356,54723,0.03932584269662921,11.0,0.031209000912823536
10273,2021-01-31,Greene,13,2369,242,54965,0.05371900826446281,10.0,0.03110216407982943
10274,2021-02-01,Greene,8,2377,191,55156,0.041884816753926704,10.0,0.03043814367923814
10275,2021-02-02,Greene,9,2386,237,55393,0.0379746835443038,9.0,0.029661294310071
10276,2021-02-03,Greene,20,2406,243,55636,0.0823045267489712,9.0,0.0288227685673307
10277,2021-02-04,Greene,16,2422,350,55986,0.045714285714285714,7.0,0.02678551698547525
10278,2021-02-05,Greene,20,2442,304,56290,0.06578947368421052,7.0,0.02619375981477071
10279,2021-02-06,Greene,15,2457,352,56642,0.04261363636363636,7.0,0.02642860221955693
10280,2021-02-07,Greene,7,2464,213,56855,0.03286384976525822,6.0,0.02493894804104232
10281,2021-02-08,Greene,5,2469,150,57005,0.03333333333333333,6.0,0.024328127796714224
10282,2021-02-09,Greene,10,2479,314,57319,0.03184713375796178,6.0,0.023890445669118365
10283,2021-02-10,Greene,14,2493,376,57695,0.03723404255319149,6.0,0.020671125369419813
10284,2021-02-11,Greene,7,2500,397,58092,0.017632241813602016,5.0,0.01866526509079955
10285,2021-02-12,Greene,13,2513,424,58516,0.030660377358490566,5.0,0.016156043924676698
10286,2021-02-13,Greene,13,2526,242,58758,0.05371900826446281,4.0,0.01694928477473573
10287,2021-02-14,Greene,7,2533,172,58930,0.040697674418604654,4.0,0.017508843678546188
10288,2021-02-15,Greene,6,2539,135,59065,0.044444444444444446,5.0,0.018302494472196982
10289,2021-02-16,Greene,9,2548,293,59358,0.030716723549488054,4.0,0.018221750885877432
10290,2021-02-17,Greene,7,2555,219,59577,0.0319634703196347,4.0,0.017845281440623372
10291,2021-02-18,Greene,11,2566,442,60019,0.024886877828054297,4.0,0.018363469727369967
10292,2021-02-19,Greene,7,2573,251,60270,0.027888446215139442,4.0,0.018165474645702027
10293,2021-02-20,Greene,9,2582,302,60572,0.029801324503311258,4.0,0.016457068662762635
10294,2021-02-21,Greene,2,2584,189,60761,0.010582010582010581,3.0,0.014305949817291627
10295,2021-02-22,Greene,5,2589,113,60874,0.04424778761061947,3.0,0.014291902900589844
10296,2021-02-23,Greene,9,2598,282,61156,0.031914893617021274,3.0,0.014377486476842215
10297,2021-02-24,Greene,11,2609,372,61528,0.02956989247311828,3.0,0.014206516630662473
10298,2021-02-25,Greene,13,2622,340,61868,0.03823529411764706,4.0,0.015159974937061954
10299,2021-02-26,Greene,9,2631,459,62327,0.0196078431372549,4.0,0.01456850328864163
10300,2021-02-27,Greene,7,2638,273,62600,0.02564102564102564,4.0,0.014271339084192659
10301,2021-02-28,Greene,10,2648,193,62793,0.05181347150259067,4.0,0.017216443435662664
10302,2021-03-01,Greene,2,2650,202,62995,0.009900990099009901,4.0,0.014763100756261981
10303,2021-03-02,Greene,20,2670,396,63391,0.050505050505050504,5.0,0.016090969105406923
10304,2021-03-03,Greene,12,2682,397,63788,0.030226700251889168,5.0,0.016137883946747703
10305,2021-03-04,Greene,11,2693,273,64061,0.040293040293040296,5.0,0.016284865816418647
10306,2021-03-05,Greene,7,2700,585,64646,0.011965811965811967,4.0,0.015739006447029868
10307,2021-03-06,Greene,9,2709,234,64880,0.038461538461538464,5.0,0.016654757362780784
10308,2021-03-07,Greene,4,2713,162,65042,0.024691358024691357,4.0,0.014717463542930834
10309,2021-03-08,Greene,3,2716,215,65257,0.013953488372093023,4.0,0.015006927705293912
10310,2021-03-09,Greene,6,2722,328,65585,0.018292682926829267,3.0,0.01270604430684954
10311,2021-03-10,Greene,4,2726,403,65988,0.009925558312655087,3.0,0.011255962739761389
10312,2021-03-11,Greene,37,2763,441,66429,0.08390022675736962,5.0,0.014370761772927771
10313,2021-03-12,Greene,10,2773,433,66862,0.023094688221709007,5.0,0.015165681505491843
10314,2021-03-13,Greene,8,2781,195,67057,0.041025641025641026,5.0,0.015348831688642027
10315,2021-03-14,Greene,3,2784,130,67187,0.023076923076923078,5.0,0.015233514906658582
10316,2021-03-15,Greene,2,2786,178,67365,0.011235955056179775,5.0,0.015039405384093346
10317,2021-03-16,Greene,10,2796,279,67644,0.035842293906810034,5.0,0.016292949025520545
10318,2021-03-17,Greene,10,2806,418,68062,0.023923444976076555,5.0,0.017292798072907793
10319,2021-03-18,Greene,16,2822,367,68429,0.043596730245231606,4.0,0.014413976893469363
10320,2021-03-19,Greene,13,2835,427,68856,0.03044496487119438,4.0,0.014938996654146889
10321,2021-03-20,Greene,12,2847,273,69129,0.04395604395604396,4.0,0.01514831114917567
10322,2021-03-21,Greene,8,2855,143,69272,0.055944055944055944,5.0,0.01749596349682802
10323,2021-03-22,Greene,10,2865,257,69529,0.038910505836575876,5.0,0.01947271712399917
10324,2021-03-23,Greene,19,2884,382,69911,0.049738219895287955,6.0,0.020465283266033307
10325,2021-03-24,Greene,12,2896,340,70251,0.03529411764705882,6.0,0.021277474171103466
10326,2021-03-25,Greene,10,2906,362,70613,0.027624309392265192,6.0,0.02013658696732015
10327,2021-03-26,Greene,14,2920,519,71132,0.02697495183044316,6.0,0.019888728892980777
10328,2021-03-27,Greene,14,2934,253,71385,0.05533596837944664,6.0,0.020701580637509542
10329,2021-03-28,Greene,10,2944,211,71596,0.04739336492890995,6.0,0.020090816993570543
10330,2021-03-29,Greene,6,2950,245,71841,0.024489795918367346,6.0,0.01906076628512707
10331,2021-03-30,Greene,12,2962,314,72155,0.03821656050955414,5.0,0.01823779061471752
10332,2021-03-31,Greene,14,2976,358,72513,0.03910614525139665,5.0,0.01851007830074165
10333,2021-04-01,Greene,10,2986,442,72955,0.02262443438914027,5.0,0.018152944371947012
10334,2021-04-02,Greene,13,2999,514,73469,0.02529182879377432,5.0,0.018032721297899235
10335,2021-04-03,Greene,10,3009,334,73803,0.029940119760479042,5.0,0.01621873211083012
10336,2021-04-04,Greene,5,3014,208,74011,0.02403846153846154,5.0,0.014550524725798092
10337,2021-04-05,Greene,2,3016,190,74201,0.010526315789473684,4.0,0.013553133288019976
10338,2021-04-06,Greene,9,3025,337,74538,0.026706231454005934,4.0,0.01273096692690939
10339,2021-04-07,Greene,4,3029,242,74780,0.01652892561983471,3.0,0.011118308381797821
10340,2021-04-08,Greene,8,3037,405,75185,0.019753086419753086,3.0,0.010913212098270165
10341,2021-04-09,Greene,13,3050,281,75466,0.046263345195729534,3.0,0.012411177555552683
10342,2021-04-10,Greene,11,3061,379,75845,0.029023746701846966,3.0,0.012345722337078962
10343,2021-04-11,Greene,5,3066,172,76017,0.029069767441860465,3.0,0.012705101330178884
10344,2021-04-12,Greene,11,3077,211,76228,0.052132701421800945,4.0,0.01567698601820226
10345,2021-04-13,Greene,4,3081,391,76619,0.010230179028132993,4.0,0.014500125130639908
10346,2021-04-14,Greene,13,3094,284,76903,0.045774647887323945,4.0,0.016589105292603424
10347,2021-04-15,Greene,12,3106,265,77168,0.045283018867924525,4.0,0.018412671896044237
10348,2021-04-16,Greene,12,3118,442,77610,0.027149321266968326,4.0,0.017047384472561298
10349,2021-04-17,Greene,8,3126,477,78087,0.016771488469601678,4.0,0.016172223170258064
10350,2021-04-18,Greene,13,3139,209,78296,0.06220095693779904,5.0,0.018538736705682245
10351,2021-04-19,Greene,15,3154,228,78524,0.06578947368421052,5.0,0.019514220438711503
10352,2021-04-20,Greene,2,3156,450,78974,0.0044444444444444444,5.0,0.019100953682733752
10353,2021-04-21,Greene,27,3183,432,79406,0.0625,6.0,0.02029562169078204
10354,2021-04-22,Greene,6,3189,324,79730,0.018518518518518517,5.0,0.018383871665824468
10355,2021-04-23,Greene,9,3198,422,80152,0.02132701421800948,5.0,0.017967992590898835
10356,2021-04-24,Greene,3,3201,303,80455,0.009900990099009901,5.0,0.017477242707285134
10357,2021-04-25,Greene,4,3205,182,80637,0.02197802197802198,4.0,0.01460417592444392
10358,2021-04-26,Greene,2,3207,232,80869,0.008620689655172414,3.0,0.010520691350941195
10359,2021-04-27,Greene,10,3217,378,81247,0.026455026455026454,4.0,0.012092875780268481
10360,2021-04-28,Greene,14,3231,389,81636,0.03598971722365039,3.0,0.010199284153386366
10361,2021-04-29,Greene,7,3238,276,81912,0.025362318840579712,3.0,0.010688127033533595
10362,2021-04-30,Greene,17,3255,444,82356,0.038288288288288286,4.0,0.01189964660998208
10363,2021-05-01,Greene,11,3266,375,82731,0.029333333333333333,4.0,0.01328767112671947
10364,2021-05-02,Greene,2,3268,195,82926,0.010256410256410256,4.0,0.012450413146604345
10365,2021-05-03,Greene,3,3271,105,83031,0.02857142857142857,4.0,0.013875465926336929
10366,2021-05-04,Greene,8,3279,394,83425,0.02030456852791878,4.0,0.013436147502972094
10367,2021-05-05,Greene,8,3287,307,83732,0.026058631921824105,4.0,0.012726784267127362
10368,2021-05-06,Greene,10,3297,243,83975,0.0411522633744856,4.0,0.013854637448120637
10369,2021-05-07,Greene,14,3311,548,84523,0.025547445255474453,4.0,0.012944577231491077
10370,2021-05-08,Greene,10,3321,248,84771,0.04032258064516129,3.0,0.013729523468050219
10371,2021-05-09,Greene,6,3327,162,84933,0.037037037037037035,4.0,0.015642425380952132
10372,2021-05-10,Greene,7,3334,124,85057,0.056451612903225805,4.0,0.01763386711893765
10373,2021-05-11,Greene,15,3349,414,85471,0.036231884057971016,5.0,0.018771532513941376
10374,2021-05-12,Greene,5,3354,271,85742,0.01845018450184502,4.0,0.018228071983942874
10375,2021-05-13,Greene,6,3360,253,85995,0.023715415019762844,4.0,0.01698258281574839
10376,2021-05-14,Greene,5,3365,362,86357,0.013812154696132596,3.0,0.0161443477757954
10377,2021-05-15,Greene,4,3369,356,86713,0.011235955056179775,3.0,0.01406673166229672
10378,2021-05-16,Greene,1,3370,165,86878,0.006060606060606061,3.0,0.011854129449694509
10379,2021-05-17,Greene,0,3370,168,87046,0.0,2.0,0.00782187138517838
10380,2021-05-18,Greene,7,3377,295,87341,0.023728813559322035,2.0,0.006928794920989166
10381,2021-05-19,Greene,1,3378,300,87641,0.0033333333333333335,1.0,0.005849019837524046
10382,2021-05-20,Greene,3,3381,208,87849,0.014423076923076924,1.0,0.005185281402046479
10383,2021-05-21,Greene,1,3382,240,88089,0.004166666666666667,1.0,0.004496317971370342
10384,2021-05-22,Greene,1,3383,128,88217,0.0078125,1.0,0.004251785467357501
10385,2021-05-23,Greene,3,3386,139,88356,0.02158273381294964,1.0,0.005360508878239185
10386,2021-05-24,Greene,0,3386,70,88426,0.0,1.0,0.005360508878239185
10387,2021-05-25,Greene,2,3388,185,88611,0.010810810810810811,0.0,0.004437794396202671
10388,2021-05-26,Greene,3,3391,234,88845,0.01282051282051282,0.0,0.005115450073858348
10389,2021-05-27,Greene,3,3394,186,89031,0.016129032258064516,0.0,0.005237304026357461
10390,2021-05-28,Greene,1,3395,165,89196,0.006060606060606061,0.0,0.005372585411638846
10391,2021-05-29,Greene,2,3397,120,89316,0.016666666666666666,1.0,0.006005025887829323
10392,2021-05-30,Greene,1,3398,56,89372,0.017857142857142856,0.0,0.0057389122481288374
10393,2021-05-31,Greene,0,3398,33,89405,0.0,0.0,0.0057389122481288374
10394,2021-06-01,Greene,0,3398,106,89511,0.0,0.0,0.004966711475928066
10395,2021-06-02,Greene,0,3398,179,89690,0.0,0.0,0.00405096056017715
10396,2021-06-03,Greene,2,3400,256,89946,0.0078125,0.0,0.0034569225417439703
10397,2021-06-04,Greene,1,3401,242,90188,0.004132231404958678,0.0,0.0033191814949120146
10398,2021-06-05,Greene,0,3401,125,90313,0.0,0.0,0.002128705304435824
10399,2021-06-06,Greene,1,3402,51,90364,0.0196078431372549,0.0,0.002253755324443827
10400,2021-06-07,Greene,0,3402,162,90526,0.0,0.0,0.002253755324443827
10401,2021-06-08,Greene,0,3402,172,90698,0.0,0.0,0.002253755324443827
10402,2021-06-09,Greene,0,3402,146,90844,0.0,0.0,0.002253755324443827
10403,2021-06-10,Greene,0,3402,185,91029,0.0,0.0,0.0016957196101581129
10404,2021-06-11,Greene,0,3402,208,91237,0.0,0.0,0.0014005602240896359
10405,2021-06-12,Greene,0,3402,113,91350,0.0,0.0,0.0014005602240896359
10406,2021-06-13,Greene,1,3403,204,91554,0.004901960784313725,0.0,0.00035014005602240897
10407,2021-06-14,Greene,0,3403,43,91597,0.0,0.0,0.00035014005602240897
10408,2021-06-15,Greene,0,3403,245,91842,0.0,0.0,0.00035014005602240897
10409,2021-06-16,Greene,0,3403,267,92109,0.0,0.0,0.00035014005602240897
10410,2021-06-17,Greene,0,3403,102,92211,0.0,0.0,0.00035014005602240897
10411,2021-06-18,Greene,2,3405,343,92554,0.0058309037900874635,0.0,0.0007666331838857991
10412,2021-06-19,Greene,0,3405,123,92677,0.0,0.0,0.0007666331838857991
10413,2021-06-20,Greene,0,3405,59,92736,0.0,0.0,0.00041649312786339027
10414,2021-06-21,Greene,0,3405,66,92802,0.0,0.0,0.00041649312786339027
10415,2021-06-22,Greene,0,3405,84,92886,0.0,0.0,0.00041649312786339027
10416,2021-06-23,Greene,1,3406,286,93172,0.0034965034965034965,0.0,0.0006662433776136401
10417,2021-06-24,Greene,0,3406,131,93303,0.0,0.0,0.0006662433776136401
10418,2021-06-25,Greene,0,3406,90,93393,0.0,0.0,0.00024975024975024975
10419,2021-06-26,Greene,0,3406,280,93673,0.0,0.0,0.00024975024975024975
10420,2021-06-27,Greene,0,3406,63,93736,0.0,0.0,0.00024975024975024975
10421,2021-06-28,Greene,0,3406,60,93796,0.0,0.0,0.00024975024975024975
10422,2021-06-29,Greene,0,3406,105,93901,0.0,0.0,0.00024975024975024975
10423,2021-06-30,Greene,0,3406,109,94010,0.0,0.0,0.0
10424,2021-07-01,Greene,0,3406,108,94118,0.0,0.0,0.0
10425,2021-07-02,Greene,0,3406,87,94205,0.0,0.0,0.0
10426,2021-07-03,Greene,0,3406,63,94268,0.0,0.0,0.0
10427,2021-07-04,Greene,0,3406,55,94323,0.0,0.0,0.0
10428,2021-07-05,Greene,0,3406,38,94361,0.0,0.0,0.0
10429,2021-07-06,Greene,2,3408,39,94400,0.05128205128205128,0.0,0.003663003663003663
10430,2021-07-07,Greene,0,3408,89,94489,0.0,0.0,0.003663003663003663
10431,2021-07-08,Greene,2,3410,141,94630,0.014184397163120567,0.0,0.004676174888940847
10432,2021-07-09,Greene,2,3412,78,94708,0.02564102564102564,0.0,0.006507676720442677
10433,2021-07-10,Greene,0,3412,69,94777,0.0,0.0,0.006507676720442677
10434,2021-07-11,Greene,2,3414,59,94836,0.03389830508474576,0.0,0.008928984226495946
10435,2021-07-12,Greene,3,3417,41,94877,0.07317073170731707,0.0,0.01415546506273288
10436,2021-07-13,Greene,0,3417,68,94945,0.0,0.0,0.010492461399729217
10437,2021-07-14,Greene,5,3422,88,95033,0.056818181818181816,1.0,0.014550902958170773
10438,2021-07-15,Greene,1,3423,89,95122,0.011235955056179775,0.0,0.014340299950532145
10439,2021-07-16,Greene,2,3425,65,95187,0.03076923076923077,0.0,0.014706600316832514
10440,2021-07-17,Greene,2,3427,191,95378,0.010471204188481676,1.0,0.015454543473152633
10441,2021-07-18,Greene,1,3428,42,95420,0.023809523809523808,1.0,0.014733916239208207
10442,2021-07-19,Greene,1,3429,46,95466,0.021739130434782608,0.0,0.011060230434027176
10443,2021-07-20,Greene,5,3434,129,95595,0.03875968992248062,1.0,0.013828779714204362
10444,2021-07-21,Greene,1,3435,103,95698,0.009708737864077669,0.0,0.010463819431768351
10445,2021-07-22,Greene,13,3448,126,95824,0.10317460317460317,1.0,0.01703086572594145
10446,2021-07-23,Greene,4,3452,67,95891,0.05970149253731343,1.0,0.01909745585223307
10447,2021-07-24,Greene,1,3453,105,95996,0.009523809523809525,1.0,0.019029784804756485
10448,2021-07-25,Greene,3,3456,40,96036,0.075,2.0,0.0226862473897905
10449,2021-07-26,Greene,5,3461,71,96107,0.07042253521126761,2.0,0.026163633445253714
10450,2021-07-27,Greene,5,3466,75,96182,0.06666666666666667,2.0,0.028156988926981288
10451,2021-07-28,Greene,1,3467,92,96274,0.010869565217391304,2.0,0.028239905166503692
10452,2021-07-29,Greene,1,3468,110,96384,0.00909090909090909,1.0,0.021519641303382686
10453,2021-07-30,Greene,2,3470,141,96525,0.014184397163120567,1.0,0.01826842020522606
10454,2021-07-31,Greene,2,3472,89,96614,0.02247191011235955,1.0,0.01919328453297963
10455,2021-08-01,Greene,0,3472,66,96680,0.0,1.0,0.013836141675836772
10456,2021-08-02,Greene,3,3475,118,96798,0.025423728813559324,1.0,0.010621941218857607
10457,2021-08-03,Greene,6,3481,93,96891,0.06451612903225806,1.0,0.010468331387828421
10458,2021-08-04,Greene,2,3483,115,97006,0.017391304347826087,1.0,0.01093416989714519
10459,2021-08-05,Greene,9,3492,120,97126,0.075,1.0,0.015641962104937398
10460,2020-03-01,Hamilton,0,0,0,0,,,
10461,2020-03-02,Hamilton,0,0,0,0,,,
10462,2020-03-03,Hamilton,0,0,0,0,,,
10463,2020-03-04,Hamilton,0,0,0,0,,,
10464,2020-03-05,Hamilton,0,0,0,0,,,
10465,2020-03-06,Hamilton,0,0,0,0,,,
10466,2020-03-07,Hamilton,0,0,0,0,,0.0,
10467,2020-03-08,Hamilton,0,0,0,0,,0.0,
10468,2020-03-09,Hamilton,0,0,0,0,,0.0,
10469,2020-03-10,Hamilton,0,0,0,0,,0.0,
10470,2020-03-11,Hamilton,0,0,0,0,,0.0,
10471,2020-03-12,Hamilton,0,0,0,0,,0.0,
10472,2020-03-13,Hamilton,0,0,0,0,,0.0,
10473,2020-03-14,Hamilton,0,0,0,0,,0.0,
10474,2020-03-15,Hamilton,0,0,0,0,,0.0,
10475,2020-03-16,Hamilton,0,0,0,0,,0.0,
10476,2020-03-17,Hamilton,1,1,2,2,0.5,0.0,
10477,2020-03-18,Hamilton,1,2,8,10,0.125,0.0,
10478,2020-03-19,Hamilton,0,2,0,10,,0.0,
10479,2020-03-20,Hamilton,0,2,1,11,0.0,0.0,
10480,2020-03-21,Hamilton,0,2,0,11,,0.0,
10481,2020-03-22,Hamilton,0,2,0,11,,0.0,
10482,2020-03-23,Hamilton,0,2,2,13,0.0,0.0,
10483,2020-03-24,Hamilton,0,2,1,14,0.0,0.0,
10484,2020-03-25,Hamilton,0,2,0,14,,0.0,
10485,2020-03-26,Hamilton,0,2,0,14,,0.0,
10486,2020-03-27,Hamilton,0,2,0,14,,0.0,
10487,2020-03-28,Hamilton,0,2,0,14,,0.0,
10488,2020-03-29,Hamilton,0,2,0,14,,0.0,
10489,2020-03-30,Hamilton,0,2,0,14,,0.0,
10490,2020-03-31,Hamilton,0,2,0,14,,0.0,
10491,2020-04-01,Hamilton,0,2,3,17,0.0,0.0,
10492,2020-04-02,Hamilton,0,2,0,17,,0.0,
10493,2020-04-03,Hamilton,0,2,0,17,,0.0,
10494,2020-04-04,Hamilton,0,2,0,17,,0.0,
10495,2020-04-05,Hamilton,0,2,0,17,,0.0,
10496,2020-04-06,Hamilton,0,2,0,17,,0.0,
10497,2020-04-07,Hamilton,0,2,0,17,,0.0,
10498,2020-04-08,Hamilton,1,3,1,18,1.0,0.0,
10499,2020-04-09,Hamilton,0,3,0,18,,0.0,
10500,2020-04-10,Hamilton,0,3,1,19,0.0,0.0,
10501,2020-04-11,Hamilton,0,3,0,19,,0.0,
10502,2020-04-12,Hamilton,0,3,1,20,0.0,0.0,
10503,2020-04-13,Hamilton,0,3,0,20,,0.0,
10504,2020-04-14,Hamilton,0,3,0,20,,0.0,
10505,2020-04-15,Hamilton,0,3,0,20,,0.0,
10506,2020-04-16,Hamilton,0,3,6,26,0.0,0.0,
10507,2020-04-17,Hamilton,0,3,1,27,0.0,0.0,
10508,2020-04-18,Hamilton,0,3,1,28,0.0,0.0,
10509,2020-04-19,Hamilton,0,3,0,28,,0.0,
10510,2020-04-20,Hamilton,0,3,0,28,,0.0,
10511,2020-04-21,Hamilton,0,3,1,29,0.0,0.0,
10512,2020-04-22,Hamilton,0,3,0,29,,0.0,
10513,2020-04-23,Hamilton,0,3,0,29,,0.0,
10514,2020-04-24,Hamilton,0,3,3,32,0.0,0.0,
10515,2020-04-25,Hamilton,0,3,1,33,0.0,0.0,
10516,2020-04-26,Hamilton,0,3,2,35,0.0,0.0,
10517,2020-04-27,Hamilton,0,3,1,36,0.0,0.0,
10518,2020-04-28,Hamilton,0,3,2,38,0.0,0.0,
10519,2020-04-29,Hamilton,0,3,0,38,,0.0,
10520,2020-04-30,Hamilton,0,3,2,40,0.0,0.0,
10521,2020-05-01,Hamilton,0,3,3,43,0.0,0.0,
10522,2020-05-02,Hamilton,0,3,1,44,0.0,0.0,
10523,2020-05-03,Hamilton,0,3,2,46,0.0,0.0,
10524,2020-05-04,Hamilton,0,3,1,47,0.0,0.0,
10525,2020-05-05,Hamilton,2,5,6,53,0.3333333333333333,0.0,
10526,2020-05-06,Hamilton,0,5,0,53,,0.0,
10527,2020-05-07,Hamilton,0,5,4,57,0.0,0.0,
10528,2020-05-08,Hamilton,0,5,3,60,0.0,0.0,
10529,2020-05-09,Hamilton,0,5,1,61,0.0,0.0,
10530,2020-05-10,Hamilton,0,5,0,61,,0.0,
10531,2020-05-11,Hamilton,0,5,0,61,,0.0,
10532,2020-05-12,Hamilton,0,5,6,67,0.0,0.0,
10533,2020-05-13,Hamilton,0,5,45,112,0.0,0.0,
10534,2020-05-14,Hamilton,0,5,10,122,0.0,0.0,
10535,2020-05-15,Hamilton,0,5,34,156,0.0,0.0,
10536,2020-05-16,Hamilton,0,5,139,295,0.0,0.0,
10537,2020-05-17,Hamilton,0,5,35,330,0.0,0.0,
10538,2020-05-18,Hamilton,0,5,2,332,0.0,0.0,0.0
10539,2020-05-19,Hamilton,0,5,10,342,0.0,0.0,0.0
10540,2020-05-20,Hamilton,0,5,12,354,0.0,0.0,0.0
10541,2020-05-21,Hamilton,0,5,8,362,0.0,0.0,0.0
10542,2020-05-22,Hamilton,0,5,38,400,0.0,0.0,0.0
10543,2020-05-23,Hamilton,0,5,3,403,0.0,0.0,0.0
10544,2020-05-24,Hamilton,0,5,3,406,0.0,0.0,0.0
10545,2020-05-25,Hamilton,0,5,5,411,0.0,0.0,0.0
10546,2020-05-26,Hamilton,0,5,1,412,0.0,0.0,0.0
10547,2020-05-27,Hamilton,0,5,3,415,0.0,0.0,0.0
10548,2020-05-28,Hamilton,0,5,4,419,0.0,0.0,0.0
10549,2020-05-29,Hamilton,0,5,3,422,0.0,0.0,0.0
10550,2020-05-30,Hamilton,0,5,22,444,0.0,0.0,0.0
10551,2020-05-31,Hamilton,0,5,5,449,0.0,0.0,0.0
10552,2020-06-01,Hamilton,0,5,1,450,0.0,0.0,0.0
10553,2020-06-02,Hamilton,0,5,2,452,0.0,0.0,0.0
10554,2020-06-03,Hamilton,0,5,74,526,0.0,0.0,0.0
10555,2020-06-04,Hamilton,0,5,8,534,0.0,0.0,0.0
10556,2020-06-05,Hamilton,0,5,7,541,0.0,0.0,0.0
10557,2020-06-06,Hamilton,0,5,38,579,0.0,0.0,0.0
10558,2020-06-07,Hamilton,0,5,8,587,0.0,0.0,0.0
10559,2020-06-08,Hamilton,0,5,4,591,0.0,0.0,0.0
10560,2020-06-09,Hamilton,0,5,7,598,0.0,0.0,0.0
10561,2020-06-10,Hamilton,0,5,5,603,0.0,0.0,0.0
10562,2020-06-11,Hamilton,0,5,13,616,0.0,0.0,0.0
10563,2020-06-12,Hamilton,0,5,6,622,0.0,0.0,0.0
10564,2020-06-13,Hamilton,1,6,27,649,0.037037037037037035,0.0,0.0026455026455026454
10565,2020-06-14,Hamilton,0,6,12,661,0.0,0.0,0.0026455026455026454
10566,2020-06-15,Hamilton,0,6,1,662,0.0,0.0,0.0026455026455026454
10567,2020-06-16,Hamilton,0,6,6,668,0.0,0.0,0.0026455026455026454
10568,2020-06-17,Hamilton,0,6,12,680,0.0,0.0,0.0026455026455026454
10569,2020-06-18,Hamilton,0,6,6,686,0.0,0.0,0.0026455026455026454
10570,2020-06-19,Hamilton,0,6,4,690,0.0,0.0,0.0026455026455026454
10571,2020-06-20,Hamilton,0,6,57,747,0.0,0.0,0.0
10572,2020-06-21,Hamilton,0,6,8,755,0.0,0.0,0.0
10573,2020-06-22,Hamilton,0,6,1,756,0.0,0.0,0.0
10574,2020-06-23,Hamilton,0,6,7,763,0.0,0.0,0.0
10575,2020-06-24,Hamilton,0,6,10,773,0.0,0.0,0.0
10576,2020-06-25,Hamilton,0,6,2,775,0.0,0.0,0.0
10577,2020-06-26,Hamilton,0,6,3,778,0.0,0.0,0.0
10578,2020-06-27,Hamilton,0,6,35,813,0.0,0.0,0.0
10579,2020-06-28,Hamilton,0,6,5,818,0.0,0.0,0.0
10580,2020-06-29,Hamilton,0,6,6,824,0.0,0.0,0.0
10581,2020-06-30,Hamilton,0,6,2,826,0.0,0.0,0.0
10582,2020-07-01,Hamilton,0,6,10,836,0.0,0.0,0.0
10583,2020-07-02,Hamilton,0,6,13,849,0.0,0.0,0.0
10584,2020-07-03,Hamilton,0,6,52,901,0.0,0.0,0.0
10585,2020-07-04,Hamilton,0,6,9,910,0.0,0.0,0.0
10586,2020-07-05,Hamilton,0,6,8,918,0.0,0.0,0.0
10587,2020-07-06,Hamilton,0,6,1,919,0.0,0.0,0.0
10588,2020-07-07,Hamilton,0,6,5,924,0.0,0.0,0.0
10589,2020-07-08,Hamilton,0,6,3,927,0.0,0.0,0.0
10590,2020-07-09,Hamilton,0,6,11,938,0.0,0.0,0.0
10591,2020-07-10,Hamilton,0,6,9,947,0.0,0.0,0.0
10592,2020-07-11,Hamilton,0,6,3,950,0.0,0.0,0.0
10593,2020-07-12,Hamilton,0,6,10,960,0.0,0.0,0.0
10594,2020-07-13,Hamilton,0,6,16,976,0.0,0.0,0.0
10595,2020-07-14,Hamilton,0,6,85,1061,0.0,0.0,0.0
10596,2020-07-15,Hamilton,0,6,8,1069,0.0,0.0,0.0
10597,2020-07-16,Hamilton,0,6,10,1079,0.0,0.0,0.0
10598,2020-07-17,Hamilton,0,6,9,1088,0.0,0.0,0.0
10599,2020-07-18,Hamilton,0,6,42,1130,0.0,0.0,0.0
10600,2020-07-19,Hamilton,0,6,3,1133,0.0,0.0,0.0
10601,2020-07-20,Hamilton,0,6,6,1139,0.0,0.0,0.0
10602,2020-07-21,Hamilton,0,6,6,1145,0.0,0.0,0.0
10603,2020-07-22,Hamilton,0,6,9,1154,0.0,0.0,0.0
10604,2020-07-23,Hamilton,1,7,23,1177,0.043478260869565216,0.0,0.003105590062111801
10605,2020-07-24,Hamilton,0,7,11,1188,0.0,0.0,0.003105590062111801
10606,2020-07-25,Hamilton,0,7,32,1220,0.0,0.0,0.003105590062111801
10607,2020-07-26,Hamilton,0,7,37,1257,0.0,0.0,0.003105590062111801
10608,2020-07-27,Hamilton,0,7,10,1267,0.0,0.0,0.003105590062111801
10609,2020-07-28,Hamilton,0,7,2,1269,0.0,0.0,0.003105590062111801
10610,2020-07-29,Hamilton,0,7,4,1273,0.0,0.0,0.003105590062111801
10611,2020-07-30,Hamilton,0,7,8,1281,0.0,0.0,0.0
10612,2020-07-31,Hamilton,0,7,9,1290,0.0,0.0,0.0
10613,2020-08-01,Hamilton,0,7,8,1298,0.0,0.0,0.0
10614,2020-08-02,Hamilton,0,7,13,1311,0.0,0.0,0.0
10615,2020-08-03,Hamilton,0,7,56,1367,0.0,0.0,0.0
10616,2020-08-04,Hamilton,0,7,17,1384,0.0,0.0,0.0
10617,2020-08-05,Hamilton,1,8,16,1400,0.0625,0.0,0.004464285714285714
10618,2020-08-06,Hamilton,0,8,7,1407,0.0,0.0,0.004464285714285714
10619,2020-08-07,Hamilton,0,8,7,1414,0.0,0.0,0.004464285714285714
10620,2020-08-08,Hamilton,0,8,43,1457,0.0,0.0,0.004464285714285714
10621,2020-08-09,Hamilton,0,8,2,1459,0.0,0.0,0.004464285714285714
10622,2020-08-10,Hamilton,0,8,5,1464,0.0,0.0,0.004464285714285714
10623,2020-08-11,Hamilton,0,8,3,1467,0.0,0.0,0.004464285714285714
10624,2020-08-12,Hamilton,0,8,8,1475,0.0,0.0,0.0
10625,2020-08-13,Hamilton,0,8,17,1492,0.0,0.0,0.0
10626,2020-08-14,Hamilton,0,8,6,1498,0.0,0.0,0.0
10627,2020-08-15,Hamilton,3,11,42,1540,0.07142857142857142,0.0,0.00510204081632653
10628,2020-08-16,Hamilton,0,11,1,1541,0.0,0.0,0.00510204081632653
10629,2020-08-17,Hamilton,0,11,6,1547,0.0,0.0,0.00510204081632653
10630,2020-08-18,Hamilton,0,11,8,1555,0.0,0.0,0.00510204081632653
10631,2020-08-19,Hamilton,1,12,46,1601,0.021739130434782608,0.0,0.006654835847382431
10632,2020-08-20,Hamilton,0,12,6,1607,0.0,0.0,0.006654835847382431
10633,2020-08-21,Hamilton,0,12,12,1619,0.0,0.0,0.006654835847382431
10634,2020-08-22,Hamilton,0,12,10,1629,0.0,0.0,0.0015527950310559005
10635,2020-08-23,Hamilton,0,12,7,1636,0.0,0.0,0.0015527950310559005
10636,2020-08-24,Hamilton,1,13,14,1650,0.07142857142857142,0.0,0.006654835847382431
10637,2020-08-25,Hamilton,0,13,6,1656,0.0,0.0,0.006654835847382431
10638,2020-08-26,Hamilton,0,13,21,1677,0.0,0.0,0.00510204081632653
10639,2020-08-27,Hamilton,1,14,45,1722,0.022222222222222223,0.0,0.006689342403628118
10640,2020-08-28,Hamilton,0,14,19,1741,0.0,0.0,0.006689342403628118
10641,2020-08-29,Hamilton,0,14,5,1746,0.0,0.0,0.006689342403628118
10642,2020-08-30,Hamilton,0,14,7,1753,0.0,0.0,0.006689342403628118
10643,2020-08-31,Hamilton,0,14,9,1762,0.0,0.0,0.0015873015873015873
10644,2020-09-01,Hamilton,0,14,7,1769,0.0,0.0,0.0015873015873015873
10645,2020-09-02,Hamilton,0,14,12,1781,0.0,0.0,0.0015873015873015873
10646,2020-09-03,Hamilton,0,14,33,1814,0.0,0.0,0.0
10647,2020-09-04,Hamilton,0,14,32,1846,0.0,0.0,0.0
10648,2020-09-05,Hamilton,0,14,15,1861,0.0,0.0,0.0
10649,2020-09-06,Hamilton,0,14,6,1867,0.0,0.0,0.0
10650,2020-09-07,Hamilton,0,14,9,1876,0.0,0.0,0.0
10651,2020-09-08,Hamilton,0,14,7,1883,0.0,0.0,0.0
10652,2020-09-09,Hamilton,0,14,8,1891,0.0,0.0,0.0
10653,2020-09-10,Hamilton,0,14,52,1943,0.0,0.0,0.0
10654,2020-09-11,Hamilton,0,14,14,1957,0.0,0.0,0.0
10655,2020-09-12,Hamilton,0,14,7,1964,0.0,0.0,0.0
10656,2020-09-13,Hamilton,0,14,3,1967,0.0,0.0,0.0
10657,2020-09-14,Hamilton,0,14,8,1975,0.0,0.0,0.0
10658,2020-09-15,Hamilton,0,14,5,1980,0.0,0.0,0.0
10659,2020-09-16,Hamilton,0,14,1,1981,0.0,0.0,0.0
10660,2020-09-17,Hamilton,0,14,10,1991,0.0,0.0,0.0
10661,2020-09-18,Hamilton,1,15,40,2031,0.025,0.0,0.0017857142857142859
10662,2020-09-19,Hamilton,0,15,11,2042,0.0,0.0,0.0017857142857142859
10663,2020-09-20,Hamilton,0,15,5,2047,0.0,0.0,0.0017857142857142859
10664,2020-09-21,Hamilton,0,15,13,2060,0.0,0.0,0.0017857142857142859
10665,2020-09-22,Hamilton,0,15,17,2077,0.0,0.0,0.0017857142857142859
10666,2020-09-23,Hamilton,0,15,9,2086,0.0,0.0,0.0017857142857142859
10667,2020-09-24,Hamilton,0,15,41,2127,0.0,0.0,0.0017857142857142859
10668,2020-09-25,Hamilton,0,15,12,2139,0.0,0.0,0.0
10669,2020-09-26,Hamilton,0,15,13,2152,0.0,0.0,0.0
10670,2020-09-27,Hamilton,0,15,5,2157,0.0,0.0,0.0
10671,2020-09-28,Hamilton,0,15,7,2164,0.0,0.0,0.0
10672,2020-09-29,Hamilton,0,15,9,2173,0.0,0.0,0.0
10673,2020-09-30,Hamilton,0,15,9,2182,0.0,0.0,0.0
10674,2020-10-01,Hamilton,0,15,10,2192,0.0,0.0,0.0
10675,2020-10-02,Hamilton,0,15,43,2235,0.0,0.0,0.0
10676,2020-10-03,Hamilton,0,15,12,2247,0.0,0.0,0.0
10677,2020-10-04,Hamilton,0,15,5,2252,0.0,0.0,0.0
10678,2020-10-05,Hamilton,0,15,9,2261,0.0,0.0,0.0
10679,2020-10-06,Hamilton,0,15,12,2273,0.0,0.0,0.0
10680,2020-10-07,Hamilton,0,15,8,2281,0.0,0.0,0.0
10681,2020-10-08,Hamilton,0,15,25,2306,0.0,0.0,0.0
10682,2020-10-09,Hamilton,0,15,25,2331,0.0,0.0,0.0
10683,2020-10-10,Hamilton,0,15,8,2339,0.0,0.0,0.0
10684,2020-10-11,Hamilton,0,15,10,2349,0.0,0.0,0.0
10685,2020-10-12,Hamilton,1,16,14,2363,0.07142857142857142,0.0,0.00510204081632653
10686,2020-10-13,Hamilton,0,16,68,2431,0.0,0.0,0.00510204081632653
10687,2020-10-14,Hamilton,0,16,23,2454,0.0,0.0,0.00510204081632653
10688,2020-10-15,Hamilton,0,16,24,2478,0.0,0.0,0.00510204081632653
10689,2020-10-16,Hamilton,0,16,23,2501,0.0,0.0,0.00510204081632653
10690,2020-10-17,Hamilton,0,16,14,2515,0.0,0.0,0.00510204081632653
10691,2020-10-18,Hamilton,0,16,19,2534,0.0,0.0,0.00510204081632653
10692,2020-10-19,Hamilton,0,16,7,2541,0.0,0.0,0.0
10693,2020-10-20,Hamilton,0,16,12,2553,0.0,0.0,0.0
10694,2020-10-21,Hamilton,0,16,23,2576,0.0,0.0,0.0
10695,2020-10-22,Hamilton,0,16,16,2592,0.0,0.0,0.0
10696,2020-10-23,Hamilton,0,16,14,2606,0.0,0.0,0.0
10697,2020-10-24,Hamilton,0,16,5,2611,0.0,0.0,0.0
10698,2020-10-25,Hamilton,0,16,6,2617,0.0,0.0,0.0
10699,2020-10-26,Hamilton,0,16,10,2627,0.0,0.0,0.0
10700,2020-10-27,Hamilton,1,17,18,2645,0.05555555555555555,0.0,0.003968253968253968
10701,2020-10-28,Hamilton,0,17,6,2651,0.0,0.0,0.003968253968253968
10702,2020-10-29,Hamilton,1,18,37,2688,0.02702702702702703,0.0,0.005898755898755899
10703,2020-10-30,Hamilton,0,18,33,2721,0.0,0.0,0.005898755898755899
10704,2020-10-31,Hamilton,1,19,19,2740,0.05263157894736842,0.0,0.0096581543949965
10705,2020-11-01,Hamilton,0,19,10,2750,0.0,0.0,0.0096581543949965
10706,2020-11-02,Hamilton,0,19,18,2768,0.0,0.0,0.0096581543949965
10707,2020-11-03,Hamilton,0,19,15,2783,0.0,0.0,0.005689900426742532
10708,2020-11-04,Hamilton,0,19,23,2806,0.0,0.0,0.005689900426742532
10709,2020-11-05,Hamilton,0,19,34,2840,0.0,0.0,0.0037593984962406013
10710,2020-11-06,Hamilton,0,19,33,2873,0.0,0.0,0.0037593984962406013
10711,2020-11-07,Hamilton,0,19,16,2889,0.0,0.0,0.0
10712,2020-11-08,Hamilton,1,20,18,2907,0.05555555555555555,0.0,0.003968253968253968
10713,2020-11-09,Hamilton,0,20,16,2923,0.0,0.0,0.003968253968253968
10714,2020-11-10,Hamilton,0,20,18,2941,0.0,0.0,0.003968253968253968
10715,2020-11-11,Hamilton,0,20,29,2970,0.0,0.0,0.003968253968253968
10716,2020-11-12,Hamilton,2,22,42,3012,0.047619047619047616,0.0,0.0073696145124716545
10717,2020-11-13,Hamilton,3,25,67,3079,0.04477611940298507,0.0,0.010567908755542017
10718,2020-11-14,Hamilton,1,26,15,3094,0.06666666666666667,0.0,0.01532981351744678
10719,2020-11-15,Hamilton,0,26,9,3103,0.0,0.0,0.011361559549192811
10720,2020-11-16,Hamilton,0,26,20,3123,0.0,0.0,0.011361559549192811
10721,2020-11-17,Hamilton,5,31,90,3213,0.05555555555555555,0.0,0.01532981351744678
10722,2020-11-18,Hamilton,4,35,76,3289,0.05263157894736842,1.0,0.019089212013687382
10723,2020-11-19,Hamilton,0,35,67,3356,0.0,0.0,0.015687851469469695
10724,2020-11-20,Hamilton,1,36,17,3373,0.058823529411764705,0.0,0.016691237898668238
10725,2020-11-21,Hamilton,1,37,88,3461,0.011363636363636364,0.0,0.01274102144845179
10726,2020-11-22,Hamilton,2,39,24,3485,0.08333333333333333,0.0,0.018693402400832743
10727,2020-11-23,Hamilton,1,40,26,3511,0.038461538461538464,1.0,0.021440655148085488
10728,2020-11-24,Hamilton,1,41,66,3577,0.015151515151515152,0.0,0.018554652262082603
10729,2020-11-25,Hamilton,1,42,80,3657,0.0125,0.0,0.015688110908699145
10730,2020-11-26,Hamilton,0,42,116,3773,0.0,0.0,0.015688110908699145
10731,2020-11-27,Hamilton,2,44,24,3797,0.08333333333333333,0.0,0.017438811188811187
10732,2020-11-28,Hamilton,1,45,53,3850,0.018867924528301886,0.0,0.01797483177200158
10733,2020-11-29,Hamilton,1,46,18,3868,0.05555555555555555,0.0,0.0159907047878746
10734,2020-11-30,Hamilton,1,47,25,3893,0.04,0.0,0.01610059489776471
10735,2020-12-01,Hamilton,2,49,49,3942,0.04081632653061224,0.0,0.01793379571055736
10736,2020-12-02,Hamilton,7,56,116,4058,0.0603448275862069,1.0,0.02135128339528642
10737,2020-12-03,Hamilton,0,56,122,4180,0.0,1.0,0.02135128339528642
10738,2020-12-04,Hamilton,4,60,146,4326,0.0273972602739726,1.0,0.017355849605332086
10739,2020-12-05,Hamilton,0,60,61,4387,0.0,1.0,0.016008140710453377
10740,2020-12-06,Hamilton,0,60,18,4405,0.0,1.0,0.012039886742199411
10741,2020-12-07,Hamilton,0,60,25,4430,0.0,0.0,0.009182743885056553
10742,2020-12-08,Hamilton,3,63,73,4503,0.0410958904109589,1.0,0.009202712733652743
10743,2020-12-09,Hamilton,2,65,109,4612,0.01834862385321101,0.0,0.0062029838955816085
10744,2020-12-10,Hamilton,3,68,92,4704,0.03260869565217391,0.0,0.00853217644216546
10745,2020-12-11,Hamilton,0,68,21,4725,0.0,0.0,0.006575229279738845
10746,2020-12-12,Hamilton,0,68,44,4769,0.0,0.0,0.006575229279738845
10747,2020-12-13,Hamilton,0,68,24,4793,0.0,0.0,0.006575229279738845
10748,2020-12-14,Hamilton,2,70,27,4820,0.07407407407407407,0.0,0.011866234570744136
10749,2020-12-15,Hamilton,3,73,15,4835,0.2,0.0,0.023216528112818498
10750,2020-12-16,Hamilton,2,75,39,4874,0.05128205128205128,0.0,0.02556891578630709
10751,2020-12-17,Hamilton,2,77,114,4988,0.017543859649122806,0.0,0.02449285607180344
10752,2020-12-18,Hamilton,4,81,77,5065,0.05194805194805195,0.0,0.02820343121095001
10753,2020-12-19,Hamilton,1,82,89,5154,0.011235955056179775,1.0,0.02900599942924856
10754,2020-12-20,Hamilton,3,85,14,5168,0.21428571428571427,1.0,0.04431212187822815
10755,2020-12-21,Hamilton,2,87,23,5191,0.08695652173913043,1.0,0.04523229671144646
10756,2020-12-22,Hamilton,3,90,47,5238,0.06382978723404255,1.0,0.035505852942449505
10757,2020-12-23,Hamilton,7,97,141,5379,0.04964539007092199,1.0,0.03538894857022599
10758,2020-12-24,Hamilton,0,97,80,5459,0.0,1.0,0.03413581573814579
10759,2020-12-25,Hamilton,1,98,10,5469,0.1,1.0,0.03756809774185636
10760,2020-12-26,Hamilton,0,98,12,5481,0.0,1.0,0.036765529523557806
10761,2020-12-27,Hamilton,1,99,9,5490,0.1111111111111111,1.0,0.029395915011086148
10762,2020-12-28,Hamilton,0,99,27,5517,0.0,0.0,0.023184734886862544
10763,2020-12-29,Hamilton,1,100,37,5554,0.02702702702702703,0.0,0.02055596630064715
10764,2020-12-30,Hamilton,2,102,55,5609,0.03636363636363636,0.0,0.019607269607269606
10765,2020-12-31,Hamilton,10,112,137,5746,0.072992700729927,1.0,0.024821033945121536
10766,2021-01-01,Hamilton,3,115,11,5757,0.2727272727272727,1.0,0.03715869628278388
10767,2021-01-02,Hamilton,4,119,82,5839,0.04878048780487805,1.0,0.04064301684027516
10768,2021-01-03,Hamilton,1,120,10,5849,0.1,1.0,0.03984936604662437
10769,2021-01-04,Hamilton,1,121,18,5867,0.05555555555555555,1.0,0.043817620014878336
10770,2021-01-05,Hamilton,1,122,27,5894,0.037037037037037035,1.0,0.044532620729879055
10771,2021-01-06,Hamilton,2,124,29,5923,0.06896551724137931,1.0,0.046861326506860694
10772,2021-01-07,Hamilton,4,128,77,6000,0.05194805194805195,1.0,0.045358137308155334
10773,2021-01-08,Hamilton,1,129,24,6024,0.041666666666666664,1.0,0.028853808303826323
10774,2021-01-09,Hamilton,3,132,25,6049,0.12,0.0,0.0339409163177636
10775,2021-01-10,Hamilton,1,133,38,6087,0.02631578947368421,0.0,0.02867775842302676
10776,2021-01-11,Hamilton,7,140,50,6137,0.14,1.0,0.0347095044547728
10777,2021-01-12,Hamilton,1,141,19,6156,0.05263157894736842,1.0,0.035823400305510754
10778,2021-01-13,Hamilton,2,143,18,6174,0.1111111111111111,1.0,0.03883379986763445
10779,2021-01-14,Hamilton,0,143,91,6265,0.0,1.0,0.03512322472848788
10780,2021-01-15,Hamilton,2,145,52,6317,0.038461538461538464,1.0,0.034894286999550155
10781,2021-01-16,Hamilton,0,145,15,6332,0.0,0.0,0.02632285842812158
10782,2021-01-17,Hamilton,1,146,9,6341,0.1111111111111111,0.0,0.03237966711650922
10783,2021-01-18,Hamilton,0,146,17,6358,0.0,0.0,0.022379667116509218
10784,2021-01-19,Hamilton,1,147,18,6376,0.05555555555555555,0.0,0.022588522588522588
10785,2021-01-20,Hamilton,3,150,23,6399,0.13043478260869565,0.0,0.023968784838350052
10786,2021-01-21,Hamilton,11,161,53,6452,0.20754716981132076,1.0,0.03879358268201582
10787,2021-01-22,Hamilton,0,161,26,6478,0.0,1.0,0.036046329934763074
10788,2021-01-23,Hamilton,5,166,73,6551,0.0684931506849315,1.0,0.04093869784082961
10789,2021-01-24,Hamilton,0,166,32,6583,0.0,1.0,0.03300218990432168
10790,2021-01-25,Hamilton,5,171,29,6612,0.1724137931034483,1.0,0.04531746084028227
10791,2021-01-26,Hamilton,1,172,34,6646,0.029411764705882353,1.0,0.043450047208162756
10792,2021-01-27,Hamilton,22,194,79,6725,0.27848101265822783,3.0,0.05402477792598648
10793,2021-01-28,Hamilton,1,195,36,6761,0.027777777777777776,2.0,0.041184107066447706
10794,2021-01-29,Hamilton,19,214,125,6886,0.152,3.0,0.052041249923590556
10795,2021-01-30,Hamilton,0,214,30,6916,0.0,3.0,0.04714888201752402
10796,2021-01-31,Hamilton,2,216,29,6945,0.06896551724137931,3.0,0.05207499039190826
10797,2021-02-01,Hamilton,4,220,43,6988,0.09302325581395349,3.0,0.04640423772837292
10798,2021-02-02,Hamilton,1,221,83,7071,0.012048192771084338,3.0,0.045163982590173055
10799,2021-02-03,Hamilton,16,237,85,7156,0.18823529411764706,3.0,0.03871785983727443
10800,2021-02-04,Hamilton,9,246,108,7264,0.08333333333333333,3.0,0.04268611380552839
10801,2021-02-05,Hamilton,4,250,28,7292,0.14285714285714285,2.0,0.0420330525810386
10802,2021-02-06,Hamilton,1,251,22,7314,0.045454545454545456,2.0,0.04527980582779184
10803,2021-02-07,Hamilton,0,251,9,7323,0.0,2.0,0.040353697453407604
10804,2021-02-08,Hamilton,3,254,32,7355,0.09375,2.0,0.040405607752410935
10805,2021-02-09,Hamilton,7,261,29,7384,0.2413793103448276,2.0,0.056786401864821166
10806,2021-02-10,Hamilton,0,261,19,7403,0.0,1.0,0.04334102371356067
10807,2021-02-11,Hamilton,3,264,51,7454,0.058823529411764705,1.0,0.04159032343344861
10808,2021-02-12,Hamilton,5,269,44,7498,0.11363636363636363,1.0,0.03950312491767866
10809,2021-02-13,Hamilton,0,269,13,7511,0.0,1.0,0.03625637167092542
10810,2021-02-14,Hamilton,1,270,10,7521,0.1,1.0,0.04339922881378257
10811,2021-02-15,Hamilton,1,271,27,7548,0.037037037037037035,1.0,0.03934830288785664
10812,2021-02-16,Hamilton,2,273,21,7569,0.09523809523809523,0.0,0.028909644665947188
10813,2021-02-17,Hamilton,2,275,42,7611,0.047619047619047616,1.0,0.032311005210164875
10814,2021-02-18,Hamilton,0,275,29,7640,0.0,0.0,0.028109324537895965
10815,2021-02-19,Hamilton,1,276,74,7714,0.013513513513513514,0.0,0.020957692386263816
10816,2021-02-20,Hamilton,0,276,19,7733,0.0,0.0,0.020957692386263816
10817,2021-02-21,Hamilton,0,276,7,7740,0.0,0.0,0.01381483524340667
10818,2021-02-22,Hamilton,1,277,24,7764,0.041666666666666664,0.0,0.014145523074094501
10819,2021-02-23,Hamilton,0,277,20,7784,0.0,0.0,0.007342801985659128
10820,2021-02-24,Hamilton,2,279,19,7803,0.10526315789473684,0.0,0.011460238433922644
10821,2021-02-25,Hamilton,2,281,19,7822,0.10526315789473684,0.0,0.01897903542640385
10822,2021-02-26,Hamilton,1,282,52,7874,0.019230769230769232,0.0,0.019387410834779257
10823,2021-02-27,Hamilton,2,284,16,7890,0.125,0.0,0.028315982263350685
10824,2021-02-28,Hamilton,0,284,14,7904,0.0,0.0,0.028315982263350685
10825,2021-03-01,Hamilton,1,285,9,7913,0.1111111111111111,0.0,0.03327629972366814
10826,2021-03-02,Hamilton,0,285,30,7943,0.0,0.0,0.03327629972366814
10827,2021-03-03,Hamilton,0,285,20,7963,0.0,0.0,0.02575750273118694
10828,2021-03-04,Hamilton,0,285,35,7998,0.0,0.0,0.018238705738705736
10829,2021-03-05,Hamilton,0,285,38,8036,0.0,0.0,0.016865079365079364
10830,2021-03-06,Hamilton,1,286,15,8051,0.06666666666666667,0.0,0.012698412698412697
10831,2021-03-07,Hamilton,0,286,14,8065,0.0,0.0,0.012698412698412697
10832,2021-03-08,Hamilton,0,286,28,8093,0.0,0.0,0.0047619047619047615
10833,2021-03-09,Hamilton,0,286,12,8105,0.0,0.0,0.0047619047619047615
10834,2021-03-10,Hamilton,1,287,16,8121,0.0625,0.0,0.009226190476190475
10835,2021-03-11,Hamilton,1,288,39,8160,0.02564102564102564,0.0,0.011057692307692308
10836,2021-03-12,Hamilton,0,288,27,8187,0.0,0.0,0.011057692307692308
10837,2021-03-13,Hamilton,0,288,19,8206,0.0,0.0,0.006295787545787545
10838,2021-03-14,Hamilton,2,290,22,8228,0.09090909090909091,0.0,0.012789294039294038
10839,2021-03-15,Hamilton,0,290,15,8243,0.0,0.0,0.012789294039294038
10840,2021-03-16,Hamilton,0,290,21,8264,0.0,0.0,0.012789294039294038
10841,2021-03-17,Hamilton,0,290,22,8286,0.0,0.0,0.008325008325008324
10842,2021-03-18,Hamilton,0,290,18,8304,0.0,0.0,0.006493506493506494
10843,2021-03-19,Hamilton,0,290,15,8319,0.0,0.0,0.006493506493506494
10844,2021-03-20,Hamilton,0,290,15,8334,0.0,0.0,0.006493506493506494
10845,2021-03-21,Hamilton,1,291,12,8346,0.08333333333333333,0.0,0.005952380952380952
10846,2021-03-22,Hamilton,0,291,36,8382,0.0,0.0,0.005952380952380952
10847,2021-03-23,Hamilton,0,291,21,8403,0.0,0.0,0.005952380952380952
10848,2021-03-24,Hamilton,1,292,20,8423,0.05,0.0,0.009523809523809523
10849,2021-03-25,Hamilton,0,292,28,8451,0.0,0.0,0.009523809523809523
10850,2021-03-26,Hamilton,0,292,25,8476,0.0,0.0,0.009523809523809523
10851,2021-03-27,Hamilton,0,292,19,8495,0.0,0.0,0.009523809523809523
10852,2021-03-28,Hamilton,1,293,19,8514,0.05263157894736842,0.0,0.007330827067669173
10853,2021-03-29,Hamilton,0,293,13,8527,0.0,0.0,0.007330827067669173
10854,2021-03-30,Hamilton,1,294,41,8568,0.024390243902439025,0.0,0.009072987346414818
10855,2021-03-31,Hamilton,0,294,42,8610,0.0,0.0,0.0055015587749862455
10856,2021-04-01,Hamilton,0,294,28,8638,0.0,0.0,0.0055015587749862455
10857,2021-04-02,Hamilton,0,294,17,8655,0.0,0.0,0.0055015587749862455
10858,2021-04-03,Hamilton,0,294,27,8682,0.0,0.0,0.0055015587749862455
10859,2021-04-04,Hamilton,0,294,6,8688,0.0,0.0,0.0017421602787456446
10860,2021-04-05,Hamilton,0,294,10,8698,0.0,0.0,0.0017421602787456446
10861,2021-04-06,Hamilton,0,294,11,8709,0.0,0.0,0.0
10862,2021-04-07,Hamilton,0,294,23,8732,0.0,0.0,0.0
10863,2021-04-08,Hamilton,0,294,28,8760,0.0,0.0,0.0
10864,2021-04-09,Hamilton,2,296,19,8779,0.10526315789473684,0.0,0.007518796992481203
10865,2021-04-10,Hamilton,0,296,16,8795,0.0,0.0,0.007518796992481203
10866,2021-04-11,Hamilton,0,296,10,8805,0.0,0.0,0.007518796992481203
10867,2021-04-12,Hamilton,2,298,56,8861,0.03571428571428571,0.0,0.010069817400644467
10868,2021-04-13,Hamilton,2,300,20,8881,0.1,0.0,0.017212674543501612
10869,2021-04-14,Hamilton,1,301,28,8909,0.03571428571428571,0.0,0.019763694951664877
10870,2021-04-15,Hamilton,0,301,47,8956,0.0,0.0,0.019763694951664877
10871,2021-04-16,Hamilton,0,301,25,8981,0.0,0.0,0.012244897959183673
10872,2021-04-17,Hamilton,0,301,19,9000,0.0,0.0,0.012244897959183673
10873,2021-04-18,Hamilton,0,301,22,9022,0.0,0.0,0.012244897959183673
10874,2021-04-19,Hamilton,0,301,22,9044,0.0,0.0,0.00969387755102041
10875,2021-04-20,Hamilton,0,301,16,9060,0.0,0.0,0.002551020408163265
10876,2021-04-21,Hamilton,0,301,23,9083,0.0,0.0,0.0
10877,2021-04-22,Hamilton,0,301,19,9102,0.0,0.0,0.0
10878,2021-04-23,Hamilton,1,302,22,9124,0.045454545454545456,0.0,0.003246753246753247
10879,2021-04-24,Hamilton,0,302,19,9143,0.0,0.0,0.003246753246753247
10880,2021-04-25,Hamilton,1,303,26,9169,0.038461538461538464,0.0,0.005994005994005994
10881,2021-04-26,Hamilton,0,303,17,9186,0.0,0.0,0.005994005994005994
10882,2021-04-27,Hamilton,0,303,22,9208,0.0,0.0,0.005994005994005994
10883,2021-04-28,Hamilton,0,303,25,9233,0.0,0.0,0.005994005994005994
10884,2021-04-29,Hamilton,0,303,36,9269,0.0,0.0,0.005994005994005994
10885,2021-04-30,Hamilton,0,303,24,9293,0.0,0.0,0.0027472527472527475
10886,2021-05-01,Hamilton,0,303,25,9318,0.0,0.0,0.0027472527472527475
10887,2021-05-02,Hamilton,0,303,18,9336,0.0,0.0,0.0
10888,2021-05-03,Hamilton,0,303,15,9351,0.0,0.0,0.0
10889,2021-05-04,Hamilton,1,304,23,9374,0.043478260869565216,0.0,0.003105590062111801
10890,2021-05-05,Hamilton,0,304,30,9404,0.0,0.0,0.003105590062111801
10891,2021-05-06,Hamilton,0,304,30,9434,0.0,0.0,0.003105590062111801
10892,2021-05-07,Hamilton,0,304,21,9455,0.0,0.0,0.003105590062111801
10893,2021-05-08,Hamilton,1,305,17,9472,0.058823529411764705,0.0,0.007307270734380708
10894,2021-05-09,Hamilton,0,305,10,9482,0.0,0.0,0.007307270734380708
10895,2021-05-10,Hamilton,0,305,8,9490,0.0,0.0,0.007307270734380708
10896,2021-05-11,Hamilton,0,305,25,9515,0.0,0.0,0.004201680672268907
10897,2021-05-12,Hamilton,2,307,25,9540,0.08,0.0,0.009915966386554622
10898,2021-05-13,Hamilton,0,307,18,9558,0.0,0.0,0.009915966386554622
10899,2021-05-14,Hamilton,0,307,20,9578,0.0,0.0,0.009915966386554622
10900,2021-05-15,Hamilton,0,307,8,9586,0.0,0.0,0.005714285714285714
10901,2021-05-16,Hamilton,0,307,8,9594,0.0,0.0,0.005714285714285714
10902,2021-05-17,Hamilton,3,310,13,9607,0.23076923076923078,0.0,0.0221978021978022
10903,2021-05-18,Hamilton,2,312,19,9626,0.10526315789473684,0.0,0.029716599190283403
10904,2021-05-19,Hamilton,1,313,19,9645,0.05263157894736842,0.0,0.027761711972238288
10905,2021-05-20,Hamilton,0,313,10,9655,0.0,0.0,0.027761711972238288
10906,2021-05-21,Hamilton,0,313,13,9668,0.0,0.0,0.027761711972238288
10907,2021-05-22,Hamilton,0,313,9,9677,0.0,0.0,0.027761711972238288
10908,2021-05-23,Hamilton,0,313,11,9688,0.0,0.0,0.027761711972238288
10909,2021-05-24,Hamilton,0,313,4,9692,0.0,0.0,0.011278195488721804
10910,2021-05-25,Hamilton,0,313,8,9700,0.0,0.0,0.0037593984962406013
10911,2021-05-26,Hamilton,0,313,27,9727,0.0,0.0,0.0
10912,2021-05-27,Hamilton,0,313,17,9744,0.0,0.0,0.0
10913,2021-05-28,Hamilton,0,313,11,9755,0.0,0.0,0.0
10914,2021-05-29,Hamilton,0,313,13,9768,0.0,0.0,0.0
10915,2021-05-30,Hamilton,0,313,4,9772,0.0,0.0,0.0
10916,2021-05-31,Hamilton,0,313,3,9775,0.0,0.0,0.0
10917,2021-06-01,Hamilton,0,313,6,9781,0.0,0.0,0.0
10918,2021-06-02,Hamilton,0,313,17,9798,0.0,0.0,0.0
10919,2021-06-03,Hamilton,0,313,21,9819,0.0,0.0,0.0
10920,2021-06-04,Hamilton,0,313,29,9848,0.0,0.0,0.0
10921,2021-06-05,Hamilton,0,313,18,9866,0.0,0.0,0.0
10922,2021-06-06,Hamilton,0,313,3,9869,0.0,0.0,0.0
10923,2021-06-07,Hamilton,0,313,16,9885,0.0,0.0,0.0
10924,2021-06-08,Hamilton,0,313,1,9886,0.0,0.0,0.0
10925,2021-06-09,Hamilton,0,313,18,9904,0.0,0.0,0.0
10926,2021-06-10,Hamilton,0,313,18,9922,0.0,0.0,0.0
10927,2021-06-11,Hamilton,0,313,20,9942,0.0,0.0,0.0
10928,2021-06-12,Hamilton,0,313,6,9948,0.0,0.0,0.0
10929,2021-06-13,Hamilton,0,313,9,9957,0.0,0.0,0.0
10930,2021-06-14,Hamilton,0,313,10,9967,0.0,0.0,0.0
10931,2021-06-15,Hamilton,0,313,11,9978,0.0,0.0,0.0
10932,2021-06-16,Hamilton,0,313,7,9985,0.0,0.0,0.0
10933,2021-06-17,Hamilton,0,313,10,9995,0.0,0.0,0.0
10934,2021-06-18,Hamilton,0,313,9,10004,0.0,0.0,0.0
10935,2021-06-19,Hamilton,0,313,26,10030,0.0,0.0,0.0
10936,2021-06-20,Hamilton,0,313,2,10032,0.0,0.0,0.0
10937,2021-06-21,Hamilton,0,313,6,10038,0.0,0.0,0.0
10938,2021-06-22,Hamilton,2,315,84,10122,0.023809523809523808,0.0,0.0017006802721088435
10939,2021-06-23,Hamilton,0,315,26,10148,0.0,0.0,0.0017006802721088435
10940,2021-06-24,Hamilton,0,315,21,10169,0.0,0.0,0.0017006802721088435
10941,2021-06-25,Hamilton,0,315,14,10183,0.0,0.0,0.0017006802721088435
10942,2021-06-26,Hamilton,0,315,4,10187,0.0,0.0,0.0017006802721088435
10943,2021-06-27,Hamilton,1,316,6,10193,0.16666666666666666,0.0,0.013605442176870748
10944,2021-06-28,Hamilton,0,316,6,10199,0.0,0.0,0.013605442176870748
10945,2021-06-29,Hamilton,0,316,7,10206,0.0,0.0,0.011904761904761904
10946,2021-06-30,Hamilton,0,316,7,10213,0.0,0.0,0.011904761904761904
10947,2021-07-01,Hamilton,0,316,5,10218,0.0,0.0,0.011904761904761904
10948,2021-07-02,Hamilton,0,316,10,10228,0.0,0.0,0.011904761904761904
10949,2021-07-03,Hamilton,0,316,4,10232,0.0,0.0,0.011904761904761904
10950,2021-07-04,Hamilton,0,316,5,10237,0.0,0.0,0.0
10951,2021-07-05,Hamilton,0,316,2,10239,0.0,0.0,0.0
10952,2021-07-06,Hamilton,0,316,5,10244,0.0,0.0,0.0
10953,2021-07-07,Hamilton,0,316,14,10258,0.0,0.0,0.0
10954,2021-07-08,Hamilton,0,316,16,10274,0.0,0.0,0.0
10955,2021-07-09,Hamilton,0,316,20,10294,0.0,0.0,0.0
10956,2021-07-10,Hamilton,0,316,3,10297,0.0,0.0,0.0
10957,2021-07-11,Hamilton,0,316,5,10302,0.0,0.0,0.0
10958,2021-07-12,Hamilton,0,316,3,10305,0.0,0.0,0.0
10959,2021-07-13,Hamilton,0,316,11,10316,0.0,0.0,0.0
10960,2021-07-14,Hamilton,0,316,16,10332,0.0,0.0,0.0
10961,2021-07-15,Hamilton,0,316,13,10345,0.0,0.0,0.0
10962,2021-07-16,Hamilton,0,316,9,10354,0.0,0.0,0.0
10963,2021-07-17,Hamilton,0,316,8,10362,0.0,0.0,0.0
10964,2021-07-18,Hamilton,0,316,7,10369,0.0,0.0,0.0
10965,2021-07-19,Hamilton,0,316,4,10373,0.0,0.0,0.0
10966,2021-07-20,Hamilton,0,316,9,10382,0.0,0.0,0.0
10967,2021-07-21,Hamilton,0,316,10,10392,0.0,0.0,0.0
10968,2021-07-22,Hamilton,0,316,15,10407,0.0,0.0,0.0
10969,2021-07-23,Hamilton,0,316,8,10415,0.0,0.0,0.0
10970,2021-07-24,Hamilton,0,316,14,10429,0.0,0.0,0.0
10971,2021-07-25,Hamilton,0,316,8,10437,0.0,0.0,0.0
10972,2021-07-26,Hamilton,0,316,2,10439,0.0,0.0,0.0
10973,2021-07-27,Hamilton,2,318,7,10446,0.2857142857142857,0.0,0.02040816326530612
10974,2021-07-28,Hamilton,0,318,27,10473,0.0,0.0,0.02040816326530612
10975,2021-07-29,Hamilton,0,318,10,10483,0.0,0.0,0.02040816326530612
10976,2021-07-30,Hamilton,0,318,19,10502,0.0,0.0,0.02040816326530612
10977,2021-07-31,Hamilton,0,318,7,10509,0.0,0.0,0.02040816326530612
10978,2021-08-01,Hamilton,0,318,5,10514,0.0,0.0,0.02040816326530612
10979,2021-08-02,Hamilton,0,318,12,10526,0.0,0.0,0.02040816326530612
10980,2021-08-03,Hamilton,1,319,8,10534,0.125,0.0,0.008928571428571428
10981,2021-08-04,Hamilton,1,320,44,10578,0.022727272727272728,0.0,0.010551948051948052
10982,2021-08-05,Hamilton,5,325,35,10613,0.14285714285714285,0.0,0.020756029684601114
10983,2020-03-01,Herkimer,0,0,0,0,,,
10984,2020-03-02,Herkimer,0,0,0,0,,,
10985,2020-03-03,Herkimer,0,0,0,0,,,
10986,2020-03-04,Herkimer,0,0,0,0,,,
10987,2020-03-05,Herkimer,0,0,0,0,,,
10988,2020-03-06,Herkimer,0,0,0,0,,,
10989,2020-03-07,Herkimer,0,0,0,0,,0.0,
10990,2020-03-08,Herkimer,0,0,0,0,,0.0,
10991,2020-03-09,Herkimer,0,0,0,0,,0.0,
10992,2020-03-10,Herkimer,0,0,0,0,,0.0,
10993,2020-03-11,Herkimer,0,0,0,0,,0.0,
10994,2020-03-12,Herkimer,1,1,1,1,1.0,0.0,
10995,2020-03-13,Herkimer,0,1,0,1,,0.0,
10996,2020-03-14,Herkimer,0,1,1,2,0.0,0.0,
10997,2020-03-15,Herkimer,0,1,0,2,,0.0,
10998,2020-03-16,Herkimer,0,1,0,2,,0.0,
10999,2020-03-17,Herkimer,0,1,0,2,,0.0,
11000,2020-03-18,Herkimer,0,1,1,3,0.0,0.0,
11001,2020-03-19,Herkimer,1,2,1,4,1.0,0.0,
11002,2020-03-20,Herkimer,1,3,5,9,0.2,0.0,
11003,2020-03-21,Herkimer,1,4,10,19,0.1,0.0,
11004,2020-03-22,Herkimer,0,4,6,25,0.0,0.0,
11005,2020-03-23,Herkimer,0,4,3,28,0.0,0.0,
11006,2020-03-24,Herkimer,1,5,5,33,0.2,0.0,0.10714285714285714
11007,2020-03-25,Herkimer,2,7,6,39,0.3333333333333333,0.0,0.13095238095238096
11008,2020-03-26,Herkimer,2,9,9,48,0.2222222222222222,0.0,0.07539682539682539
11009,2020-03-27,Herkimer,0,9,8,56,0.0,0.0,0.06111111111111111
11010,2020-03-28,Herkimer,1,10,14,70,0.07142857142857142,0.0,0.05907029478458049
11011,2020-03-29,Herkimer,2,12,8,78,0.25,0.0,0.07692743764172336
11012,2020-03-30,Herkimer,0,12,1,79,0.0,0.0,0.07692743764172336
11013,2020-03-31,Herkimer,0,12,4,83,0.0,0.0,0.06264172335600907
11014,2020-04-01,Herkimer,2,14,9,92,0.2222222222222222,0.0,0.05470521541950113
11015,2020-04-02,Herkimer,0,14,19,111,0.0,0.0,0.03883219954648526
11016,2020-04-03,Herkimer,4,18,27,138,0.14814814814814814,0.0,0.04941421012849584
11017,2020-04-04,Herkimer,4,22,46,184,0.08695652173913043,0.0,0.05052334943639292
11018,2020-04-05,Herkimer,3,25,23,207,0.13043478260869565,0.0,0.041982976765585454
11019,2020-04-06,Herkimer,2,27,19,226,0.10526315789473684,1.0,0.04950177375806666
11020,2020-04-07,Herkimer,2,29,19,245,0.10526315789473684,1.0,0.05702057075054787
11021,2020-04-08,Herkimer,3,32,44,289,0.06818181818181818,1.0,0.046017684747661866
11022,2020-04-09,Herkimer,4,36,23,312,0.17391304347826086,1.0,0.05844004499610906
11023,2020-04-10,Herkimer,1,37,12,324,0.08333333333333333,1.0,0.053810415366479444
11024,2020-04-11,Herkimer,0,37,11,335,0.0,1.0,0.04759923524225584
11025,2020-04-12,Herkimer,1,38,29,364,0.034482758620689655,0.0,0.04074551924311255
11026,2020-04-13,Herkimer,1,39,26,390,0.038461538461538464,0.0,0.035973974997884094
11027,2020-04-14,Herkimer,1,40,9,399,0.1111111111111111,0.0,0.03639168594191083
11028,2020-04-15,Herkimer,3,43,23,422,0.13043478260869565,0.0,0.040838326258116356
11029,2020-04-16,Herkimer,3,46,30,452,0.1,0.0,0.0355588231525263
11030,2020-04-17,Herkimer,1,47,18,470,0.05555555555555555,0.0,0.03357469616839932
11031,2020-04-18,Herkimer,2,49,20,490,0.1,0.0,0.04071755331125646
11032,2020-04-19,Herkimer,0,49,23,513,0.0,0.0,0.038254499124064346
11033,2020-04-20,Herkimer,1,50,7,520,0.14285714285714285,0.0,0.04571132800946466
11034,2020-04-21,Herkimer,3,53,34,554,0.08823529411764706,0.0,0.044077341081360084
11035,2020-04-22,Herkimer,1,54,25,579,0.04,0.0,0.037617713752167534
11036,2020-04-23,Herkimer,2,56,27,606,0.07407407407407407,0.0,0.03576586190031568
11037,2020-04-24,Herkimer,0,56,59,665,0.0,0.0,0.03179760793206171
11038,2020-04-25,Herkimer,1,57,31,696,0.03225806451612903,0.0,0.02695889825464236
11039,2020-04-26,Herkimer,1,58,26,722,0.038461538461538464,0.0,0.029706151001895106
11040,2020-04-27,Herkimer,0,58,14,736,0.0,0.0,0.019502069369242044
11041,2020-04-28,Herkimer,0,58,28,764,0.0,0.0,0.013199548360838684
11042,2020-04-29,Herkimer,0,58,28,792,0.0,0.0,0.010342405503695825
11043,2020-04-30,Herkimer,2,60,28,820,0.07142857142857142,0.0,0.010153441029017066
11044,2020-05-01,Herkimer,1,61,15,835,0.06666666666666667,0.0,0.014915345790921828
11045,2020-05-02,Herkimer,1,62,29,864,0.034482758620689655,0.0,0.015074252512676158
11046,2020-05-03,Herkimer,1,63,41,905,0.024390243902439025,0.0,0.014069160044169055
11047,2020-05-04,Herkimer,4,67,29,934,0.13793103448275862,0.0,0.023921376792937526
11048,2020-05-05,Herkimer,1,68,66,1000,0.015151515151515152,0.0,0.02500362787518861
11049,2020-05-06,Herkimer,6,74,65,1065,0.09230769230769231,1.0,0.0315970344685952
11050,2020-05-07,Herkimer,2,76,55,1120,0.03636363636363636,1.0,0.029092396249671273
11051,2020-05-08,Herkimer,1,77,43,1163,0.023255813953488372,1.0,0.025991621055872823
11052,2020-05-09,Herkimer,2,79,56,1219,0.03571428571428571,1.0,0.02607958727684397
11053,2020-05-10,Herkimer,2,81,57,1276,0.03508771929824561,1.0,0.026843692662258722
11054,2020-05-11,Herkimer,0,81,42,1318,0.0,1.0,0.01699147591349025
11055,2020-05-12,Herkimer,3,84,61,1379,0.04918032786885246,1.0,0.019422105393300058
11056,2020-05-13,Herkimer,2,86,54,1433,0.037037037037037035,0.0,0.01547420144539611
11057,2020-05-14,Herkimer,1,87,49,1482,0.02040816326530612,0.0,0.014334524795515379
11058,2020-05-15,Herkimer,4,91,50,1532,0.08,1.0,0.018387680941694778
11059,2020-05-16,Herkimer,0,91,157,1689,0.0,0.0,0.015836660533531517
11060,2020-05-17,Herkimer,1,92,68,1757,0.014705882352941176,0.0,0.01438081503743834
11061,2020-05-18,Herkimer,0,92,65,1822,0.0,0.0,0.01438081503743834
11062,2020-05-19,Herkimer,1,93,95,1917,0.010526315789473684,0.0,0.011619814174625572
11063,2020-05-20,Herkimer,0,93,60,1977,0.0,0.0,0.008974311529122926
11064,2020-05-21,Herkimer,2,95,77,2054,0.025974025974025976,0.0,0.009371873151174345
11065,2020-05-22,Herkimer,5,100,212,2266,0.02358490566037736,0.0,0.005342223555487013
11066,2020-05-23,Herkimer,1,101,143,2409,0.006993006993006993,0.0,0.005841724054987514
11067,2020-05-24,Herkimer,2,103,237,2646,0.008438818565400843,0.0,0.005394076641591776
11068,2020-05-25,Herkimer,0,103,45,2691,0.0,0.0,0.005394076641591776
11069,2020-05-26,Herkimer,2,105,328,3019,0.006097560975609756,0.0,0.005077737012030066
11070,2020-05-27,Herkimer,1,106,442,3461,0.0022624434389140274,0.0,0.005239340114809639
11071,2020-05-28,Herkimer,1,107,154,3615,0.006493506493506494,0.0,0.0038478744376296767
11072,2020-05-29,Herkimer,0,107,332,3947,0.0,0.0,0.0021632383190312936
11073,2020-05-30,Herkimer,1,108,309,4256,0.003236245954692557,0.0,0.0018948982448659772
11074,2020-05-31,Herkimer,1,109,131,4387,0.007633587786259542,0.0,0.0018373817606415984
11075,2020-06-01,Herkimer,2,111,186,4573,0.010752688172043012,0.0,0.0026054309157875276
11076,2020-06-02,Herkimer,2,113,522,5095,0.0038314176245210726,0.0,0.0024435635335669074
11077,2020-06-03,Herkimer,0,113,398,5493,0.0,0.0,0.0022819604307873337
11078,2020-06-04,Herkimer,2,115,334,5827,0.005988023952095809,0.0,0.002245854534972285
11079,2020-06-05,Herkimer,7,122,523,6350,0.01338432122370937,1.0,0.003201877479522955
11080,2020-06-06,Herkimer,1,123,357,6707,0.0028011204481792717,1.0,0.003170797086200577
11081,2020-06-07,Herkimer,1,124,377,7084,0.002652519893899204,1.0,0.002815006522460553
11082,2020-06-08,Herkimer,1,125,308,7392,0.003246753246753247,1.0,0.0022788683135112836
11083,2020-06-09,Herkimer,0,125,245,7637,0.0,0.0,0.002005195626045493
11084,2020-06-10,Herkimer,0,125,295,7932,0.0,0.0,0.002005195626045493
11085,2020-06-11,Herkimer,2,127,439,8371,0.004555808656036446,0.0,0.0019028945334698241
11086,2020-06-12,Herkimer,1,128,280,8651,0.0035714285714285713,0.0,0.0012019736297354815
11087,2020-06-13,Herkimer,0,128,275,8926,0.0,0.0,0.0010018935977226765
11088,2020-06-14,Herkimer,0,128,119,9045,0.0,0.0,0.0008124278910155904
11089,2020-06-15,Herkimer,0,128,297,9342,0.0,0.0,0.0005805169448189299
11090,2020-06-16,Herkimer,0,128,208,9550,0.0,0.0,0.0005805169448189299
11091,2020-06-17,Herkimer,0,128,236,9786,0.0,0.0,0.0005805169448189299
11092,2020-06-18,Herkimer,3,131,265,10051,0.011320754716981131,0.0,0.0010637273777435502
11093,2020-06-19,Herkimer,3,134,334,10385,0.008982035928143712,0.0,0.0014501993317946316
11094,2020-06-20,Herkimer,2,136,405,10790,0.0049382716049382715,0.0,0.0018029330178616512
11095,2020-06-21,Herkimer,1,137,232,11022,0.004310344827586207,0.0,0.002110814791260666
11096,2020-06-22,Herkimer,0,137,146,11168,0.0,0.0,0.002110814791260666
11097,2020-06-23,Herkimer,5,142,184,11352,0.02717391304347826,1.0,0.004051808580080541
11098,2020-06-24,Herkimer,1,143,146,11498,0.00684931506849315,1.0,0.004541045370687196
11099,2020-06-25,Herkimer,6,149,161,11659,0.037267080745341616,1.0,0.0063943543727129435
11100,2020-06-26,Herkimer,5,154,302,11961,0.016556291390728478,1.0,0.0069353726200404265
11101,2020-06-27,Herkimer,4,158,495,12456,0.00808080808080808,1.0,0.0071598395111739845
11102,2020-06-28,Herkimer,1,159,189,12645,0.005291005291005291,1.0,0.00722988668713249
11103,2020-06-29,Herkimer,0,159,155,12800,0.0,1.0,0.00722988668713249
11104,2020-06-30,Herkimer,3,162,212,13012,0.014150943396226415,1.0,0.006299674569471646
11105,2020-07-01,Herkimer,2,164,201,13213,0.009950248756218905,1.0,0.006521169832880628
11106,2020-07-02,Herkimer,8,172,96,13309,0.08333333333333333,1.0,0.009811616446308607
11107,2020-07-03,Herkimer,0,172,140,13449,0.0,1.0,0.008629024204113715
11108,2020-07-04,Herkimer,1,173,371,13820,0.0026954177897574125,1.0,0.008244353469038668
11109,2020-07-05,Herkimer,6,179,381,14201,0.015748031496062992,1.0,0.008991283912257076
11110,2020-07-06,Herkimer,2,181,210,14411,0.009523809523809525,1.0,0.009671556021100614
11111,2020-07-07,Herkimer,0,181,182,14593,0.0,1.0,0.008660774349941582
11112,2020-07-08,Herkimer,1,182,240,14833,0.004166666666666667,1.0,0.008247661343544994
11113,2020-07-09,Herkimer,2,184,250,15083,0.008,0.0,0.0028667089625926136
11114,2020-07-10,Herkimer,4,188,213,15296,0.018779342723004695,1.0,0.0042080905856643775
11115,2020-07-11,Herkimer,4,192,270,15566,0.014814814814814815,1.0,0.005073761801739907
11116,2020-07-12,Herkimer,1,193,210,15776,0.004761904761904762,1.0,0.004289038463585747
11117,2020-07-13,Herkimer,2,195,327,16103,0.0061162079510703364,1.0,0.004045638351247234
11118,2020-07-14,Herkimer,2,197,322,16425,0.006211180124223602,1.0,0.0044892940744060625
11119,2020-07-15,Herkimer,5,202,134,16559,0.03731343283582089,1.0,0.00685692022934565
11120,2020-07-16,Herkimer,2,204,263,16822,0.0076045627376425855,1.0,0.006828674710605835
11121,2020-07-17,Herkimer,0,204,203,17025,0.0,1.0,0.005487293087534072
11122,2020-07-18,Herkimer,2,206,70,17095,0.02857142857142857,1.0,0.006469908355863624
11123,2020-07-19,Herkimer,0,206,92,17187,0.0,0.0,0.006129772301441855
11124,2020-07-20,Herkimer,2,208,200,17387,0.01,0.0,0.006407186019222547
11125,2020-07-21,Herkimer,3,211,291,17678,0.010309278350515464,1.0,0.006699907321100536
11126,2020-07-22,Herkimer,2,213,248,17926,0.008064516129032258,0.0,0.004610698984901349
11127,2020-07-23,Herkimer,10,223,302,18228,0.033112582781456956,1.0,0.006432700416602375
11128,2020-07-24,Herkimer,1,224,283,18511,0.0035335689045936395,1.0,0.00668509819550192
11129,2020-07-25,Herkimer,6,230,242,18753,0.024793388429752067,1.0,0.00641523818538217
11130,2020-07-26,Herkimer,4,234,233,18986,0.017167381974248927,2.0,0.007641479754971379
11131,2020-07-27,Herkimer,2,236,145,19131,0.013793103448275862,2.0,0.007912415715562513
11132,2020-07-28,Herkimer,0,236,178,19309,0.0,1.0,0.007176038690525694
11133,2020-07-29,Herkimer,3,239,259,19568,0.011583011583011582,1.0,0.007427359794381359
11134,2020-07-30,Herkimer,0,239,200,19768,0.0,1.0,0.005062175309991576
11135,2020-07-31,Herkimer,1,240,244,20012,0.004098360655737705,1.0,0.005102517577930439
11136,2020-08-01,Herkimer,1,241,316,20328,0.0031645569620253164,0.0,0.003557601044521385
11137,2020-08-02,Herkimer,5,246,278,20606,0.017985611510791366,0.0,0.0036160460114172737
11138,2020-08-03,Herkimer,16,262,410,21016,0.03902439024390244,1.0,0.005418280782533458
11139,2020-08-04,Herkimer,2,264,265,21281,0.007547169811320755,2.0,0.005957364340484941
11140,2020-08-05,Herkimer,4,268,214,21495,0.018691588785046728,2.0,0.0064651198549160235
11141,2020-08-06,Herkimer,2,270,218,21713,0.009174311926605505,2.0,0.007120427849673559
11142,2020-08-07,Herkimer,3,273,312,22025,0.009615384615384616,2.0,0.007514500989648338
11143,2020-08-08,Herkimer,1,274,378,22403,0.0026455026455026454,2.0,0.00747742568132529
11144,2020-08-09,Herkimer,0,274,279,22682,0.0,2.0,0.006192739144840192
11145,2020-08-10,Herkimer,3,277,322,23004,0.009316770186335404,1.0,0.004070766283585403
11146,2020-08-11,Herkimer,0,277,248,23252,0.0,0.0,0.0035316827256339214
11147,2020-08-12,Herkimer,1,278,213,23465,0.004694835680751174,0.0,0.0025319146467556674
11148,2020-08-13,Herkimer,0,278,227,23692,0.0,0.0,0.0018766066519981315
11149,2020-08-14,Herkimer,4,282,338,24030,0.011834319526627219,0.0,0.0020351020028011742
11150,2020-08-15,Herkimer,1,283,430,24460,0.002325581395348837,0.0,0.0020122504849330453
11151,2020-08-16,Herkimer,1,284,153,24613,0.006535947712418301,0.0,0.0024791038929629244
11152,2020-08-17,Herkimer,0,284,181,24794,0.0,0.0,0.0018136203082246808
11153,2020-08-18,Herkimer,0,284,167,24961,0.0,0.0,0.0018136203082246808
11154,2020-08-19,Herkimer,0,284,302,25263,0.0,0.0,0.0014782749024567399
11155,2020-08-20,Herkimer,5,289,330,25593,0.015151515151515152,0.0,0.0025605259847078224
11156,2020-08-21,Herkimer,0,289,378,25971,0.0,0.0,0.0017152174470915923
11157,2020-08-22,Herkimer,0,289,294,26265,0.0,0.0,0.001549104490280961
11158,2020-08-23,Herkimer,0,289,194,26459,0.0,0.0,0.0010822510822510823
11159,2020-08-24,Herkimer,1,290,175,26634,0.005714285714285714,0.0,0.0014904143475572046
11160,2020-08-25,Herkimer,2,292,304,26938,0.006578947368421052,0.0,0.0019603391595872798
11161,2020-08-26,Herkimer,2,294,357,27295,0.0056022408963585435,0.0,0.00236049922361289
11162,2020-08-27,Herkimer,0,294,263,27558,0.0,0.0,0.001278248141361808
11163,2020-08-28,Herkimer,1,295,336,27894,0.002976190476190476,0.0,0.0014908331753754132
11164,2020-08-29,Herkimer,2,297,374,28268,0.0053475935828877,0.0,0.0018728041455816776
11165,2020-08-30,Herkimer,0,297,308,28576,0.0,0.0,0.0018728041455816776
11166,2020-08-31,Herkimer,1,298,360,28936,0.002777777777777778,0.0,0.0016630535786882534
11167,2020-09-01,Herkimer,5,303,160,29096,0.03125,0.0,0.0034252716238010357
11168,2020-09-02,Herkimer,2,305,257,29353,0.007782101167315175,0.0,0.0035809759288693665
11169,2020-09-03,Herkimer,1,306,323,29676,0.0030959752321981426,0.0,0.003802117016883519
11170,2020-09-04,Herkimer,0,306,278,29954,0.0,0.0,0.003589531982869914
11171,2020-09-05,Herkimer,2,308,345,30299,0.005797101449275362,0.0,0.0036216396876118896
11172,2020-09-06,Herkimer,0,308,145,30444,0.0,0.0,0.0036216396876118896
11173,2020-09-07,Herkimer,0,308,251,30695,0.0,0.0,0.0034232269891991914
11174,2020-09-08,Herkimer,0,308,117,30812,0.0,0.0,0.0011910841320563344
11175,2020-09-09,Herkimer,0,308,154,30966,0.0,0.0,0.0006352197629623933
11176,2020-09-10,Herkimer,4,312,343,31309,0.011661807580174927,0.0,0.0012470649306750208
11177,2020-09-11,Herkimer,0,312,454,31763,0.0,0.0,0.0012470649306750208
11178,2020-09-12,Herkimer,1,313,316,32079,0.0031645569620253164,0.0,0.0010590260387285887
11179,2020-09-13,Herkimer,0,313,262,32341,0.0,0.0,0.0010590260387285887
11180,2020-09-14,Herkimer,0,313,236,32577,0.0,0.0,0.0010590260387285887
11181,2020-09-15,Herkimer,1,314,169,32746,0.005917159763313609,0.0,0.0014816803075367038
11182,2020-09-16,Herkimer,2,316,206,32952,0.009708737864077669,0.0,0.0021751615835422515
11183,2020-09-17,Herkimer,2,318,280,33232,0.007142857142857143,0.0,0.001852379409448124
11184,2020-09-18,Herkimer,1,319,309,33541,0.003236245954692557,0.0,0.002083539834783307
11185,2020-09-19,Herkimer,2,321,397,33938,0.005037783375314861,0.0,0.0022173417214468457
11186,2020-09-20,Herkimer,0,321,316,34254,0.0,0.0,0.0022173417214468457
11187,2020-09-21,Herkimer,1,322,216,34470,0.004629629629629629,0.0,0.0025480295521346764
11188,2020-09-22,Herkimer,5,327,283,34753,0.0176678445229682,0.0,0.00338736417782429
11189,2020-09-23,Herkimer,2,329,218,34971,0.009174311926605505,0.0,0.003349190896576278
11190,2020-09-24,Herkimer,2,331,317,35288,0.006309148264984227,0.0,0.0032896402624424986
11191,2020-09-25,Herkimer,3,334,566,35854,0.00530035335689046,1.0,0.0034370765054566343
11192,2020-09-26,Herkimer,0,334,304,36158,0.0,0.0,0.003077234835791287
11193,2020-09-27,Herkimer,1,335,166,36324,0.006024096385542169,1.0,0.0035075274347585853
11194,2020-09-28,Herkimer,2,337,357,36681,0.0056022408963585435,1.0,0.0035769996680963642
11195,2020-09-29,Herkimer,1,338,235,36916,0.00425531914893617,0.0,0.002618962141379791
11196,2020-09-30,Herkimer,2,340,295,37211,0.006779661016949152,0.0,0.0024479156478329086
11197,2020-10-01,Herkimer,2,342,317,37528,0.006309148264984227,0.0,0.0024479156478329086
11198,2020-10-02,Herkimer,2,344,616,38144,0.003246753246753247,0.0,0.0023012299256802505
11199,2020-10-03,Herkimer,2,346,254,38398,0.007874015748031496,0.0,0.0028636596219682145
11200,2020-10-04,Herkimer,2,348,193,38591,0.010362694300518135,0.0,0.003173559473037927
11201,2020-10-05,Herkimer,1,349,253,38844,0.003952569169960474,0.0,0.0030557257782952074
11202,2020-10-06,Herkimer,4,353,250,39094,0.016,1.0,0.003894631553371195
11203,2020-10-07,Herkimer,2,355,266,39360,0.007518796992481203,1.0,0.0039474269801949135
11204,2020-10-08,Herkimer,0,355,259,39619,0.0,0.0,0.0034967735326960395
11205,2020-10-09,Herkimer,3,358,667,40286,0.004497751124437781,1.0,0.0035861305239592205
11206,2020-10-10,Herkimer,1,359,527,40813,0.0018975332068311196,0.0,0.0031592389138734795
11207,2020-10-11,Herkimer,2,361,298,41111,0.006711409395973154,0.0,0.0028984328492631236
11208,2020-10-12,Herkimer,2,363,362,41473,0.0055248618784530384,1.0,0.003010739471298307
11209,2020-10-13,Herkimer,0,363,288,41761,0.0,0.0,0.001867882328441164
11210,2020-10-14,Herkimer,4,367,307,42068,0.013029315960912053,0.0,0.0022614908261862246
11211,2020-10-15,Herkimer,0,367,397,42465,0.0,0.0,0.0022614908261862246
11212,2020-10-16,Herkimer,1,368,439,42904,0.002277904328018223,0.0,0.0021029303407276846
11213,2020-10-17,Herkimer,2,370,301,43205,0.006644518272425249,0.0,0.0024420007025558366
11214,2020-10-18,Herkimer,0,370,237,43442,0.0,0.0,0.001962614317129183
11215,2020-10-19,Herkimer,1,371,289,43731,0.0034602076124567475,0.0,0.0018151390124151623
11216,2020-10-20,Herkimer,3,374,404,44135,0.007425742574257425,0.0,0.002345549196290693
11217,2020-10-21,Herkimer,2,376,287,44422,0.006968641114982578,0.0,0.0019126438501528731
11218,2020-10-22,Herkimer,4,380,310,44732,0.012903225806451613,0.0,0.0028343028363279885
11219,2020-10-23,Herkimer,4,384,509,45241,0.007858546168958742,1.0,0.0032329201106808822
11220,2020-10-24,Herkimer,3,387,518,45759,0.005791505791505791,1.0,0.003171990647758064
11221,2020-10-25,Herkimer,2,389,256,46015,0.0078125,1.0,0.0037300263620437778
11222,2020-10-26,Herkimer,1,390,262,46277,0.003816793893129771,1.0,0.0037554968106632797
11223,2020-10-27,Herkimer,4,394,388,46665,0.010309278350515464,1.0,0.0039614636518245675
11224,2020-10-28,Herkimer,0,394,345,47010,0.0,1.0,0.0034637035721829554
11225,2020-10-29,Herkimer,0,394,338,47348,0.0,1.0,0.00254204458600784
11226,2020-10-30,Herkimer,2,396,398,47746,0.005025125628140704,0.0,0.002339657404520838
11227,2020-10-31,Herkimer,3,399,320,48066,0.009375,0.0,0.0025956212765561384
11228,2020-11-01,Herkimer,8,407,238,48304,0.03361344537815126,1.0,0.004438545946424085
11229,2020-11-02,Herkimer,7,414,331,48635,0.021148036253776436,1.0,0.005676491829327418
11230,2020-11-03,Herkimer,4,418,327,48962,0.012232415902140673,1.0,0.005813858797300647
11231,2020-11-04,Herkimer,6,424,493,49455,0.012170385395537525,2.0,0.006683172039839042
11232,2020-11-05,Herkimer,10,434,573,50028,0.017452006980802792,2.0,0.007929743967039242
11233,2020-11-06,Herkimer,9,443,384,50412,0.0234375,3.0,0.009244913565029192
11234,2020-11-07,Herkimer,4,447,471,50883,0.008492569002123142,3.0,0.00918188277946656
11235,2020-11-08,Herkimer,2,449,245,51128,0.00816326530612245,3.0,0.007364012774321645
11236,2020-11-09,Herkimer,12,461,469,51597,0.0255863539445629,3.0,0.007681035466520677
11237,2020-11-10,Herkimer,11,472,439,52036,0.025056947608200455,3.0,0.008597073445524947
11238,2020-11-11,Herkimer,4,476,392,52428,0.01020408163265306,3.0,0.008456623176747486
11239,2020-11-12,Herkimer,4,480,427,52855,0.00936768149882904,3.0,0.007879171356606504
11240,2020-11-13,Herkimer,5,485,401,53256,0.012468827930174564,3.0,0.007095694780190401
11241,2020-11-14,Herkimer,6,491,295,53551,0.020338983050847456,3.0,0.007941867212242137
11242,2020-11-15,Herkimer,13,504,468,54019,0.027777777777777776,3.0,0.009342903817360375
11243,2020-11-16,Herkimer,4,508,284,54303,0.014084507042253521,3.0,0.008521343324338277
11244,2020-11-17,Herkimer,16,524,401,54704,0.0399002493765586,3.0,0.00958157916493529
11245,2020-11-18,Herkimer,13,537,439,55143,0.029612756264236904,4.0,0.010967913067191276
11246,2020-11-19,Herkimer,15,552,364,55507,0.04120879120879121,5.0,0.01324227804647429
11247,2020-11-20,Herkimer,12,564,372,55879,0.03225806451612903,5.0,0.014655794945471035
11248,2020-11-21,Herkimer,11,575,581,56460,0.0189328743545611,6.0,0.014555358610022011
11249,2020-11-22,Herkimer,7,582,439,56899,0.015945330296127564,5.0,0.01371018378990414
11250,2020-11-23,Herkimer,21,603,264,57163,0.07954545454545454,6.0,0.018385965754418497
11251,2020-11-24,Herkimer,13,616,727,57890,0.017881705639614855,6.0,0.016813212630351085
11252,2020-11-25,Herkimer,15,631,440,58330,0.03409090909090909,6.0,0.0171330806893991
11253,2020-11-26,Herkimer,14,645,422,58752,0.03317535545023697,6.0,0.01655926384950237
11254,2020-11-27,Herkimer,19,664,359,59111,0.052924791086350974,7.0,0.01803545860451822
11255,2020-11-28,Herkimer,27,691,450,59561,0.06,8.0,0.020968824722049573
11256,2020-11-29,Herkimer,18,709,398,59959,0.04522613065326633,9.0,0.023060310461845198
11257,2020-11-30,Herkimer,22,731,495,60454,0.044444444444444446,9.0,0.02055309545463019
11258,2020-12-01,Herkimer,24,755,556,61010,0.04316546762589928,9.0,0.022359078453650507
11259,2020-12-02,Herkimer,34,789,628,61638,0.054140127388535034,11.0,0.023791165474909504
11260,2020-12-03,Herkimer,33,822,605,62243,0.05454545454545454,12.0,0.025317601124567903
11261,2020-12-04,Herkimer,25,847,587,62830,0.04258943781942078,13.0,0.02457936160550146
11262,2020-12-05,Herkimer,38,885,774,63604,0.04909560723514212,13.0,0.023800476408011608
11263,2020-12-06,Herkimer,32,917,490,64094,0.0653061224489796,14.0,0.025234761536276844
11264,2020-12-07,Herkimer,24,941,296,64390,0.08108108108108109,15.0,0.02785166415317946
11265,2020-12-08,Herkimer,45,986,641,65031,0.07020280811232449,16.0,0.02978290275935269
11266,2020-12-09,Herkimer,34,1020,383,65414,0.08877284595300261,16.0,0.032256668371100375
11267,2020-12-10,Herkimer,42,1062,593,66007,0.07082630691399663,17.0,0.03341958639742481
11268,2020-12-11,Herkimer,55,1117,750,66757,0.07333333333333333,19.0,0.03561557893413285
11269,2020-12-12,Herkimer,46,1163,527,67284,0.0872865275142315,19.0,0.03834350181121066
11270,2020-12-13,Herkimer,33,1196,547,67831,0.0603290676416819,19.0,0.037987997896403676
11271,2020-12-14,Herkimer,42,1238,415,68246,0.10120481927710843,21.0,0.03942540776754849
11272,2020-12-15,Herkimer,41,1279,552,68798,0.07427536231884058,20.0,0.03971630449658536
11273,2020-12-16,Herkimer,35,1314,520,69318,0.0673076923076923,21.0,0.03818307923620605
11274,2020-12-17,Herkimer,53,1367,517,69835,0.10251450676982592,21.0,0.040446522083050995
11275,2020-12-18,Herkimer,34,1401,682,70517,0.04985337243401759,20.0,0.03876938201881416
11276,2020-12-19,Herkimer,50,1451,788,71305,0.06345177664974619,20.0,0.03706689981420807
11277,2020-12-20,Herkimer,44,1495,415,71720,0.10602409638554217,21.0,0.04033083043876951
11278,2020-12-21,Herkimer,46,1541,388,72108,0.11855670103092783,21.0,0.04157025056404233
11279,2020-12-22,Herkimer,74,1615,716,72824,0.10335195530726257,24.0,0.04364715006321533
11280,2020-12-23,Herkimer,84,1699,687,73511,0.1222707423580786,27.0,0.047573082209671484
11281,2020-12-24,Herkimer,65,1764,540,74051,0.12037037037037036,28.0,0.048848501038281804
11282,2020-12-25,Herkimer,46,1810,566,74617,0.0812720848056537,29.0,0.05109269477911297
11283,2020-12-26,Herkimer,34,1844,470,75087,0.07234042553191489,28.0,0.051727598270696444
11284,2020-12-27,Herkimer,62,1906,503,75590,0.12326043737574553,29.0,0.0529587654842824
11285,2020-12-28,Herkimer,74,1980,541,76131,0.1367837338262477,31.0,0.05426069639823381
11286,2020-12-29,Herkimer,69,2049,647,76778,0.10664605873261206,31.0,0.05449598950004449
11287,2020-12-30,Herkimer,89,2138,788,77566,0.11294416243654823,31.0,0.053829805219935176
11288,2020-12-31,Herkimer,92,2230,883,78449,0.10419026047565119,33.0,0.052674083084598096
11289,2021-01-01,Herkimer,97,2327,766,79215,0.12663185378590078,36.0,0.05591406658318717
11290,2021-01-02,Herkimer,80,2407,602,79817,0.132890365448505,40.0,0.06023906229151504
11291,2021-01-03,Herkimer,66,2473,412,80229,0.16019417475728157,40.0,0.06287718639019617
11292,2021-01-04,Herkimer,69,2542,415,80644,0.16626506024096385,40.0,0.06498299541981876
11293,2021-01-05,Herkimer,104,2646,722,81366,0.1440443213296399,42.0,0.06765429989103504
11294,2021-01-06,Herkimer,104,2750,648,82014,0.16049382716049382,43.0,0.07105070451417402
11295,2021-01-07,Herkimer,112,2862,717,82731,0.15620641562064155,45.0,0.0747661441673876
11296,2021-01-08,Herkimer,94,2956,850,83581,0.11058823529411765,44.0,0.07362017141797453
11297,2021-01-09,Herkimer,82,3038,989,84570,0.08291203235591507,45.0,0.07005029048278953
11298,2021-01-10,Herkimer,63,3101,544,85114,0.11580882352941177,44.0,0.06687990825222741
11299,2021-01-11,Herkimer,81,3182,645,85759,0.12558139534883722,45.0,0.06397393218850407
11300,2021-01-12,Herkimer,70,3252,509,86268,0.137524557956778,43.0,0.06350823480472823
11301,2021-01-13,Herkimer,51,3303,574,86842,0.08885017421602788,39.0,0.05839083102298065
11302,2021-01-14,Herkimer,120,3423,1073,87915,0.11183597390493942,40.0,0.05522151375757335
11303,2021-01-15,Herkimer,62,3485,1057,88972,0.0586565752128666,37.0,0.05151210946605543
11304,2021-01-16,Herkimer,43,3528,580,89552,0.07413793103448275,35.0,0.05088538794309598
11305,2021-01-17,Herkimer,33,3561,466,90018,0.07081545064377683,32.0,0.04767157559412205
11306,2021-01-18,Herkimer,42,3603,469,90487,0.08955223880597014,30.0,0.04509806441248869
11307,2021-01-19,Herkimer,79,3682,687,91174,0.11499272197962154,30.0,0.04348864755697751
11308,2021-01-20,Herkimer,61,3743,806,91980,0.07568238213399504,31.0,0.042548090979689444
11309,2021-01-21,Herkimer,96,3839,881,92861,0.10896708286038592,29.0,0.04234317019079277
11310,2021-01-22,Herkimer,57,3896,689,93550,0.08272859216255443,29.0,0.044062599972913334
11311,2021-01-23,Herkimer,35,3931,800,94350,0.04375,28.0,0.04189203347045028
11312,2021-01-24,Herkimer,24,3955,411,94761,0.058394160583941604,28.0,0.041004798466176336
11313,2021-01-25,Herkimer,28,3983,334,95095,0.08383233532934131,27.0,0.040596233932131416
11314,2021-01-26,Herkimer,45,4028,410,95505,0.10975609756097561,24.0,0.04022218933079957
11315,2021-01-27,Herkimer,63,4091,675,96180,0.09333333333333334,24.0,0.041482971559323734
11316,2021-01-28,Herkimer,56,4147,853,97033,0.06565064478311841,22.0,0.03838894026809033
11317,2021-01-29,Herkimer,26,4173,707,97740,0.036775106082036775,19.0,0.03510654840519622
11318,2021-01-30,Herkimer,30,4203,674,98414,0.04451038575667656,19.0,0.035160861673530254
11319,2021-01-31,Herkimer,25,4228,422,98836,0.05924170616113744,19.0,0.03522140064332996
11320,2021-02-01,Herkimer,27,4255,330,99166,0.08181818181818182,19.0,0.03507753253539
11321,2021-02-02,Herkimer,13,4268,328,99494,0.039634146341463415,17.0,0.030068821733996273
11322,2021-02-03,Herkimer,14,4282,393,99887,0.035623409669211195,13.0,0.02594668432941611
11323,2021-02-04,Herkimer,19,4301,563,100450,0.03374777975133215,11.0,0.023667908255717095
11324,2021-02-05,Herkimer,25,4326,778,101228,0.032133676092544985,10.0,0.023336377542181968
11325,2021-02-06,Herkimer,21,4347,992,102220,0.021169354838709676,10.0,0.021669161048041476
11326,2021-02-07,Herkimer,18,4365,549,102769,0.03278688524590164,9.0,0.019779530982667493
11327,2021-02-08,Herkimer,13,4378,230,102999,0.05652173913043478,8.0,0.017972642219256985
11328,2021-02-09,Herkimer,14,4392,367,103366,0.03814713896457766,8.0,0.01786642740662229
11329,2021-02-10,Herkimer,9,4401,787,104153,0.011435832274459974,8.0,0.016138743306997206
11330,2021-02-11,Herkimer,8,4409,563,104716,0.014209591474245116,7.0,0.014743158430062417
11331,2021-02-12,Herkimer,14,4423,764,105480,0.01832460732984293,6.0,0.013756796375583701
11332,2021-02-13,Herkimer,13,4436,643,106123,0.02021772939346812,6.0,0.013688823129495016
11333,2021-02-14,Herkimer,11,4447,209,106332,0.05263157894736842,5.0,0.015106301251028357
11334,2021-02-15,Herkimer,13,4460,247,106579,0.05263157894736842,5.0,0.014828432666523615
11335,2021-02-16,Herkimer,8,4468,340,106919,0.023529411764705882,5.0,0.013784309295104201
11336,2021-02-17,Herkimer,8,4476,553,107472,0.014466546112115732,5.0,0.014000788854936757
11337,2021-02-18,Herkimer,13,4489,396,107868,0.03282828282828283,5.0,0.015330695380225166
11338,2021-02-19,Herkimer,10,4499,582,108450,0.01718213058419244,5.0,0.015249089898392989
11339,2021-02-20,Herkimer,6,4505,1189,109639,0.005046257359125316,4.0,0.01416541332451136
11340,2021-02-21,Herkimer,8,4513,252,109891,0.031746031746031744,4.0,0.012673588524415884
11341,2021-02-22,Herkimer,8,4521,253,110144,0.03162055335968379,4.0,0.01117280098243841
11342,2021-02-23,Herkimer,10,4531,409,110553,0.02444987775061125,4.0,0.01123854855286022
11343,2021-02-24,Herkimer,3,4534,674,111227,0.004451038575667656,4.0,0.010523155157399643
11344,2021-02-25,Herkimer,5,4539,800,112027,0.00625,3.0,0.00862470638395087
11345,2021-02-26,Herkimer,6,4545,719,112746,0.008344923504867872,3.0,0.00799347730685626
11346,2021-02-27,Herkimer,9,4554,661,113407,0.01361573373676248,3.0,0.00860558276240177
11347,2021-02-28,Herkimer,7,4561,168,113575,0.041666666666666664,3.0,0.009314199542447122
11348,2021-03-01,Herkimer,7,4568,173,113748,0.04046242774566474,3.0,0.009945761998588617
11349,2021-03-02,Herkimer,7,4575,473,114221,0.014799154334038054,3.0,0.009256424611690533
11350,2021-03-03,Herkimer,3,4578,710,114931,0.004225352112676056,3.0,0.009240304150048275
11351,2021-03-04,Herkimer,10,4588,680,115611,0.014705882352941176,3.0,0.009844295746686932
11352,2021-03-05,Herkimer,13,4601,884,116495,0.014705882352941176,4.0,0.010298649950120739
11353,2021-03-06,Herkimer,8,4609,642,117137,0.012461059190031152,3.0,0.010216173196782788
11354,2021-03-07,Herkimer,4,4613,227,117364,0.01762114537444934,3.0,0.008498635961624408
11355,2021-03-08,Herkimer,1,4614,176,117540,0.005681818181818182,3.0,0.006014306707063938
11356,2021-03-09,Herkimer,7,4621,459,117999,0.015250544662309368,3.0,0.006046548873369033
11357,2021-03-10,Herkimer,6,4627,724,118723,0.008287292817679558,3.0,0.006336687495154997
11358,2021-03-11,Herkimer,4,4631,554,119277,0.007220216606498195,3.0,0.005801997084694784
11359,2021-03-12,Herkimer,7,4638,702,119979,0.009971509971509971,2.0,0.005463827628878269
11360,2021-03-13,Herkimer,6,4644,815,120794,0.007361963190184049,2.0,0.0050996064860320475
11361,2021-03-14,Herkimer,5,4649,211,121005,0.023696682464454975,2.0,0.005533573421032449
11362,2021-03-15,Herkimer,6,4655,348,121353,0.017241379310344827,2.0,0.006359256358784354
11363,2021-03-16,Herkimer,11,4666,585,121938,0.018803418803418803,3.0,0.006613033083149313
11364,2021-03-17,Herkimer,8,4674,833,122771,0.009603841536614645,3.0,0.006707072277358963
11365,2021-03-18,Herkimer,4,4678,521,123292,0.007677543186180422,3.0,0.006739738461621978
11366,2021-03-19,Herkimer,17,4695,873,124165,0.019473081328751432,4.0,0.007418422129996368
11367,2021-03-20,Herkimer,10,4705,523,124688,0.019120458891013385,4.0,0.008258314680055607
11368,2021-03-21,Herkimer,6,4711,205,124893,0.02926829268292683,4.0,0.008656286838517883
11369,2021-03-22,Herkimer,4,4715,362,125255,0.011049723756906077,4.0,0.00821402572755797
11370,2021-03-23,Herkimer,9,4724,505,125760,0.01782178217821782,4.0,0.008143908825757901
11371,2021-03-24,Herkimer,3,4727,889,126649,0.003374578177727784,3.0,0.007698961442980268
11372,2021-03-25,Herkimer,8,4735,819,127468,0.009768009768009768,4.0,0.007848280484539507
11373,2021-03-26,Herkimer,10,4745,679,128147,0.014727540500736377,3.0,0.007509313282538431
11374,2021-03-27,Herkimer,9,4754,911,129058,0.009879253567508232,3.0,0.006849227188002349
11375,2021-03-28,Herkimer,3,4757,214,129272,0.014018691588785047,3.0,0.005759969966992222
11376,2021-03-29,Herkimer,5,4762,234,129506,0.021367521367521368,3.0,0.006496955510607601
11377,2021-03-30,Herkimer,10,4772,456,129962,0.021929824561403508,3.0,0.006790387109406577
11378,2021-03-31,Herkimer,4,4776,870,130832,0.004597701149425287,3.0,0.006877753035956399
11379,2021-04-01,Herkimer,12,4788,557,131389,0.02154398563734291,3.0,0.007718894169480196
11380,2021-04-02,Herkimer,9,4797,708,132097,0.012711864406779662,3.0,0.007574917305626144
11381,2021-04-03,Herkimer,5,4802,741,132838,0.006747638326585695,3.0,0.007351230502703106
11382,2021-04-04,Herkimer,8,4810,203,133041,0.03940886699507389,3.0,0.009164814460295167
11383,2021-04-05,Herkimer,4,4814,364,133405,0.01098901098901099,3.0,0.008423492290401567
11384,2021-04-06,Herkimer,10,4824,477,133882,0.020964360587002098,3.0,0.008354530577944325
11385,2021-04-07,Herkimer,6,4830,905,134787,0.0066298342541436465,3.0,0.008499682942567064
11386,2021-04-08,Herkimer,6,4836,796,135583,0.007537688442211055,3.0,0.0074992331429147895
11387,2021-04-09,Herkimer,6,4842,576,136159,0.010416666666666666,3.0,0.007335290447192431
11388,2021-04-10,Herkimer,6,4848,483,136642,0.012422360248447204,3.0,0.007740627727325396
11389,2021-04-11,Herkimer,8,4856,198,136840,0.04040404040404041,3.0,0.007811711542251578
11390,2021-04-12,Herkimer,12,4868,453,137293,0.026490066225165563,3.0,0.008918929773405476
11391,2021-04-13,Herkimer,15,4883,420,137713,0.03571428571428571,4.0,0.009972495853925732
11392,2021-04-14,Herkimer,13,4896,940,138653,0.013829787234042552,4.0,0.010486778209632798
11393,2021-04-15,Herkimer,13,4909,765,139418,0.01699346405228758,5.0,0.011162190753209691
11394,2021-04-16,Herkimer,9,4918,562,139980,0.01601423487544484,5.0,0.011562017053836705
11395,2021-04-17,Herkimer,12,4930,539,140519,0.022263450834879406,5.0,0.012264952095724719
11396,2021-04-18,Herkimer,7,4937,191,140710,0.03664921465968586,5.0,0.011996750256842253
11397,2021-04-19,Herkimer,4,4941,516,141226,0.007751937984496124,5.0,0.010658312525365862
11398,2021-04-20,Herkimer,5,4946,527,141753,0.009487666034155597,4.0,0.00878498254821371
11399,2021-04-21,Herkimer,3,4949,826,142579,0.0036319612590799033,3.0,0.00805656640714495
11400,2021-04-22,Herkimer,5,4954,635,143214,0.007874015748031496,3.0,0.007405177242555231
11401,2021-04-23,Herkimer,4,4958,558,143772,0.007168458781362007,2.0,0.006773336092977885
11402,2021-04-24,Herkimer,5,4963,694,144466,0.007204610951008645,2.0,0.005697704672701402
11403,2021-04-25,Herkimer,2,4965,251,144717,0.00796812749003984,2.0,0.0036490555891552584
11404,2021-04-26,Herkimer,2,4967,234,144951,0.008547008547008548,1.0,0.0037058463436204316
11405,2021-04-27,Herkimer,6,4973,350,145301,0.017142857142857144,1.0,0.004252645708527685
11406,2021-04-28,Herkimer,4,4977,878,146179,0.004555808656036446,2.0,0.004318634808310295
11407,2021-04-29,Herkimer,10,4987,523,146702,0.019120458891013385,2.0,0.005121952175666143
11408,2021-04-30,Herkimer,7,4994,636,147338,0.0110062893081761,2.0,0.005396082927581436
11409,2021-05-01,Herkimer,9,5003,558,147896,0.016129032258064516,2.0,0.006033541592371142
11410,2021-05-02,Herkimer,8,5011,143,148039,0.055944055944055944,3.0,0.009460393624800863
11411,2021-05-03,Herkimer,12,5023,383,148422,0.031331592689295036,4.0,0.011087863920678469
11412,2021-05-04,Herkimer,6,5029,450,148872,0.013333333333333334,4.0,0.010815755077141054
11413,2021-05-05,Herkimer,12,5041,985,149857,0.012182741116751269,4.0,0.011360535967192113
11414,2021-05-06,Herkimer,13,5054,488,150345,0.02663934426229508,4.0,0.011897599207997949
11415,2021-05-07,Herkimer,5,5059,592,150937,0.008445945945945946,4.0,0.011714717539267224
11416,2021-05-08,Herkimer,10,5069,491,151428,0.020366598778004074,4.0,0.01201740086212005
11417,2021-05-09,Herkimer,3,5072,211,151639,0.014218009478672985,4.0,0.00903696897173555
11418,2021-05-10,Herkimer,5,5077,247,151886,0.020242914979757085,3.0,0.008244920563911412
11419,2021-05-11,Herkimer,10,5087,408,152294,0.024509803921568627,4.0,0.009043239891642504
11420,2021-05-12,Herkimer,7,5094,969,153263,0.007223942208462332,3.0,0.008689039969621866
11421,2021-05-13,Herkimer,5,5099,460,153723,0.010869565217391304,3.0,0.007562627180700167
11422,2021-05-14,Herkimer,3,5102,449,154172,0.0066815144766146995,3.0,0.007436596361462222
11423,2021-05-15,Herkimer,8,5110,699,154871,0.011444921316165951,2.0,0.006799333685616642
11424,2021-05-16,Herkimer,4,5114,143,155014,0.027972027972027972,3.0,0.00778176357799914
11425,2021-05-17,Herkimer,3,5117,138,155152,0.021739130434782608,2.0,0.007888636110500963
11426,2021-05-18,Herkimer,4,5121,363,155515,0.011019283746556474,2.0,0.006925027526571524
11427,2021-05-19,Herkimer,6,5127,936,156451,0.00641025641025641,2.0,0.006866907112413959
11428,2021-05-20,Herkimer,3,5130,459,156910,0.006535947712418301,2.0,0.006557363004915886
11429,2021-05-21,Herkimer,9,5139,408,157318,0.022058823529411766,2.0,0.00765574222297282
11430,2021-05-22,Herkimer,2,5141,779,158097,0.0025673940949935813,2.0,0.007021633135746222
11431,2021-05-23,Herkimer,3,5144,134,158231,0.022388059701492536,2.0,0.006622778259279405
11432,2021-05-24,Herkimer,4,5148,159,158390,0.025157232704402517,2.0,0.0068669284213951146
11433,2021-05-25,Herkimer,3,5151,460,158850,0.006521739130434782,2.0,0.006545675234529279
11434,2021-05-26,Herkimer,7,5158,744,159594,0.009408602150537635,2.0,0.006759842787406509
11435,2021-05-27,Herkimer,1,5159,419,160013,0.002386634844868735,2.0,0.006463463296867254
11436,2021-05-28,Herkimer,3,5162,592,160605,0.005067567567567568,1.0,0.005249802156735525
11437,2021-05-29,Herkimer,2,5164,528,161133,0.003787878787878788,1.0,0.005336979634798754
11438,2021-05-30,Herkimer,2,5166,119,161252,0.01680672268907563,1.0,0.0049383127053404035
11439,2021-05-31,Herkimer,6,5172,141,161393,0.0425531914893617,1.0,0.006180881189980346
11440,2021-06-01,Herkimer,0,5172,174,161567,0.0,1.0,0.005715042680663576
11441,2021-06-02,Herkimer,0,5172,771,162338,0.0,1.0,0.0050429996699108874
11442,2021-06-03,Herkimer,2,5174,541,162879,0.0036968576709796672,1.0,0.005136587014633097
11443,2021-06-04,Herkimer,2,5176,541,163420,0.0036968576709796672,1.0,0.005038679164876818
11444,2021-06-05,Herkimer,1,5177,540,163960,0.001851851851851852,0.0,0.00490039152658918
11445,2021-06-06,Herkimer,3,5180,115,164075,0.02608695652173913,1.0,0.00556326537177943
11446,2021-06-07,Herkimer,2,5182,258,164333,0.007751937984496124,0.0,0.0030774615500033173
11447,2021-06-08,Herkimer,0,5182,288,164621,0.0,0.0,0.0030774615500033173
11448,2021-06-09,Herkimer,0,5182,846,165467,0.0,0.0,0.0030774615500033173
11449,2021-06-10,Herkimer,0,5182,304,165771,0.0,0.0,0.002813400287790484
11450,2021-06-11,Herkimer,0,5182,383,166154,0.0,0.0,0.002549339025577651
11451,2021-06-12,Herkimer,0,5182,455,166609,0.0,0.0,0.0024170638933025184
11452,2021-06-13,Herkimer,4,5186,115,166724,0.034782608695652174,0.0,0.0030381819057248784
11453,2021-06-14,Herkimer,1,5187,107,166831,0.009345794392523364,0.0,0.0031520287920125387
11454,2021-06-15,Herkimer,2,5189,249,167080,0.008032128514056224,0.0,0.0037257522573022686
11455,2021-06-16,Herkimer,1,5190,386,167466,0.0025906735751295338,0.0,0.0039108003698115215
11456,2021-06-17,Herkimer,1,5191,256,167722,0.00390625,0.0,0.004189818226954379
11457,2021-06-18,Herkimer,2,5193,253,167975,0.007905138339920948,0.0,0.004754470965520161
11458,2021-06-19,Herkimer,1,5194,275,168250,0.0036363636363636364,0.0,0.00501421122526042
11459,2021-06-20,Herkimer,2,5196,130,168380,0.015384615384615385,0.0,0.0036286402744720786
11460,2021-06-21,Herkimer,0,5196,98,168478,0.0,0.0,0.002961083532148981
11461,2021-06-22,Herkimer,0,5196,184,168662,0.0,0.0,0.00238736006685925
11462,2021-06-23,Herkimer,2,5198,423,169085,0.004728132387706856,0.0,0.002540035696329059
11463,2021-06-24,Herkimer,4,5202,214,169299,0.018691588785046728,0.0,0.003596131323832397
11464,2021-06-25,Herkimer,1,5203,199,169498,0.005025125628140704,0.0,0.003390416130133808
11465,2021-06-26,Herkimer,2,5205,265,169763,0.007547169811320755,0.0,0.0036697594283450303
11466,2021-06-27,Herkimer,0,5205,60,169823,0.0,0.0,0.0025708583294439314
11467,2021-06-28,Herkimer,0,5205,95,169918,0.0,0.0,0.0025708583294439314
11468,2021-06-29,Herkimer,1,5206,234,170152,0.004273504273504274,0.0,0.002876108634694237
11469,2021-06-30,Herkimer,1,5207,200,170352,0.005,0.0,0.0028955277498580326
11470,2021-07-01,Herkimer,1,5208,161,170513,0.006211180124223602,0.0,0.002004069988370667
11471,2021-07-02,Herkimer,0,5208,160,170673,0.0,0.0,0.0016451324435034736
11472,2021-07-03,Herkimer,1,5209,180,170853,0.005555555555555556,0.0,0.0015028742823773881
11473,2021-07-04,Herkimer,0,5209,52,170905,0.0,0.0,0.0015028742823773881
11474,2021-07-05,Herkimer,1,5210,42,170947,0.023809523809523808,0.0,0.003203554554486231
11475,2021-07-06,Herkimer,1,5211,59,171006,0.01694915254237288,0.0,0.00410895800226256
11476,2021-07-07,Herkimer,2,5213,165,171171,0.012121212121212121,0.0,0.004617616010920569
11477,2021-07-08,Herkimer,3,5216,165,171336,0.01818181818181818,0.0,0.005472661586463039
11478,2021-07-09,Herkimer,1,5217,131,171467,0.007633587786259542,0.0,0.006017917856910149
11479,2021-07-10,Herkimer,1,5218,116,171583,0.008620689655172414,0.0,0.006236856006882782
11480,2021-07-11,Herkimer,1,5219,68,171651,0.014705882352941176,0.0,0.007287276174950009
11481,2021-07-12,Herkimer,0,5219,73,171724,0.0,0.0,0.005586595902841165
11482,2021-07-13,Herkimer,2,5221,103,171827,0.019417475728155338,0.0,0.005762904701825626
11483,2021-07-14,Herkimer,3,5224,161,171988,0.018633540372670808,0.0,0.006228071005501248
11484,2021-07-15,Herkimer,1,5225,167,172155,0.005988023952095809,0.0,0.00535708570337822
11485,2021-07-16,Herkimer,0,5225,109,172264,0.0,0.0,0.00481182943293111
11486,2021-07-17,Herkimer,0,5225,218,172482,0.0,0.0,0.004196065886133081
11487,2021-07-18,Herkimer,0,5225,61,172543,0.0,0.0,0.0031456457180658536
11488,2021-07-19,Herkimer,3,5228,121,172664,0.024793388429752067,0.0,0.004916602034476715
11489,2021-07-20,Herkimer,3,5231,110,172774,0.02727272727272727,0.0,0.005477691430517568
11490,2021-07-21,Herkimer,3,5234,150,172924,0.02,0.0,0.005575295689612511
11491,2021-07-22,Herkimer,0,5234,161,173085,0.0,0.0,0.005147579693034239
11492,2021-07-23,Herkimer,1,5235,122,173207,0.00819672131147541,0.0,0.0057330597867110535
11493,2021-07-24,Herkimer,3,5238,135,173342,0.022222222222222223,0.0,0.00732036137401264
11494,2021-07-25,Herkimer,1,5239,43,173385,0.023255813953488372,1.0,0.008981490942118952
11495,2021-07-26,Herkimer,3,5242,186,173571,0.016129032258064516,1.0,0.008362608358426985
11496,2021-07-27,Herkimer,4,5246,323,173894,0.01238390092879257,1.0,0.00729912076243165
11497,2021-07-28,Herkimer,5,5251,200,174094,0.025,1.0,0.007656263619574506
11498,2021-07-29,Herkimer,4,5255,146,174240,0.0273972602739726,1.0,0.009613210782001122
11499,2021-07-30,Herkimer,6,5261,182,174422,0.03296703296703297,1.0,0.011382518757398092
11500,2021-07-31,Herkimer,2,5263,205,174627,0.00975609756097561,1.0,0.01049208128159476
11501,2021-08-01,Herkimer,3,5266,70,174697,0.04285714285714286,1.0,0.011892176203284366
11502,2021-08-02,Herkimer,7,5273,107,174804,0.06542056074766354,2.0,0.015412999666827154
11503,2021-08-03,Herkimer,10,5283,239,175043,0.04184100418410042,2.0,0.017517078470777714
11504,2021-08-04,Herkimer,11,5294,329,175372,0.03343465045592705,3.0,0.018119553503343933
11505,2021-08-05,Herkimer,7,5301,237,175609,0.029535864978902954,3.0,0.01827231098226753
11506,2020-03-01,Jefferson,0,0,0,0,,,
11507,2020-03-02,Jefferson,0,0,0,0,,,
11508,2020-03-03,Jefferson,0,0,0,0,,,
11509,2020-03-04,Jefferson,0,0,0,0,,,
11510,2020-03-05,Jefferson,0,0,0,0,,,
11511,2020-03-06,Jefferson,0,0,0,0,,,
11512,2020-03-07,Jefferson,0,0,1,1,0.0,0.0,
11513,2020-03-08,Jefferson,0,0,0,1,,0.0,
11514,2020-03-09,Jefferson,0,0,0,1,,0.0,
11515,2020-03-10,Jefferson,0,0,0,1,,0.0,
11516,2020-03-11,Jefferson,0,0,1,2,0.0,0.0,
11517,2020-03-12,Jefferson,0,0,0,2,,0.0,
11518,2020-03-13,Jefferson,0,0,0,2,,0.0,
11519,2020-03-14,Jefferson,0,0,0,2,,0.0,
11520,2020-03-15,Jefferson,0,0,1,3,0.0,0.0,
11521,2020-03-16,Jefferson,0,0,0,3,,0.0,
11522,2020-03-17,Jefferson,0,0,2,5,0.0,0.0,
11523,2020-03-18,Jefferson,1,1,7,12,0.14285714285714285,0.0,
11524,2020-03-19,Jefferson,0,1,13,25,0.0,0.0,
11525,2020-03-20,Jefferson,0,1,18,43,0.0,0.0,
11526,2020-03-21,Jefferson,0,1,4,47,0.0,0.0,
11527,2020-03-22,Jefferson,1,2,20,67,0.05,0.0,
11528,2020-03-23,Jefferson,0,2,1,68,0.0,0.0,0.013775510204081631
11529,2020-03-24,Jefferson,0,2,13,81,0.0,0.0,0.013775510204081631
11530,2020-03-25,Jefferson,1,3,31,112,0.03225806451612903,0.0,0.005875576036866359
11531,2020-03-26,Jefferson,0,3,23,135,0.0,0.0,0.005875576036866359
11532,2020-03-27,Jefferson,3,6,45,180,0.06666666666666667,0.0,0.010637480798771122
11533,2020-03-28,Jefferson,1,7,52,232,0.019230769230769232,0.0,0.012011107172397494
11534,2020-03-29,Jefferson,4,11,100,332,0.04,0.0,0.011296821458111781
11535,2020-03-30,Jefferson,1,12,19,351,0.05263157894736842,0.0,0.015056219954352383
11536,2020-03-31,Jefferson,0,12,14,365,0.0,0.0,0.015056219954352383
11537,2020-04-01,Jefferson,3,15,53,418,0.05660377358490566,0.0,0.016795199173550712
11538,2020-04-02,Jefferson,3,18,56,474,0.05357142857142857,1.0,0.020621729785795608
11539,2020-04-03,Jefferson,2,20,38,512,0.05263157894736842,1.0,0.01961922352013145
11540,2020-04-04,Jefferson,6,26,75,587,0.08,1.0,0.02395988286079079
11541,2020-04-05,Jefferson,7,33,98,685,0.07142857142857142,1.0,0.02620478081997446
11542,2020-04-06,Jefferson,6,39,63,748,0.09523809523809523,1.0,0.029248103412169234
11543,2020-04-07,Jefferson,1,40,25,773,0.04,2.0,0.03210524626931209
11544,2020-04-08,Jefferson,2,42,84,857,0.023809523809523808,1.0,0.029762799856784816
11545,2020-04-09,Jefferson,1,43,52,909,0.019230769230769232,1.0,0.027309895618166293
11546,2020-04-10,Jefferson,1,44,43,952,0.023255813953488372,1.0,0.025211626690032008
11547,2020-04-11,Jefferson,2,46,47,999,0.0425531914893617,1.0,0.02253685465355784
11548,2020-04-12,Jefferson,0,46,24,1023,0.0,0.0,0.01743481383723131
11549,2020-04-13,Jefferson,1,47,37,1060,0.02702702702702703,0.0,0.012562594679297868
11550,2020-04-14,Jefferson,0,47,1,1061,0.0,0.0,0.009705451822155011
11551,2020-04-15,Jefferson,1,48,33,1094,0.030303030303030304,0.0,0.010169273714548331
11552,2020-04-16,Jefferson,2,50,31,1125,0.06451612903225806,0.0,0.013403942271797534
11553,2020-04-17,Jefferson,0,50,16,1141,0.0,0.0,0.011742812703691222
11554,2020-04-18,Jefferson,4,54,53,1194,0.07547169811320754,0.0,0.014094134605394494
11555,2020-04-19,Jefferson,0,54,23,1217,0.0,0.0,0.014094134605394494
11556,2020-04-20,Jefferson,0,54,7,1224,0.0,0.0,0.012163632674892564
11557,2020-04-21,Jefferson,0,54,8,1232,0.0,0.0,0.012163632674892564
11558,2020-04-22,Jefferson,2,56,28,1260,0.07142857142857142,0.0,0.015101171326716931
11559,2020-04-23,Jefferson,2,58,37,1297,0.05405405405405406,0.0,0.014353880256845216
11560,2020-04-24,Jefferson,1,59,63,1360,0.015873015873015872,0.0,0.01548766710491778
11561,2020-04-25,Jefferson,1,60,27,1387,0.037037037037037035,0.0,0.0127423341709056
11562,2020-04-26,Jefferson,0,60,52,1439,0.0,0.0,0.0127423341709056
11563,2020-04-27,Jefferson,0,60,15,1454,0.0,0.0,0.0127423341709056
11564,2020-04-28,Jefferson,0,60,28,1482,0.0,0.0,0.0127423341709056
11565,2020-04-29,Jefferson,1,61,36,1518,0.027777777777777776,0.0,0.009624420338706054
11566,2020-04-30,Jefferson,0,61,37,1555,0.0,0.0,0.0057634164777021915
11567,2020-05-01,Jefferson,1,62,48,1603,0.020833333333333332,0.0,0.006117724867724867
11568,2020-05-02,Jefferson,0,62,48,1651,0.0,0.0,0.0034722222222222216
11569,2020-05-03,Jefferson,1,63,82,1733,0.012195121951219513,0.0,0.004343302361595044
11570,2020-05-04,Jefferson,0,63,13,1746,0.0,0.0,0.004343302361595044
11571,2020-05-05,Jefferson,0,63,50,1796,0.0,0.0,0.004343302361595044
11572,2020-05-06,Jefferson,1,64,90,1886,0.011111111111111112,0.0,0.0031528261711188535
11573,2020-05-07,Jefferson,2,66,82,1968,0.024390243902439025,0.0,0.0048949864498644986
11574,2020-05-08,Jefferson,1,67,47,2015,0.02127659574468085,0.0,0.004926648050675035
11575,2020-05-09,Jefferson,1,68,64,2079,0.015625,0.0,0.006042719479246464
11576,2020-05-10,Jefferson,0,68,63,2142,0.0,0.0,0.005171639339873642
11577,2020-05-11,Jefferson,0,68,46,2188,0.0,0.0,0.005171639339873642
11578,2020-05-12,Jefferson,0,68,80,2268,0.0,0.0,0.005171639339873642
11579,2020-05-13,Jefferson,1,69,104,2372,0.009615384615384616,0.0,0.0050648017330360345
11580,2020-05-14,Jefferson,2,71,453,2825,0.004415011037527594,0.0,0.0036379993855423618
11581,2020-05-15,Jefferson,0,71,237,3062,0.0,0.0,0.0021182425466365865
11582,2020-05-16,Jefferson,0,71,152,3214,0.0,0.0,0.0010021711180651577
11583,2020-05-17,Jefferson,0,71,137,3351,0.0,0.0,0.0010021711180651577
11584,2020-05-18,Jefferson,0,71,90,3441,0.0,0.0,0.0010021711180651577
11585,2020-05-19,Jefferson,0,71,64,3505,0.0,0.0,0.0010021711180651577
11586,2020-05-20,Jefferson,0,71,324,3829,0.0,0.0,0.000315357931251971
11587,2020-05-21,Jefferson,1,72,319,4148,0.003134796238244514,0.0,0.0002239140170174653
11588,2020-05-22,Jefferson,0,72,331,4479,0.0,0.0,0.0002239140170174653
11589,2020-05-23,Jefferson,0,72,305,4784,0.0,0.0,0.0002239140170174653
11590,2020-05-24,Jefferson,0,72,107,4891,0.0,0.0,0.0002239140170174653
11591,2020-05-25,Jefferson,0,72,71,4962,0.0,0.0,0.0002239140170174653
11592,2020-05-26,Jefferson,0,72,97,5059,0.0,0.0,0.0002239140170174653
11593,2020-05-27,Jefferson,0,72,136,5195,0.0,0.0,0.0002239140170174653
11594,2020-05-28,Jefferson,2,74,400,5595,0.005,0.0,0.00035714285714285714
11595,2020-05-29,Jefferson,0,74,227,5822,0.0,0.0,0.00035714285714285714
11596,2020-05-30,Jefferson,0,74,280,6102,0.0,0.0,0.00035714285714285714
11597,2020-05-31,Jefferson,0,74,256,6358,0.0,0.0,0.00035714285714285714
11598,2020-06-01,Jefferson,0,74,228,6586,0.0,0.0,0.00035714285714285714
11599,2020-06-02,Jefferson,0,74,256,6842,0.0,0.0,0.00035714285714285714
11600,2020-06-03,Jefferson,0,74,253,7095,0.0,0.0,0.00035714285714285714
11601,2020-06-04,Jefferson,1,75,482,7577,0.002074688796680498,0.0,0.00014819205690574984
11602,2020-06-05,Jefferson,0,75,315,7892,0.0,0.0,0.00014819205690574984
11603,2020-06-06,Jefferson,2,77,275,8167,0.007272727272727273,0.0,0.0006676725763862693
11604,2020-06-07,Jefferson,1,78,374,8541,0.00267379679144385,0.0,0.0008586580614894015
11605,2020-06-08,Jefferson,1,79,85,8626,0.011764705882352941,0.0,0.001698994195943183
11606,2020-06-09,Jefferson,0,79,257,8883,0.0,0.0,0.001698994195943183
11607,2020-06-10,Jefferson,0,79,299,9182,0.0,0.0,0.001698994195943183
11608,2020-06-11,Jefferson,1,80,564,9746,0.0017730496453900709,0.0,0.0016774485422795808
11609,2020-06-12,Jefferson,1,81,173,9919,0.005780346820809248,0.0,0.0020903304580516704
11610,2020-06-13,Jefferson,0,81,135,10054,0.0,0.0,0.0015708499385711507
11611,2020-06-14,Jefferson,0,81,261,10315,0.0,0.0,0.0013798644534680185
11612,2020-06-15,Jefferson,0,81,76,10391,0.0,0.0,0.0005395283190142371
11613,2020-06-16,Jefferson,1,82,108,10499,0.009259259259259259,0.0,0.0012009039803898985
11614,2020-06-17,Jefferson,0,82,367,10866,0.0,0.0,0.0012009039803898985
11615,2020-06-18,Jefferson,0,82,534,11400,0.0,0.0,0.0010742575771477505
11616,2020-06-19,Jefferson,1,83,237,11637,0.004219409282700422,0.0,0.0009627620387114058
11617,2020-06-20,Jefferson,1,84,118,11755,0.00847457627118644,0.0,0.0015680889152247229
11618,2020-06-21,Jefferson,0,84,220,11975,0.0,0.0,0.0015680889152247229
11619,2020-06-22,Jefferson,0,84,88,12063,0.0,0.0,0.0015680889152247229
11620,2020-06-23,Jefferson,0,84,120,12183,0.0,0.0,0.0009067132538490615
11621,2020-06-24,Jefferson,1,85,309,12492,0.003236245954692557,0.0,0.0011378736791842442
11622,2020-06-25,Jefferson,0,85,479,12971,0.0,0.0,0.0011378736791842442
11623,2020-06-26,Jefferson,0,85,184,13155,0.0,0.0,0.0008364873018484998
11624,2020-06-27,Jefferson,0,85,101,13256,0.0,0.0,0.00023116042533518263
11625,2020-06-28,Jefferson,1,86,234,13490,0.004273504273504274,0.0,0.0005364107305854879
11626,2020-06-29,Jefferson,0,86,68,13558,0.0,0.0,0.0005364107305854879
11627,2020-06-30,Jefferson,2,88,135,13693,0.014814814814814815,0.0,0.001594611788786546
11628,2020-07-01,Jefferson,2,90,240,13933,0.008333333333333333,0.0,0.0019586894586894584
11629,2020-07-02,Jefferson,3,93,213,14146,0.014084507042253521,0.0,0.0029647256759932814
11630,2020-07-03,Jefferson,0,93,324,14470,0.0,0.0,0.0029647256759932814
11631,2020-07-04,Jefferson,1,94,174,14644,0.005747126436781609,0.0,0.003375234707191968
11632,2020-07-05,Jefferson,0,94,119,14763,0.0,0.0,0.0030699844019416627
11633,2020-07-06,Jefferson,0,94,126,14889,0.0,0.0,0.0030699844019416627
11634,2020-07-07,Jefferson,0,94,293,15182,0.0,0.0,0.0020117833437406046
11635,2020-07-08,Jefferson,1,95,206,15388,0.0048543689320388345,0.0,0.0017632858865052833
11636,2020-07-09,Jefferson,0,95,171,15559,0.0,0.0,0.0007572496692014603
11637,2020-07-10,Jefferson,0,95,162,15721,0.0,0.0,0.0007572496692014603
11638,2020-07-11,Jefferson,2,97,95,15816,0.021052631578947368,0.0,0.0018505000364990147
11639,2020-07-12,Jefferson,2,99,495,16311,0.00404040404040404,0.0,0.002139100325099303
11640,2020-07-13,Jefferson,1,100,154,16465,0.006493506493506494,0.0,0.002602922217492624
11641,2020-07-14,Jefferson,0,100,251,16716,0.0,0.0,0.002602922217492624
11642,2020-07-15,Jefferson,2,102,143,16859,0.013986013986013986,0.0,0.0032551825784908487
11643,2020-07-16,Jefferson,1,103,165,17024,0.006060606060606061,0.0,0.0036880830113912816
11644,2020-07-17,Jefferson,1,104,385,17409,0.0025974025974025974,0.0,0.00387361176834861
11645,2020-07-18,Jefferson,1,105,321,17730,0.003115264797507788,0.0,0.002592371283960069
11646,2020-07-19,Jefferson,1,106,192,17922,0.005208333333333333,0.0,0.00267579480488359
11647,2020-07-20,Jefferson,6,112,633,18555,0.009478672985781991,0.0,0.0028890209829032683
11648,2020-07-21,Jefferson,1,113,325,18880,0.003076923076923077,0.0,0.0031088012026834885
11649,2020-07-22,Jefferson,7,120,412,19292,0.01699029126213592,1.0,0.0033233924366921977
11650,2020-07-23,Jefferson,3,123,311,19603,0.00964630225080386,1.0,0.0035795135931348983
11651,2020-07-24,Jefferson,3,126,563,20166,0.0053285968028419185,1.0,0.0037745988935234203
11652,2020-07-25,Jefferson,1,127,329,20495,0.00303951367781155,1.0,0.0037691880992594034
11653,2020-07-26,Jefferson,1,128,198,20693,0.005050505050505051,1.0,0.003757914650485955
11654,2020-07-27,Jefferson,0,128,115,20808,0.0,1.0,0.0030808665800729556
11655,2020-07-28,Jefferson,0,128,67,20875,0.0,1.0,0.002861086360292736
11656,2020-07-29,Jefferson,0,128,195,21070,0.0,0.0,0.001647494127283027
11657,2020-07-30,Jefferson,1,129,232,21302,0.004310344827586207,0.0,0.001266354311338909
11658,2020-07-31,Jefferson,1,130,129,21431,0.007751937984496124,0.0,0.001439450110028495
11659,2020-08-01,Jefferson,4,134,287,21718,0.013937282229965157,0.0,0.0022178621494680383
11660,2020-08-02,Jefferson,0,134,176,21894,0.0,0.0,0.0018571117887176776
11661,2020-08-03,Jefferson,5,139,292,22186,0.017123287671232876,0.0,0.0030802037652343114
11662,2020-08-04,Jefferson,1,140,309,22495,0.003236245954692557,0.0,0.0033113641905694944
11663,2020-08-05,Jefferson,0,140,428,22923,0.0,0.0,0.0033113641905694944
11664,2020-08-06,Jefferson,0,140,300,23223,0.0,0.0,0.0030034824171704796
11665,2020-08-07,Jefferson,0,140,82,23305,0.0,0.0,0.002449772561135042
11666,2020-08-08,Jefferson,2,142,194,23499,0.010309278350515464,0.0,0.0021906294268886355
11667,2020-08-09,Jefferson,0,142,65,23564,0.0,0.0,0.0021906294268886355
11668,2020-08-10,Jefferson,0,142,260,23824,0.0,0.0,0.0009675374503720014
11669,2020-08-11,Jefferson,0,142,178,24002,0.0,0.0,0.0007363770250368188
11670,2020-08-12,Jefferson,0,142,355,24357,0.0,0.0,0.0007363770250368188
11671,2020-08-13,Jefferson,1,143,338,24695,0.0029585798816568047,0.0,0.0009477041594408763
11672,2020-08-14,Jefferson,0,143,303,24998,0.0,0.0,0.0009477041594408763
11673,2020-08-15,Jefferson,0,143,161,25159,0.0,0.0,0.00021132713440405747
11674,2020-08-16,Jefferson,0,143,102,25261,0.0,0.0,0.00021132713440405747
11675,2020-08-17,Jefferson,0,143,203,25464,0.0,0.0,0.00021132713440405747
11676,2020-08-18,Jefferson,0,143,255,25719,0.0,0.0,0.00021132713440405747
11677,2020-08-19,Jefferson,0,143,440,26159,0.0,0.0,0.00021132713440405747
11678,2020-08-20,Jefferson,1,144,279,26438,0.0035842293906810036,0.0,0.0002560163850486431
11679,2020-08-21,Jefferson,0,144,289,26727,0.0,0.0,0.0002560163850486431
11680,2020-08-22,Jefferson,1,145,142,26869,0.007042253521126761,0.0,0.0007590344937005546
11681,2020-08-23,Jefferson,0,145,135,27004,0.0,0.0,0.0007590344937005546
11682,2020-08-24,Jefferson,1,146,184,27188,0.005434782608695652,0.0,0.0011472332514645296
11683,2020-08-25,Jefferson,0,146,139,27327,0.0,0.0,0.0011472332514645296
11684,2020-08-26,Jefferson,2,148,394,27721,0.005076142131979695,0.0,0.001509814832320222
11685,2020-08-27,Jefferson,1,149,302,28023,0.0033112582781456954,0.0,0.0014903168957105574
11686,2020-08-28,Jefferson,0,149,192,28215,0.0,0.0,0.0014903168957105574
11687,2020-08-29,Jefferson,1,150,183,28398,0.00546448087431694,0.0,0.0013776188495098558
11688,2020-08-30,Jefferson,0,150,96,28494,0.0,0.0,0.0013776188495098558
11689,2020-08-31,Jefferson,0,150,204,28698,0.0,0.0,0.0009894200917458808
11690,2020-09-01,Jefferson,0,150,294,28992,0.0,0.0,0.0009894200917458808
11691,2020-09-02,Jefferson,4,154,819,29811,0.004884004884004884,0.0,0.0009756960026048227
11692,2020-09-03,Jefferson,0,154,146,29957,0.0,0.0,0.0007391775541658445
11693,2020-09-04,Jefferson,0,154,119,30076,0.0,0.0,0.0007391775541658445
11694,2020-09-05,Jefferson,0,154,134,30210,0.0,0.0,0.00034885749171463456
11695,2020-09-06,Jefferson,2,156,136,30346,0.014705882352941176,0.0,0.0013992776597818615
11696,2020-09-07,Jefferson,0,156,160,30506,0.0,0.0,0.0013992776597818615
11697,2020-09-08,Jefferson,0,156,126,30632,0.0,0.0,0.0013992776597818615
11698,2020-09-09,Jefferson,0,156,92,30724,0.0,0.0,0.0010504201680672268
11699,2020-09-10,Jefferson,1,157,341,31065,0.002932551319648094,0.0,0.0012598881194706621
11700,2020-09-11,Jefferson,0,157,360,31425,0.0,0.0,0.0012598881194706621
11701,2020-09-12,Jefferson,0,157,306,31731,0.0,0.0,0.0012598881194706621
11702,2020-09-13,Jefferson,1,158,82,31813,0.012195121951219513,0.0,0.0010805480907762576
11703,2020-09-14,Jefferson,0,158,134,31947,0.0,0.0,0.0010805480907762576
11704,2020-09-15,Jefferson,0,158,306,32253,0.0,0.0,0.0010805480907762576
11705,2020-09-16,Jefferson,1,159,424,32677,0.0023584905660377358,0.0,0.001249011702636096
11706,2020-09-17,Jefferson,1,160,244,32921,0.004098360655737705,0.0,0.001332283798071068
11707,2020-09-18,Jefferson,1,161,239,33160,0.0041841004184100415,0.0,0.0016311481136717851
11708,2020-09-19,Jefferson,2,163,261,33421,0.007662835249042145,0.0,0.002178493488603367
11709,2020-09-20,Jefferson,0,163,222,33643,0.0,0.0,0.0013074133492305448
11710,2020-09-21,Jefferson,1,164,145,33788,0.006896551724137931,0.0,0.0018000241866689686
11711,2020-09-22,Jefferson,0,164,241,34029,0.0,0.0,0.0018000241866689686
11712,2020-09-23,Jefferson,1,165,428,34457,0.002336448598130841,0.0,0.0017984497603899046
11713,2020-09-24,Jefferson,2,167,364,34821,0.005494505494505495,0.0,0.001898174391730461
11714,2020-09-25,Jefferson,0,167,298,35119,0.0,0.0,0.0015993100761297438
11715,2020-09-26,Jefferson,3,170,292,35411,0.010273972602739725,0.0,0.0017858198871081425
11716,2020-09-27,Jefferson,0,170,162,35573,0.0,0.0,0.0017858198871081425
11717,2020-09-28,Jefferson,0,170,194,35767,0.0,0.0,0.0012932090496697187
11718,2020-09-29,Jefferson,2,172,343,36110,0.0058309037900874635,0.0,0.0017097021775331089
11719,2020-09-30,Jefferson,0,172,180,36290,0.0,0.0,0.0015428129919523345
11720,2020-10-01,Jefferson,2,174,646,36936,0.0030959752321981426,0.0,0.0013714894017875236
11721,2020-10-02,Jefferson,2,176,413,37349,0.004842615012106538,0.0,0.0017173904740808478
11722,2020-10-03,Jefferson,0,176,261,37610,0.0,0.0,0.0009835352881708674
11723,2020-10-04,Jefferson,0,176,174,37784,0.0,0.0,0.0009835352881708674
11724,2020-10-05,Jefferson,0,176,392,38176,0.0,0.0,0.0009835352881708674
11725,2020-10-06,Jefferson,0,176,473,38649,0.0,0.0,0.0005670421603074771
11726,2020-10-07,Jefferson,1,177,461,39110,0.0021691973969631237,0.0,0.0007219848315191288
11727,2020-10-08,Jefferson,3,180,321,39431,0.009345794392523364,0.0,0.0011684004858280733
11728,2020-10-09,Jefferson,1,181,275,39706,0.0036363636363636364,0.0,0.001082239673275009
11729,2020-10-10,Jefferson,3,184,301,40007,0.009966777408637873,0.0,0.0017941523453205712
11730,2020-10-11,Jefferson,1,185,179,40186,0.00558659217877095,0.0,0.0021931946438042108
11731,2020-10-12,Jefferson,1,186,268,40454,0.0037313432835820895,0.0,0.002459719164060074
11732,2020-10-13,Jefferson,0,186,217,40671,0.0,0.0,0.002459719164060074
11733,2020-10-14,Jefferson,0,186,503,41174,0.0,0.0,0.0023047764928484224
11734,2020-10-15,Jefferson,0,186,288,41462,0.0,0.0,0.001637219750525325
11735,2020-10-16,Jefferson,0,186,295,41757,0.0,0.0,0.0013774794907850652
11736,2020-10-17,Jefferson,2,188,206,41963,0.009708737864077669,0.0,0.0013590480947450506
11737,2020-10-18,Jefferson,3,191,183,42146,0.01639344262295082,0.0,0.0021309659836150413
11738,2020-10-19,Jefferson,1,192,186,42332,0.005376344086021506,0.0,0.002248466040932142
11739,2020-10-20,Jefferson,1,193,243,42575,0.00411522633744856,0.0,0.0025424107793213255
11740,2020-10-21,Jefferson,1,194,365,42940,0.0027397260273972603,0.0,0.0027381054955639868
11741,2020-10-22,Jefferson,3,197,375,43315,0.008,0.0,0.003309534066992558
11742,2020-10-23,Jefferson,2,199,359,43674,0.005571030640668524,0.0,0.0037074648270403097
11743,2020-10-24,Jefferson,3,202,242,43916,0.012396694214876033,1.0,0.0038994617092401934
11744,2020-10-25,Jefferson,1,203,81,43997,0.012345679012345678,0.0,0.003610335737054112
11745,2020-10-26,Jefferson,3,206,312,44309,0.009615384615384616,1.0,0.003913124346294334
11746,2020-10-27,Jefferson,1,207,289,44598,0.0034602076124567475,1.0,0.003866337294509205
11747,2020-10-28,Jefferson,4,211,495,45093,0.00808080808080808,1.0,0.00424784315546712
11748,2020-10-29,Jefferson,3,214,420,45513,0.007142857142857143,1.0,0.004186618665671202
11749,2020-10-30,Jefferson,6,220,394,45907,0.015228426395939087,1.0,0.004876432648190527
11750,2020-10-31,Jefferson,2,222,227,46134,0.00881057268722467,1.0,0.004620281110501144
11751,2020-11-01,Jefferson,9,231,149,46283,0.06040268456375839,2.0,0.008052924364173483
11752,2020-11-02,Jefferson,6,237,400,46683,0.015,2.0,0.008437539748788867
11753,2020-11-03,Jefferson,4,241,282,46965,0.014184397163120567,2.0,0.009203553288121996
11754,2020-11-04,Jefferson,8,249,475,47440,0.016842105263157894,2.0,0.00982936022971841
11755,2020-11-05,Jefferson,11,260,500,47940,0.022,3.0,0.01089058471951433
11756,2020-11-06,Jefferson,2,262,316,48256,0.006329113924050633,3.0,0.010254919542950868
11757,2020-11-07,Jefferson,6,268,319,48575,0.018808777429467086,3.0,0.010969077024539612
11758,2020-11-08,Jefferson,9,277,190,48765,0.04736842105263158,3.0,0.010038058202316267
11759,2020-11-09,Jefferson,5,282,246,49011,0.02032520325203252,3.0,0.010418429863175734
11760,2020-11-10,Jefferson,6,288,310,49321,0.01935483870967742,3.0,0.010787747116501224
11761,2020-11-11,Jefferson,4,292,519,49840,0.007707129094412331,3.0,0.010135248818733683
11762,2020-11-12,Jefferson,15,307,521,50361,0.028790786948176585,3.0,0.010620305029317725
11763,2020-11-13,Jefferson,9,316,313,50674,0.02875399361022364,3.0,0.012222082149758654
11764,2020-11-14,Jefferson,8,324,267,50941,0.0299625468164794,4.0,0.013018779963116678
11765,2020-11-15,Jefferson,8,332,133,51074,0.06015037593984962,3.0,0.013931776740775106
11766,2020-11-16,Jefferson,7,339,668,51742,0.010479041916167664,4.0,0.013228479502499045
11767,2020-11-17,Jefferson,6,345,435,52177,0.013793103448275862,4.0,0.01283121269811322
11768,2020-11-18,Jefferson,9,354,549,52726,0.01639344262295082,4.0,0.013451663664437398
11769,2020-11-19,Jefferson,22,376,915,53641,0.024043715846994537,4.0,0.013112587157210111
11770,2020-11-20,Jefferson,31,407,764,54405,0.04057591623036649,6.0,0.013957010201506028
11771,2020-11-21,Jefferson,11,418,412,54817,0.02669902912621359,6.0,0.01372390179505847
11772,2020-11-22,Jefferson,17,435,467,55284,0.03640256959314775,7.0,0.012027629913151193
11773,2020-11-23,Jefferson,22,457,400,55684,0.055,8.0,0.015207698347710645
11774,2020-11-24,Jefferson,14,471,309,55993,0.045307443365695796,9.0,0.017458722627526357
11775,2020-11-25,Jefferson,16,487,639,56632,0.025039123630672927,9.0,0.018076271270935078
11776,2020-11-26,Jefferson,13,500,543,57175,0.02394106813996317,8.0,0.018068939291861406
11777,2020-11-27,Jefferson,11,511,310,57485,0.035483870967741936,7.0,0.017705221773102513
11778,2020-11-28,Jefferson,40,551,847,58332,0.047225501770956316,9.0,0.019171398390584134
11779,2020-11-29,Jefferson,15,566,517,58849,0.029013539651837523,9.0,0.018643610537633405
11780,2020-11-30,Jefferson,20,586,314,59163,0.06369426751592357,9.0,0.01926462964591366
11781,2020-12-01,Jefferson,25,611,388,59551,0.06443298969072164,10.0,0.020630740097701224
11782,2020-12-02,Jefferson,42,653,666,60217,0.06306306306306306,11.0,0.02334673577144337
11783,2020-12-03,Jefferson,41,694,638,60855,0.06426332288401254,13.0,0.026226896824589754
11784,2020-12-04,Jefferson,63,757,803,61658,0.0784557907845579,17.0,0.029296319668648034
11785,2020-12-05,Jefferson,24,781,670,62328,0.03582089552238806,16.0,0.028481704936607448
11786,2020-12-06,Jefferson,15,796,258,62586,0.05813953488372093,16.0,0.030562133167456262
11787,2020-12-07,Jefferson,32,828,418,63004,0.07655502392344497,17.0,0.03148075862513637
11788,2020-12-08,Jefferson,33,861,457,63461,0.07221006564551423,17.0,0.03203626405047869
11789,2020-12-09,Jefferson,17,878,680,64141,0.025,16.0,0.02931747383168847
11790,2020-12-10,Jefferson,44,922,983,65124,0.044760935910478125,16.0,0.02792444619072173
11791,2020-12-11,Jefferson,40,962,1182,66306,0.0338409475465313,14.0,0.02473767167371983
11792,2020-12-12,Jefferson,48,1010,751,67057,0.06391478029294274,16.0,0.026744377728759452
11793,2020-12-13,Jefferson,37,1047,422,67479,0.08767772511848342,17.0,0.028854248459813915
11794,2020-12-14,Jefferson,38,1085,346,67825,0.10982658959537572,18.0,0.031230788864951824
11795,2020-12-15,Jefferson,36,1121,333,68158,0.10810810810810811,18.0,0.033794934755137104
11796,2020-12-16,Jefferson,40,1161,848,69006,0.04716981132075472,20.0,0.03537849270661958
11797,2020-12-17,Jefferson,55,1216,872,69878,0.06307339449541284,21.0,0.036686525462686345
11798,2020-12-18,Jefferson,49,1265,772,70650,0.06347150259067358,21.0,0.03880299368012508
11799,2020-12-19,Jefferson,37,1302,641,71291,0.057722308892355696,20.0,0.03836067429436886
11800,2020-12-20,Jefferson,42,1344,500,71791,0.084,21.0,0.03809797964304862
11801,2020-12-21,Jefferson,35,1379,273,72064,0.1282051282051282,21.0,0.039410732400888084
11802,2020-12-22,Jefferson,43,1422,483,72547,0.08902691511387163,21.0,0.038047790044156905
11803,2020-12-23,Jefferson,46,1468,660,73207,0.0696969696969697,21.0,0.039656872785315114
11804,2020-12-24,Jefferson,52,1520,871,74078,0.05970149253731343,21.0,0.03941602264545087
11805,2020-12-25,Jefferson,28,1548,692,74770,0.04046242774566474,20.0,0.03777251729937881
11806,2020-12-26,Jefferson,25,1573,310,75080,0.08064516129032258,19.0,0.03940986389923359
11807,2020-12-27,Jefferson,50,1623,457,75537,0.10940919037199125,19.0,0.04122480606866154
11808,2020-12-28,Jefferson,44,1667,250,75787,0.176,20.0,0.04463872548258095
11809,2020-12-29,Jefferson,62,1729,489,76276,0.12678936605316973,21.0,0.047336043406816526
11810,2020-12-30,Jefferson,54,1783,815,77091,0.06625766871165645,22.0,0.047090379050722726
11811,2020-12-31,Jefferson,76,1859,689,77780,0.11030478955007257,24.0,0.050704900265919804
11812,2021-01-01,Jefferson,35,1894,802,78582,0.043640897755610975,24.0,0.05093193383805883
11813,2021-01-02,Jefferson,53,1947,391,78973,0.13554987212276215,26.0,0.054853698897518795
11814,2021-01-03,Jefferson,85,2032,496,79469,0.17137096774193547,29.0,0.0592795401382291
11815,2021-01-04,Jefferson,59,2091,431,79900,0.1368909512761021,30.0,0.05648603665795067
11816,2021-01-05,Jefferson,61,2152,426,80326,0.1431924882629108,30.0,0.05765768824436076
11817,2021-01-06,Jefferson,93,2245,1323,81649,0.07029478458049887,33.0,0.05794605366356379
11818,2021-01-07,Jefferson,103,2348,941,82590,0.10945802337938364,34.0,0.05788557036565743
11819,2021-01-08,Jefferson,75,2423,963,83553,0.0778816199376947,37.0,0.06033133623580627
11820,2021-01-09,Jefferson,70,2493,732,84285,0.09562841530054644,39.0,0.05747980360564801
11821,2021-01-10,Jefferson,79,2572,652,84937,0.12116564417177914,38.0,0.053893709064922544
11822,2021-01-11,Jefferson,80,2652,581,85518,0.13769363166953527,40.0,0.053951043378739204
11823,2021-01-12,Jefferson,73,2725,467,85985,0.15631691648822268,40.0,0.05488850253769005
11824,2021-01-13,Jefferson,116,2841,1055,87040,0.10995260663507109,42.0,0.057721204113016636
11825,2021-01-14,Jefferson,101,2942,1194,88234,0.08458961474036851,42.0,0.055944889210229845
11826,2021-01-15,Jefferson,89,3031,1360,89594,0.06544117647058824,43.0,0.055056286105436524
11827,2021-01-16,Jefferson,63,3094,525,90119,0.12,42.0,0.056797113583968925
11828,2021-01-17,Jefferson,51,3145,424,90543,0.12028301886792453,40.0,0.056734068919407875
11829,2021-01-18,Jefferson,69,3214,412,90955,0.16747572815533981,40.0,0.058861361525536775
11830,2021-01-19,Jefferson,58,3272,436,91391,0.13302752293577982,39.0,0.05719783341464801
11831,2021-01-20,Jefferson,59,3331,1014,92405,0.05818540433925049,35.0,0.05350017610780367
11832,2021-01-21,Jefferson,57,3388,905,93310,0.06298342541436464,31.0,0.05195687687023196
11833,2021-01-22,Jefferson,88,3476,1470,94780,0.05986394557823129,31.0,0.05155850323506362
11834,2021-01-23,Jefferson,86,3562,856,95636,0.10046728971962617,33.0,0.05016330964360834
11835,2021-01-24,Jefferson,56,3618,398,96034,0.1407035175879397,33.0,0.051621916695037996
11836,2021-01-25,Jefferson,56,3674,519,96553,0.10789980732177264,32.0,0.04736649377835462
11837,2021-01-26,Jefferson,68,3742,516,97069,0.13178294573643412,33.0,0.04727759540697279
11838,2021-01-27,Jefferson,60,3802,1160,98229,0.05172413793103448,33.0,0.0468160763778145
11839,2021-01-28,Jefferson,43,3845,727,98956,0.059147180192572216,32.0,0.04654205886197219
11840,2021-01-29,Jefferson,63,3908,1217,100173,0.051766639276910435,30.0,0.04596367984044926
11841,2021-01-30,Jefferson,52,3960,593,100766,0.08768971332209106,28.0,0.0450509958120539
11842,2021-01-31,Jefferson,18,3978,328,101094,0.054878048780487805,25.0,0.0389206051829502
11843,2021-02-01,Jefferson,43,4021,532,101626,0.08082706766917293,24.0,0.03698683806490736
11844,2021-02-02,Jefferson,37,4058,426,102052,0.08685446009389672,22.0,0.033777660519011835
11845,2021-02-03,Jefferson,30,4088,834,102886,0.03597122302158273,20.0,0.032652452311193854
11846,2021-02-04,Jefferson,59,4147,718,103604,0.08217270194986072,21.0,0.03429713243671446
11847,2021-02-05,Jefferson,40,4187,894,104498,0.0447427293064877,19.0,0.03379542458168426
11848,2021-02-06,Jefferson,39,4226,538,105036,0.0724907063197026,19.0,0.0327097812243708
11849,2021-02-07,Jefferson,30,4256,494,105530,0.06072874493927125,19.0,0.03312768809285533
11850,2021-02-08,Jefferson,20,4276,521,106051,0.03838771593090211,18.0,0.030096305825835983
11851,2021-02-09,Jefferson,44,4320,594,106645,0.07407407407407407,18.0,0.029183421110134368
11852,2021-02-10,Jefferson,32,4352,935,107580,0.034224598930481284,18.0,0.029058662246484266
11853,2021-02-11,Jefferson,32,4384,786,108366,0.04071246819338423,16.0,0.026097216978164518
11854,2021-02-12,Jefferson,29,4413,1126,109492,0.02575488454706927,16.0,0.024740942352491774
11855,2021-02-13,Jefferson,34,4447,556,110048,0.06115107913669065,15.0,0.023930968982276635
11856,2021-02-14,Jefferson,26,4473,368,110416,0.07065217391304347,15.0,0.024639785337546075
11857,2021-02-15,Jefferson,21,4494,285,110701,0.07368421052631578,15.0,0.02716096352293277
11858,2021-02-16,Jefferson,23,4517,372,111073,0.06182795698924731,14.0,0.02628624087401657
11859,2021-02-17,Jefferson,28,4545,830,111903,0.033734939759036145,13.0,0.02625126521891335
11860,2021-02-18,Jefferson,17,4562,485,112388,0.03505154639175258,12.0,0.025846913661653943
11861,2021-02-19,Jefferson,20,4582,1135,113523,0.01762114537444934,12.0,0.025265932292181093
11862,2021-02-20,Jefferson,40,4622,486,114009,0.0823045267489712,12.0,0.026776892835915417
11863,2021-02-21,Jefferson,19,4641,389,114398,0.04884318766066838,12.0,0.02521910810360291
11864,2021-02-22,Jefferson,26,4667,472,114870,0.05508474576271186,12.0,0.02389057490620263
11865,2021-02-23,Jefferson,14,4681,508,115378,0.027559055118110236,11.0,0.02144279620112141
11866,2021-02-24,Jefferson,43,4724,922,116300,0.046637744034707156,12.0,0.022364425077955056
11867,2021-02-25,Jefferson,19,4743,714,117014,0.02661064425770308,12.0,0.02176150349695152
11868,2021-02-26,Jefferson,21,4764,1189,118203,0.017661900756938603,13.0,0.021764414595700752
11869,2021-02-27,Jefferson,20,4784,544,118747,0.03676470588235294,11.0,0.01851157024808516
11870,2021-02-28,Jefferson,22,4806,325,119072,0.06769230769230769,11.0,0.01985793596463083
11871,2021-03-01,Jefferson,10,4816,479,119551,0.020876826722338204,10.0,0.01741451317603271
11872,2021-03-02,Jefferson,20,4836,415,119966,0.04819277108433735,11.0,0.018888350030763217
11873,2021-03-03,Jefferson,16,4852,776,120742,0.020618556701030927,9.0,0.017029836649786342
11874,2021-03-04,Jefferson,20,4872,603,121345,0.03316749585406302,9.0,0.01749818319238348
11875,2021-03-05,Jefferson,19,4891,947,122292,0.02006335797254488,9.0,0.01766971585064107
11876,2021-03-06,Jefferson,19,4910,502,122794,0.037848605577689244,9.0,0.01774713725745081
11877,2021-03-07,Jefferson,10,4920,296,123090,0.033783783783783786,8.0,0.015325099835413386
11878,2021-03-08,Jefferson,24,4944,345,123435,0.06956521739130435,9.0,0.01880284202605383
11879,2021-03-09,Jefferson,9,4953,318,123753,0.02830188679245283,8.0,0.017382064576633504
11880,2021-03-10,Jefferson,12,4965,670,124423,0.01791044776119403,8.0,0.017188628223788006
11881,2021-03-11,Jefferson,28,4993,770,125193,0.03636363636363636,8.0,0.01741692397447182
11882,2021-03-12,Jefferson,12,5005,1074,126267,0.0111731843575419,8.0,0.016781911573400178
11883,2021-03-13,Jefferson,7,5012,390,126657,0.017948717948717947,7.0,0.015360491028473656
11884,2021-03-14,Jefferson,12,5024,290,126947,0.041379310344827586,7.0,0.015903028639976786
11885,2021-03-15,Jefferson,18,5042,490,127437,0.036734693877551024,7.0,0.01355799124613726
11886,2021-03-16,Jefferson,8,5050,338,127775,0.023668639053254437,6.0,0.013227044979051661
11887,2021-03-17,Jefferson,13,5063,610,128385,0.021311475409836064,7.0,0.013469975525383236
11888,2021-03-18,Jefferson,10,5073,569,128954,0.01757469244288225,5.0,0.012127908102472228
11889,2021-03-19,Jefferson,11,5084,961,129915,0.011446409989594173,5.0,0.012147424219047392
11890,2021-03-20,Jefferson,17,5101,462,130377,0.0367965367965368,6.0,0.013493696993891595
11891,2021-03-21,Jefferson,4,5105,224,130601,0.017857142857142856,5.0,0.011813542173342685
11892,2021-03-22,Jefferson,16,5121,484,131085,0.03305785123966942,5.0,0.011550910556351143
11893,2021-03-23,Jefferson,14,5135,331,131416,0.04229607250755287,6.0,0.01288144151737246
11894,2021-03-24,Jefferson,18,5153,796,132212,0.022613065326633167,6.0,0.01297441222571511
11895,2021-03-25,Jefferson,8,5161,837,133049,0.009557945041816009,6.0,0.012401787411353235
11896,2021-03-26,Jefferson,15,5176,824,133873,0.01820388349514563,6.0,0.012884464090321197
11897,2021-03-27,Jefferson,15,5191,416,134289,0.036057692307692304,6.0,0.01283168948397516
11898,2021-03-28,Jefferson,3,5194,373,134662,0.00804289544235925,6.0,0.012130671811490619
11899,2021-03-29,Jefferson,9,5203,360,135022,0.025,5.0,0.011555111008657087
11900,2021-03-30,Jefferson,13,5216,595,135617,0.021848739495798318,5.0,0.010094587222103189
11901,2021-03-31,Jefferson,15,5231,691,136308,0.02170767004341534,5.0,0.010029916130444776
11902,2021-04-01,Jefferson,13,5244,968,137276,0.013429752066115703,5.0,0.01030647377503761
11903,2021-04-02,Jefferson,13,5257,717,137993,0.01813110181311018,5.0,0.010301275083463651
11904,2021-04-03,Jefferson,17,5274,529,138522,0.03213610586011342,5.0,0.010021161765779444
11905,2021-04-04,Jefferson,5,5279,493,139015,0.010141987829614604,6.0,0.010171096936297683
11906,2021-04-05,Jefferson,10,5289,339,139354,0.029498525073746312,6.0,0.01049242015585099
11907,2021-04-06,Jefferson,16,5305,552,139906,0.028985507246376812,6.0,0.011002189280892314
11908,2021-04-07,Jefferson,26,5331,521,140427,0.04990403071017274,7.0,0.013016215042803555
11909,2021-04-08,Jefferson,14,5345,856,141283,0.016355140186915886,7.0,0.013225171337146426
11910,2021-04-09,Jefferson,17,5362,930,142213,0.01827956989247312,7.0,0.013235776199958065
11911,2021-04-10,Jefferson,15,5377,480,142693,0.03125,7.0,0.013172482924235677
11912,2021-04-11,Jefferson,4,5381,196,142889,0.02040816326530612,7.0,0.013905781169642212
11913,2021-04-12,Jefferson,11,5392,478,143367,0.02301255230125523,7.0,0.013442497400178565
11914,2021-04-13,Jefferson,16,5408,541,143908,0.029574861367837338,7.0,0.01348459412314003
11915,2021-04-14,Jefferson,16,5424,864,144772,0.018518518518518517,6.0,0.011242771823736158
11916,2021-04-15,Jefferson,17,5441,642,145414,0.0264797507788162,6.0,0.011965958294586182
11917,2021-04-16,Jefferson,14,5455,846,146260,0.016548463356973995,6.0,0.011842307827764815
11918,2021-04-17,Jefferson,10,5465,609,146869,0.016420361247947456,6.0,0.010783047916903918
11919,2021-04-18,Jefferson,6,5471,249,147118,0.024096385542168676,6.0,0.011046492365251242
11920,2021-04-19,Jefferson,4,5475,313,147431,0.012779552715654952,5.0,0.010315563823422651
11921,2021-04-20,Jefferson,12,5487,895,148326,0.013407821229050279,5.0,0.009160775242080718
11922,2021-04-21,Jefferson,26,5513,683,149009,0.03806734992679356,6.0,0.010557120342671795
11923,2021-04-22,Jefferson,18,5531,880,149889,0.020454545454545454,6.0,0.010126748533795313
11924,2021-04-23,Jefferson,6,5537,768,150657,0.0078125,5.0,0.009502751151154313
11925,2021-04-24,Jefferson,7,5544,354,151011,0.01977401129943503,5.0,0.009742297583403425
11926,2021-04-25,Jefferson,5,5549,296,151307,0.016891891891891893,5.0,0.009227690894097942
11927,2021-04-26,Jefferson,12,5561,362,151669,0.03314917127071823,6.0,0.01068266364803103
11928,2021-04-27,Jefferson,12,5573,519,152188,0.023121387283236993,6.0,0.011376489794758655
11929,2021-04-28,Jefferson,33,5606,1042,153230,0.03166986564299424,6.0,0.01091952663163013
11930,2021-04-29,Jefferson,29,5635,872,154102,0.033256880733944956,7.0,0.011833979151587239
11931,2021-04-30,Jefferson,33,5668,929,155031,0.03552206673842842,9.0,0.01381323391861784
11932,2021-05-01,Jefferson,8,5676,580,155611,0.013793103448275862,9.0,0.013386026214963612
11933,2021-05-02,Jefferson,14,5690,362,155973,0.03867403314917127,10.0,0.014941893447626425
11934,2021-05-03,Jefferson,17,5707,515,156488,0.03300970873786408,10.0,0.014931931838136844
11935,2021-05-04,Jefferson,21,5728,508,156996,0.04133858267716536,11.0,0.016233160080560298
11936,2021-05-05,Jefferson,18,5746,751,157747,0.023968042609853527,10.0,0.015683029863907388
11937,2021-05-06,Jefferson,21,5767,524,158271,0.04007633587786259,9.0,0.016170133802758647
11938,2021-05-07,Jefferson,36,5803,787,159058,0.045743329097839895,9.0,0.01690022397128804
11939,2021-05-08,Jefferson,18,5821,352,159410,0.05113636363636364,10.0,0.019567599699008596
11940,2021-05-09,Jefferson,8,5829,253,159663,0.03162055335968379,9.0,0.019063779714045208
11941,2021-05-10,Jefferson,18,5847,346,160009,0.05202312138728324,10.0,0.020421880617575144
11942,2021-05-11,Jefferson,15,5862,804,160813,0.018656716417910446,9.0,0.018801747313342655
11943,2021-05-12,Jefferson,22,5884,618,161431,0.03559870550161812,9.0,0.019632508948468692
11944,2021-05-13,Jefferson,19,5903,639,162070,0.0297339593114241,9.0,0.018893767765151663
11945,2021-05-14,Jefferson,28,5931,927,162997,0.030204962243797196,9.0,0.01778388441843432
11946,2021-05-15,Jefferson,11,5942,400,163397,0.0275,8.0,0.016095572730122635
11947,2021-05-16,Jefferson,11,5953,378,163775,0.0291005291005291,8.0,0.01591557099732587
11948,2021-05-17,Jefferson,11,5964,260,164035,0.04230769230769231,8.0,0.015221611777355091
11949,2021-05-18,Jefferson,20,5984,957,164992,0.02089864158829676,8.0,0.01538174928952554
11950,2021-05-19,Jefferson,16,6000,577,165569,0.02772963604852686,8.0,0.014819672900019025
11951,2021-05-20,Jefferson,8,6008,639,166208,0.012519561815336464,7.0,0.013590073078869907
11952,2021-05-21,Jefferson,7,6015,1056,167264,0.006628787878787879,6.0,0.011906060624226384
11953,2021-05-22,Jefferson,12,6027,399,167663,0.03007518796992481,6.0,0.012090002622078157
11954,2021-05-23,Jefferson,6,6033,198,167861,0.030303030303030304,5.0,0.012175895565113956
11955,2021-05-24,Jefferson,8,6041,303,168164,0.026402640264026403,5.0,0.011039820419137819
11956,2021-05-25,Jefferson,6,6047,717,168881,0.008368200836820083,4.0,0.010144788936889486
11957,2021-05-26,Jefferson,7,6054,569,169450,0.012302284710017574,3.0,0.009042835269853108
11958,2021-05-27,Jefferson,4,6058,321,169771,0.012461059190031152,3.0,0.009038656510902729
11959,2021-05-28,Jefferson,10,6068,727,170498,0.013755158184319119,3.0,0.009547682961297817
11960,2021-05-29,Jefferson,5,6073,293,170791,0.017064846416382253,3.0,0.008618372850330491
11961,2021-05-30,Jefferson,5,6078,191,170982,0.02617801047120419,3.0,0.008323728576628626
11962,2021-05-31,Jefferson,2,6080,249,171231,0.008032128514056224,2.0,0.007011549165916471
11963,2021-06-01,Jefferson,1,6081,154,171385,0.006493506493506494,2.0,0.006877642427108357
11964,2021-06-02,Jefferson,6,6087,342,171727,0.017543859649122806,2.0,0.007252040637044446
11965,2021-06-03,Jefferson,3,6090,828,172555,0.0036231884057971015,2.0,0.006620764152456299
11966,2021-06-04,Jefferson,5,6095,798,173353,0.006265664160401002,1.0,0.0060858002936050055
11967,2021-06-05,Jefferson,3,6098,727,174080,0.0041265474552957355,1.0,0.005161636082098825
11968,2021-06-06,Jefferson,3,6101,218,174298,0.013761467889908258,1.0,0.00427474018343483
11969,2021-06-07,Jefferson,7,6108,227,174525,0.030837004405286344,2.0,0.005903659889951267
11970,2021-06-08,Jefferson,5,6113,499,175024,0.01002004008016032,2.0,0.006155555146140826
11971,2021-06-09,Jefferson,4,6117,540,175564,0.007407407407407408,2.0,0.005431522843161155
11972,2021-06-10,Jefferson,5,6122,316,175880,0.015822784810126583,2.0,0.006302922586327546
11973,2021-06-11,Jefferson,6,6128,502,176382,0.01195219123505976,2.0,0.006709103091660315
11974,2021-06-12,Jefferson,2,6130,250,176632,0.008,2.0,0.006985778273424905
11975,2021-06-13,Jefferson,1,6131,112,176744,0.008928571428571428,2.0,0.006640571383329417
11976,2021-06-14,Jefferson,5,6136,208,176952,0.02403846153846154,2.0,0.006154961178556217
11977,2021-06-15,Jefferson,3,6139,493,177445,0.006085192697768763,1.0,0.005873900651242534
11978,2021-06-16,Jefferson,10,6149,512,177957,0.01953125,2.0,0.00673988940785629
11979,2021-06-17,Jefferson,0,6149,210,178167,0.0,1.0,0.005609690492847249
11980,2021-06-18,Jefferson,6,6155,352,178519,0.017045454545454544,1.0,0.005973495015018306
11981,2021-06-19,Jefferson,0,6155,213,178732,0.0,1.0,0.005402066443589733
11982,2021-06-20,Jefferson,1,6156,152,178884,0.006578947368421052,1.0,0.005234236153578993
11983,2021-06-21,Jefferson,1,6157,278,179162,0.0035971223021582736,1.0,0.003774140493843045
11984,2021-06-22,Jefferson,2,6159,237,179399,0.008438818565400843,1.0,0.003942256627245336
11985,2021-06-23,Jefferson,1,6160,281,179680,0.0035587188612099642,0.0,0.0028013615459031916
11986,2021-06-24,Jefferson,2,6162,266,179946,0.007518796992481203,0.0,0.0033384184739375625
11987,2021-06-25,Jefferson,1,6163,287,180233,0.003484320557491289,0.0,0.0023697660462259013
11988,2021-06-26,Jefferson,3,6166,288,180521,0.010416666666666666,0.0,0.0031138136652735207
11989,2021-06-27,Jefferson,3,6169,220,180741,0.013636363636363636,0.0,0.0036179148272694195
11990,2021-06-28,Jefferson,2,6171,167,180908,0.011976047904191617,1.0,0.004216409513128945
11991,2021-06-29,Jefferson,3,6174,270,181178,0.011111111111111112,1.0,0.004407287552108249
11992,2021-06-30,Jefferson,2,6176,236,181414,0.00847457627118644,1.0,0.004758420224249426
11993,2021-07-01,Jefferson,5,6181,270,181684,0.018518518518518517,1.0,0.005544114618966378
11994,2021-07-02,Jefferson,2,6183,243,181927,0.00823045267489712,1.0,0.005883124055923937
11995,2021-07-03,Jefferson,2,6185,204,182131,0.00980392156862745,1.0,0.0058393565489211355
11996,2021-07-04,Jefferson,2,6187,176,182307,0.011363636363636364,1.0,0.005677018886583472
11997,2021-07-05,Jefferson,5,6192,136,182443,0.03676470588235294,1.0,0.007447637313594996
11998,2021-07-06,Jefferson,0,6192,128,182571,0.0,1.0,0.006653986519944202
11999,2021-07-07,Jefferson,0,6192,249,182820,0.0,1.0,0.006048659643430885
12000,2021-07-08,Jefferson,2,6194,271,183091,0.007380073800738007,0.0,0.005253056449303706
12001,2021-07-09,Jefferson,0,6194,250,183341,0.0,0.0,0.004665166972525341
12002,2021-07-10,Jefferson,1,6195,167,183508,0.005988023952095809,0.0,0.004392602857058794
12003,2021-07-11,Jefferson,2,6197,246,183754,0.008130081300813009,0.0,0.004161634638285698
12004,2021-07-12,Jefferson,3,6200,142,183896,0.02112676056338028,0.0,0.0030446385440733646
12005,2021-07-13,Jefferson,2,6202,202,184098,0.009900990099009901,0.0,0.003751852122574072
12006,2021-07-14,Jefferson,6,6208,255,184353,0.023529411764705882,1.0,0.005432524391481635
12007,2021-07-15,Jefferson,3,6211,145,184498,0.020689655172413793,1.0,0.006383208775172762
12008,2021-07-16,Jefferson,1,6212,216,184714,0.004629629629629629,1.0,0.006713896605860594
12009,2021-07-17,Jefferson,2,6214,242,184956,0.008264462809917356,1.0,0.006876499381419275
12010,2021-07-18,Jefferson,0,6214,143,185099,0.0,1.0,0.0062957792885040605
12011,2021-07-19,Jefferson,1,6215,154,185253,0.006493506493506494,1.0,0.005250546854941647
12012,2021-07-20,Jefferson,0,6215,236,185489,0.0,0.0,0.0045433332764409405
12013,2021-07-21,Jefferson,7,6222,300,185789,0.023333333333333334,1.0,0.004529327674200043
12014,2021-07-22,Jefferson,4,6226,218,186007,0.01834862385321101,1.0,0.004362111151399844
12015,2021-07-23,Jefferson,0,6226,240,186247,0.0,1.0,0.0040314233207120135
12016,2021-07-24,Jefferson,6,6232,205,186452,0.02926829268292683,1.0,0.005531696883069833
12017,2021-07-25,Jefferson,4,6236,153,186605,0.026143790849673203,1.0,0.007399110515189348
12018,2021-07-26,Jefferson,5,6241,231,186836,0.021645021645021644,1.0,0.00848136159744043
12019,2021-07-27,Jefferson,6,6247,172,187008,0.03488372093023256,2.0,0.010973055949599898
12020,2021-07-28,Jefferson,6,6253,252,187260,0.023809523809523808,2.0,0.011007069555042076
12021,2021-07-29,Jefferson,2,6255,220,187480,0.00909090909090909,2.0,0.010345804214877654
12022,2021-07-30,Jefferson,7,6262,299,187779,0.023411371237458192,2.0,0.012018045017553238
12023,2021-07-31,Jefferson,7,6269,188,187967,0.03723404255319149,2.0,0.012587027151143569
12024,2021-08-01,Jefferson,6,6275,200,188167,0.03,2.0,0.012862470661881198
12025,2021-08-02,Jefferson,11,6286,211,188378,0.052132701421800945,3.0,0.015040162074508293
12026,2021-08-03,Jefferson,10,6296,279,188657,0.035842293906810034,3.0,0.015108631572835252
12027,2021-08-04,Jefferson,7,6303,286,188943,0.024475524475524476,3.0,0.015156203048978158
12028,2021-08-05,Jefferson,5,6308,239,189182,0.02092050209205021,3.0,0.016001173977631095
12029,2020-03-01,Kings,0,0,0,0,,,
12030,2020-03-02,Kings,0,0,0,0,,,
12031,2020-03-03,Kings,0,0,2,2,0.0,,
12032,2020-03-04,Kings,1,1,4,6,0.25,,
12033,2020-03-05,Kings,0,1,7,13,0.0,,
12034,2020-03-06,Kings,3,4,12,25,0.25,,
12035,2020-03-07,Kings,0,4,9,34,0.0,0.0,
12036,2020-03-08,Kings,2,6,10,44,0.2,0.0,
12037,2020-03-09,Kings,1,7,31,75,0.03225806451612903,1.0,0.10460829493087558
12038,2020-03-10,Kings,7,14,29,104,0.2413793103448276,2.0,0.13909105355156523
12039,2020-03-11,Kings,2,16,24,128,0.08333333333333333,2.0,0.11528152974204144
12040,2020-03-12,Kings,8,24,59,187,0.13559322033898305,3.0,0.13465198979046758
12041,2020-03-13,Kings,17,41,136,323,0.125,5.0,0.11679484693332472
12042,2020-03-14,Kings,17,58,99,422,0.1717171717171717,3.0,0.07066293573217462
12043,2020-03-15,Kings,26,84,166,588,0.1566265060240964,5.0,0.06756482901961008
12044,2020-03-16,Kings,39,123,171,759,0.22807017543859648,8.0,0.0815514083712149
12045,2020-03-17,Kings,264,387,741,1500,0.3562753036437247,26.0,0.08975826503542184
12046,2020-03-18,Kings,273,660,795,2295,0.3433962264150943,46.0,0.10833418596983334
12047,2020-03-19,Kings,674,1334,1553,3848,0.4339987121699936,93.0,0.12964886395776265
12048,2020-03-20,Kings,538,1872,1378,5226,0.3904208998548621,130.0,0.14860749966168138
12049,2020-03-21,Kings,893,2765,1941,7167,0.46007212776919115,193.0,0.16920428223682563
12050,2020-03-22,Kings,702,3467,1506,8673,0.46613545816733065,241.0,0.1913120645327709
12051,2020-03-23,Kings,700,4167,1422,10095,0.49226441631504925,288.0,0.21018308173823183
12052,2020-03-24,Kings,779,4946,1474,11569,0.5284938941655359,325.0,0.2224844096326469
12053,2020-03-25,Kings,755,5701,1550,13119,0.4870967741935484,360.0,0.23274873447396507
12054,2020-03-26,Kings,1106,6807,1905,15024,0.5805774278215223,390.0,0.24321864273478852
12055,2020-03-27,Kings,1238,8045,2254,17278,0.54924578527063,440.0,0.2545632774073434
12056,2020-03-28,Kings,973,9018,1790,19068,0.5435754189944134,446.0,0.260527798209145
12057,2020-03-29,Kings,1011,10029,1627,20695,0.6213890596189305,468.0,0.27161734116997355
12058,2020-03-30,Kings,1888,11917,3113,23808,0.6064889174429811,553.0,0.279776234107683
12059,2020-03-31,Kings,1198,13115,2011,25819,0.5957235206364992,583.0,0.2845783502841804
12060,2020-04-01,Kings,1189,14304,2041,27860,0.5825575698187163,614.0,0.2913969785431209
12061,2020-04-02,Kings,1396,15700,2512,30372,0.5557324840764332,635.0,0.289622339704186
12062,2020-04-03,Kings,1804,17504,3234,33606,0.5578231292517006,675.0,0.2902350071314053
12063,2020-04-04,Kings,1054,18558,1990,35596,0.5296482412060302,681.0,0.2892402087179494
12064,2020-04-05,Kings,1144,19702,2013,37609,0.5683060109289617,690.0,0.2854485623829516
12065,2020-04-06,Kings,1177,20879,2245,39854,0.5242761692650334,640.0,0.2795762232273839
12066,2020-04-07,Kings,1203,22082,2607,42461,0.4614499424626007,640.0,0.2699852533578197
12067,2020-04-08,Kings,1312,23394,2565,45026,0.5115009746588693,649.0,0.2649097822749735
12068,2020-04-09,Kings,1321,24715,2578,47604,0.5124127230411172,643.0,0.2618155136295938
12069,2020-04-10,Kings,1528,26243,2887,50491,0.5292691375129892,624.0,0.25977594279111443
12070,2020-04-11,Kings,1228,27471,2670,53161,0.4599250936329588,636.0,0.2547957179644665
12071,2020-04-12,Kings,933,28404,2029,55190,0.4598324297683588,621.0,0.2470476050244234
12072,2020-04-13,Kings,902,29306,2055,57245,0.4389294403892944,601.0,0.2409514101047278
12073,2020-04-14,Kings,2663,31969,5103,62348,0.5218498922202626,706.0,0.245265692230275
12074,2020-04-15,Kings,1552,33521,3724,66072,0.4167561761546724,723.0,0.23849820662283236
12075,2020-04-16,Kings,1184,34705,3347,69419,0.353749626531222,713.0,0.22716512830069702
12076,2020-04-17,Kings,1058,35763,3016,72435,0.35079575596816975,680.0,0.2144170296189242
12077,2020-04-18,Kings,719,36482,2390,74825,0.300836820083682,643.0,0.20305358150826155
12078,2020-04-19,Kings,548,37030,1835,76660,0.29863760217983654,616.0,0.19153966525193855
12079,2020-04-20,Kings,664,37694,2300,78960,0.288695652173913,599.0,0.1808086803794113
12080,2020-04-21,Kings,787,38481,2827,81787,0.2783869826671383,465.0,0.16341847255418815
12081,2020-04-22,Kings,873,39354,3526,85313,0.24758933635847985,416.0,0.1513351268544601
12082,2020-04-23,Kings,1294,40648,5030,90343,0.25725646123260437,424.0,0.14444275790455885
12083,2020-04-24,Kings,1012,41660,4021,94364,0.2516786868938075,421.0,0.1373629672563901
12084,2020-04-25,Kings,827,42487,3685,98049,0.2244233378561737,428.0,0.13190486138299667
12085,2020-04-26,Kings,527,43014,2684,100733,0.19634873323397914,427.0,0.12459851360114971
12086,2020-04-27,Kings,573,43587,2940,103673,0.19489795918367347,420.0,0.11789867838756116
12087,2020-04-28,Kings,649,44236,3873,107546,0.1675703588949135,411.0,0.10998320526097369
12088,2020-04-29,Kings,636,44872,3944,111490,0.1612576064908722,394.0,0.10381665312757314
12089,2020-04-30,Kings,647,45519,3927,115417,0.16475681181563534,347.0,0.09720953531207534
12090,2020-05-01,Kings,756,46275,4717,120134,0.16027135891456434,329.0,0.09068044045641512
12091,2020-05-02,Kings,564,46839,3804,123938,0.14826498422712933,310.0,0.08524055805434051
12092,2020-05-03,Kings,344,47183,2545,126483,0.13516699410609037,297.0,0.0808704338309199
12093,2020-05-04,Kings,396,47579,3364,129847,0.11771700356718193,285.0,0.07535750842974194
12094,2020-05-05,Kings,395,47974,3597,133444,0.10981373366694468,267.0,0.07123203519917273
12095,2020-05-06,Kings,576,48550,5284,138728,0.10900832702498107,262.0,0.06749994380875193
12096,2020-05-07,Kings,448,48998,4582,143310,0.09777389786119599,248.0,0.0627154499548634
12097,2020-05-08,Kings,463,49461,4747,148057,0.09753528544343797,227.0,0.05823430184978295
12098,2020-05-09,Kings,356,49817,3682,151739,0.09668658337859859,212.0,0.05455013036060219
12099,2020-05-10,Kings,255,50072,2825,154564,0.09026548672566372,206.0,0.051342879833428855
12100,2020-05-11,Kings,259,50331,2984,157548,0.08679624664879357,196.0,0.04913425433925826
12101,2020-05-12,Kings,336,50667,4615,162163,0.07280606717226436,192.0,0.046490849589638235
12102,2020-05-13,Kings,428,51095,6107,168270,0.07008351072539709,181.0,0.04371050556823937
12103,2020-05-14,Kings,486,51581,5741,174011,0.08465424142135516,184.0,0.04277338725110789
12104,2020-05-15,Kings,410,51991,5793,179804,0.07077507336440532,180.0,0.04086194353117699
12105,2020-05-16,Kings,307,52298,4377,184181,0.07013936486177748,177.0,0.03896571363711833
12106,2020-05-17,Kings,187,52485,3052,187233,0.06127129750982962,172.0,0.03689470012170161
12107,2020-05-18,Kings,196,52681,4133,191366,0.04742317928865231,167.0,0.03408233816740581
12108,2020-05-19,Kings,208,52889,3890,195256,0.05347043701799486,158.0,0.03270122172781513
12109,2020-05-20,Kings,496,53385,7252,202508,0.06839492553778267,163.0,0.03258060850012839
12110,2020-05-21,Kings,254,53639,5372,207880,0.047282204020848845,147.0,0.029911177257235078
12111,2020-05-22,Kings,263,53902,6189,214069,0.04249474874777832,136.0,0.02789115407033315
12112,2020-05-23,Kings,273,54175,6813,220882,0.04007045354469397,134.0,0.02574337469054147
12113,2020-05-24,Kings,185,54360,4990,225872,0.03707414829659319,133.0,0.02401500688959601
12114,2020-05-25,Kings,200,54560,5214,231086,0.038358266206367474,134.0,0.02336751309800424
12115,2020-05-26,Kings,219,54779,5940,237026,0.03686868686868687,135.0,0.022181673801625095
12116,2020-05-27,Kings,368,55147,10938,247964,0.03364417626622783,125.0,0.019699477425085463
12117,2020-05-28,Kings,299,55446,10686,258650,0.027980535279805353,129.0,0.018320786800725214
12118,2020-05-29,Kings,281,55727,9619,268269,0.029213015906019338,130.0,0.017372091597742428
12119,2020-05-30,Kings,173,55900,7167,275436,0.02413841216687596,123.0,0.016234088642184
12120,2020-05-31,Kings,153,56053,5765,281201,0.026539462272333045,120.0,0.015481611069022561
12121,2020-06-01,Kings,189,56242,7500,288701,0.0252,120.0,0.014541734911424884
12122,2020-06-02,Kings,163,56405,7485,296186,0.02177688710754843,116.0,0.01346374921420071
12123,2020-06-03,Kings,182,56587,7880,304066,0.023096446700507613,102.0,0.012710339959506408
12124,2020-06-04,Kings,183,56770,7659,311725,0.02389345867606737,94.0,0.012418405916382269
12125,2020-06-05,Kings,196,56966,9370,321095,0.020917822838847386,88.0,0.011825892125869986
12126,2020-06-06,Kings,165,57131,8378,329473,0.0196944378133206,87.0,0.011508465386330316
12127,2020-06-07,Kings,129,57260,7254,336727,0.017783291976840365,86.0,0.010883024650937984
12128,2020-06-08,Kings,107,57367,5499,342226,0.019458083287870524,80.0,0.010472887742928734
12129,2020-06-09,Kings,117,57484,8815,351041,0.013272830402722632,77.0,0.009865455121155465
12130,2020-06-10,Kings,121,57605,6515,357556,0.01857252494244052,72.0,0.0095423178527221
12131,2020-06-11,Kings,128,57733,8670,366226,0.014763552479815456,68.0,0.008890181695846964
12132,2020-06-12,Kings,186,57919,10217,376443,0.018204952530096897,68.0,0.008696405245221927
12133,2020-06-13,Kings,140,58059,9012,385455,0.015534842432312472,66.0,0.008399291289435633
12134,2020-06-14,Kings,118,58177,8880,394335,0.013288288288288288,65.0,0.008078219597396198
12135,2020-06-15,Kings,97,58274,8034,402369,0.012073686830968385,64.0,0.007550762707617475
12136,2020-06-16,Kings,112,58386,8472,410841,0.013220018885741265,64.0,0.00754699045640452
12137,2020-06-17,Kings,116,58502,10052,420893,0.011539992041384799,64.0,0.007044666677757682
12138,2020-06-18,Kings,132,58634,10964,431857,0.012039401678219628,64.0,0.006850084477643695
12139,2020-06-19,Kings,127,58761,10520,442377,0.012072243346007604,60.0,0.006412033821637317
12140,2020-06-20,Kings,113,58874,9864,452241,0.011455798864557989,58.0,0.006120673566797711
12141,2020-06-21,Kings,75,58949,7192,459433,0.01042825361512792,55.0,0.005916385375857684
12142,2020-06-22,Kings,98,59047,5819,465252,0.01684138168070115,55.0,0.006256935007981454
12143,2020-06-23,Kings,64,59111,6732,471984,0.009506833036244802,51.0,0.005991707447303135
12144,2020-06-24,Kings,95,59206,7602,479586,0.012496711391739017,50.0,0.006060044543757007
12145,2020-06-25,Kings,105,59311,7450,487036,0.014093959731543624,48.0,0.006206798690423008
12146,2020-06-26,Kings,109,59420,10239,497275,0.010645570856528957,47.0,0.006104893512603104
12147,2020-06-27,Kings,87,59507,8508,505783,0.010225669957686883,45.0,0.006017027162112311
12148,2020-06-28,Kings,69,59576,5378,511161,0.012830048345109707,44.0,0.006188583928539581
12149,2020-06-29,Kings,74,59650,6646,517807,0.011134517002708396,43.0,0.005780950737254385
12150,2020-06-30,Kings,92,59742,7756,525563,0.01186178442496132,45.0,0.005949161550734135
12151,2020-07-01,Kings,113,59855,9252,534815,0.012213575443147428,46.0,0.005928937554406165
12152,2020-07-02,Kings,102,59957,8649,543464,0.011793270898369753,46.0,0.005764602637750889
12153,2020-07-03,Kings,121,60078,7506,550970,0.016120436983746336,47.0,0.006155664503980702
12154,2020-07-04,Kings,71,60149,7534,558504,0.009423944783647465,45.0,0.0060983984201207425
12155,2020-07-05,Kings,62,60211,7273,565777,0.008524680324487832,45.0,0.005790872132933466
12156,2020-07-06,Kings,70,60281,7673,573450,0.009122898475172683,45.0,0.005647185095252344
12157,2020-07-07,Kings,105,60386,6914,580364,0.01518657795776685,46.0,0.005884670347595595
12158,2020-07-08,Kings,75,60461,7228,587592,0.010376314333148865,43.0,0.005753437411167127
12159,2020-07-09,Kings,99,60560,8795,596387,0.011256395679363275,43.0,0.0057150891812380936
12160,2020-07-10,Kings,87,60647,7543,603930,0.011533872464536656,40.0,0.0053874774298659734
12161,2020-07-11,Kings,101,60748,7261,611191,0.013909929761740807,42.0,0.0057079049283012126
12162,2020-07-12,Kings,67,60815,5925,617116,0.01130801687763713,43.0,0.00590671468209759
12163,2020-07-13,Kings,89,60904,5637,622753,0.015788540003547985,44.0,0.006382831934124397
12164,2020-07-14,Kings,108,61012,7601,630354,0.01420865675569004,44.0,0.006312980419690341
12165,2020-07-15,Kings,112,61124,8189,638543,0.01367688362437416,47.0,0.0065487353690635765
12166,2020-07-16,Kings,109,61233,10677,649220,0.010208860166713496,48.0,0.006473911403874306
12167,2020-07-17,Kings,118,61351,9343,658563,0.012629776303114631,50.0,0.006552190249487019
12168,2020-07-18,Kings,81,61432,6260,664823,0.01293929712460064,48.0,0.00648285934683415
12169,2020-07-19,Kings,56,61488,5904,670727,0.009485094850948509,48.0,0.006352650630642104
12170,2020-07-20,Kings,80,61568,8084,678811,0.009896091044037604,47.0,0.0059317614192485055
12171,2020-07-21,Kings,94,61662,8182,686993,0.011488633585920312,46.0,0.00573747404997924
12172,2020-07-22,Kings,90,61752,8779,695772,0.010251737099897483,44.0,0.005492820726802333
12173,2020-07-23,Kings,72,61824,9523,705295,0.007560642654625643,42.0,0.005303662333081772
12174,2020-07-24,Kings,102,61926,7669,712964,0.013300299908723431,41.0,0.005351556876339544
12175,2020-07-25,Kings,62,61988,6610,719574,0.009379727685325264,39.0,0.005097301916391303
12176,2020-07-26,Kings,65,62053,7052,726626,0.00921724333522405,40.0,0.0050781696652681275
12177,2020-07-27,Kings,57,62110,6374,733000,0.008942579228114214,38.0,0.005010061678416457
12178,2020-07-28,Kings,84,62194,8815,741815,0.00952921157118548,38.0,0.0048701029630782555
12179,2020-07-29,Kings,101,62295,9160,750975,0.011026200873362445,38.0,0.004925421804040038
12180,2020-07-30,Kings,90,62385,9095,760070,0.009895547003848268,40.0,0.005092200686127368
12181,2020-07-31,Kings,109,62494,10667,770737,0.010218430674041436,40.0,0.004872067169364369
12182,2020-08-01,Kings,83,62577,7441,778178,0.011154414729203064,42.0,0.004998830529641354
12183,2020-08-02,Kings,64,62641,6911,785089,0.009260599045000723,42.0,0.005001927366053973
12184,2020-08-03,Kings,74,62715,7510,792599,0.00985352862849534,43.0,0.005066995180366911
12185,2020-08-04,Kings,75,62790,8138,800737,0.009216023593020399,42.0,0.005044624610497977
12186,2020-08-05,Kings,100,62890,8929,809666,0.011199462425803561,42.0,0.005057000435672343
12187,2020-08-06,Kings,109,62999,8735,818401,0.01247853463079565,43.0,0.005241499551882869
12188,2020-08-07,Kings,87,63086,9201,827602,0.009455493968046952,42.0,0.005187004072883263
12189,2020-08-08,Kings,69,63155,7685,835287,0.008978529603122967,41.0,0.005031583706734685
12190,2020-08-09,Kings,68,63223,6590,841877,0.01031866464339909,41.0,0.005107159820905997
12191,2020-08-10,Kings,85,63308,7833,849710,0.010851525596833908,42.0,0.005178445318644467
12192,2020-08-11,Kings,102,63410,13378,863088,0.00762445806548064,44.0,0.00506476206667734
12193,2020-08-12,Kings,132,63542,11994,875082,0.011005502751375688,46.0,0.005050907804218206
12194,2020-08-13,Kings,94,63636,11535,886617,0.008149111400086693,45.0,0.004741663287738995
12195,2020-08-14,Kings,143,63779,11157,897774,0.012817065519404858,49.0,0.004981775541407418
12196,2020-08-15,Kings,82,63861,9558,907332,0.00857920066959615,50.0,0.004953252046155502
12197,2020-08-16,Kings,52,63913,7179,914511,0.007243348655801644,49.0,0.00473358661846997
12198,2020-08-17,Kings,89,64002,6633,921144,0.013417759686416402,49.0,0.004916889053440148
12199,2020-08-18,Kings,80,64082,9135,930279,0.00875752599890531,48.0,0.004997822477256197
12200,2020-08-19,Kings,80,64162,8865,939144,0.009024252679075015,44.0,0.004856304614949006
12201,2020-08-20,Kings,74,64236,10187,949331,0.0072641602041818,42.0,0.004793093815241513
12202,2020-08-21,Kings,65,64301,10756,960087,0.006043138713276311,37.0,0.004309241900518046
12203,2020-08-22,Kings,74,64375,9136,969223,0.008099824868651488,36.0,0.004275000771879141
12204,2020-08-23,Kings,47,64422,7826,977049,0.0060056222846920524,36.0,0.004186591745371312
12205,2020-08-24,Kings,73,64495,7208,984257,0.010127635960044396,35.0,0.003951582907773312
12206,2020-08-25,Kings,77,64572,7983,992240,0.009645496680445948,35.0,0.004015009385026215
12207,2020-08-26,Kings,92,64664,9336,1001576,0.00985432733504713,35.0,0.004074300431881366
12208,2020-08-27,Kings,90,64754,12225,1013801,0.007361963190184049,37.0,0.004081286359452955
12209,2020-08-28,Kings,103,64857,10972,1024773,0.009387531899380241,39.0,0.004320171587031807
12210,2020-08-29,Kings,73,64930,11050,1035823,0.006606334841628959,39.0,0.004213493727958769
12211,2020-08-30,Kings,68,64998,6957,1042780,0.009774328014948971,41.0,0.004482686994405692
12212,2020-08-31,Kings,120,65118,9322,1052102,0.012872774082814847,44.0,0.004678768288889296
12213,2020-09-01,Kings,83,65201,9607,1061709,0.008639533673363172,44.0,0.0046069137883833836
12214,2020-09-02,Kings,127,65328,10442,1072151,0.012162420992147099,47.0,0.0047717776210333815
12215,2020-09-03,Kings,112,65440,13256,1085407,0.008449004224502113,49.0,0.004849423409198958
12216,2020-09-04,Kings,100,65540,10629,1096036,0.00940822278671559,48.0,0.004850901329722912
12217,2020-09-05,Kings,86,65626,11109,1107145,0.007741470879467098,49.0,0.004931982475282779
12218,2020-09-06,Kings,74,65700,7350,1114495,0.010068027210884354,50.0,0.004952960989278161
12219,2020-09-07,Kings,57,65757,6683,1121178,0.008529103695944935,45.0,0.004642698818787454
12220,2020-09-08,Kings,62,65819,8221,1129399,0.0075416615983457,44.0,0.0045642793848576346
12221,2020-09-09,Kings,110,65929,9082,1138481,0.012111869632239595,42.0,0.00456066857343567
12222,2020-09-10,Kings,80,66009,9839,1148320,0.008130907612562252,40.0,0.004537947386868538
12223,2020-09-11,Kings,115,66124,11402,1159722,0.010085949833362568,41.0,0.004586356461629036
12224,2020-09-12,Kings,73,66197,7592,1167314,0.009615384615384616,40.0,0.0047202074427660015
12225,2020-09-13,Kings,77,66274,7304,1174618,0.010542168674698794,41.0,0.004754074690181319
12226,2020-09-14,Kings,107,66381,7997,1182615,0.013380017506564961,44.0,0.005100568533797035
12227,2020-09-15,Kings,87,66468,9006,1191621,0.009660226515656229,46.0,0.005251894599319215
12228,2020-09-16,Kings,118,66586,8620,1200241,0.013689095127610209,46.0,0.00536455356327426
12229,2020-09-17,Kings,151,66737,10338,1210579,0.014606306829173922,52.0,0.005827082078746521
12230,2020-09-18,Kings,234,66971,13785,1224364,0.016974972796517954,60.0,0.006319155147543333
12231,2020-09-19,Kings,165,67136,12173,1236537,0.013554588022673128,67.0,0.006600526819492515
12232,2020-09-20,Kings,91,67227,7210,1243747,0.01262135922330097,68.0,0.006749040430106956
12233,2020-09-21,Kings,164,67391,11982,1255729,0.013687197462860958,72.0,0.0067709818555566695
12234,2020-09-22,Kings,119,67510,7472,1263201,0.01592612419700214,74.0,0.007218545975652807
12235,2020-09-23,Kings,207,67717,11102,1274303,0.018645289137092416,80.0,0.007572559833472964
12236,2020-09-24,Kings,175,67892,10044,1284347,0.017423337315810434,82.0,0.0077737762968041425
12237,2020-09-25,Kings,203,68095,12389,1296736,0.01638550326902898,80.0,0.007731671330554931
12238,2020-09-26,Kings,184,68279,9241,1305977,0.019911265014608808,81.0,0.008185719687121765
12239,2020-09-27,Kings,183,68462,6981,1312958,0.02621400945423292,88.0,0.009156623275045475
12240,2020-09-28,Kings,196,68658,11496,1324454,0.017049408489909535,90.0,0.009396781205548946
12241,2020-09-29,Kings,186,68844,10547,1335001,0.01763534654404096,95.0,0.009518868516051717
12242,2020-09-30,Kings,218,69062,11390,1346391,0.01913959613696225,96.0,0.009554176158899563
12243,2020-10-01,Kings,257,69319,13484,1359875,0.0190596262236725,101.0,0.009671053938032567
12244,2020-10-02,Kings,358,69677,15896,1375771,0.022521389028686462,113.0,0.010109331492293816
12245,2020-10-03,Kings,256,69933,10882,1386653,0.02352508730012865,118.0,0.010367461655545234
12246,2020-10-04,Kings,198,70131,7790,1394443,0.025417201540436456,119.0,0.010310546804559772
12247,2020-10-05,Kings,223,70354,10652,1405095,0.020935035674051822,121.0,0.01058809160342708
12248,2020-10-06,Kings,262,70616,11670,1416765,0.022450728363324766,126.0,0.010932047447661635
12249,2020-10-07,Kings,283,70899,17061,1433826,0.016587538831252566,131.0,0.010749757640110946
12250,2020-10-08,Kings,300,71199,15913,1449739,0.018852510525985043,134.0,0.0107349636617047
12251,2020-10-09,Kings,236,71435,16528,1466267,0.014278799612778316,125.0,0.010146207274854116
12252,2020-10-10,Kings,200,71635,13012,1479279,0.01537042729787888,121.0,0.009563731560407702
12253,2020-10-11,Kings,121,71756,10104,1489383,0.011975455265241488,116.0,0.008603606826465205
12254,2020-10-12,Kings,185,71941,12300,1501683,0.015040650406504066,113.0,0.008182579307354653
12255,2020-10-13,Kings,218,72159,11198,1512881,0.019467762100375065,110.0,0.007969510288572531
12256,2020-10-14,Kings,210,72369,17754,1530635,0.011828320378506252,105.0,0.007629566113376366
12257,2020-10-15,Kings,229,72598,16348,1546983,0.01400782970393932,99.0,0.007283517483230243
12258,2020-10-16,Kings,296,72894,20191,1567174,0.01465999702837898,104.0,0.007310745870058861
12259,2020-10-17,Kings,229,73123,15572,1582746,0.014705882352941176,106.0,0.007263278373991882
12260,2020-10-18,Kings,140,73263,9451,1592197,0.01481324727542059,107.0,0.00746597780329039
12261,2020-10-19,Kings,170,73433,9545,1601742,0.0178103719224725,106.0,0.007663815054430992
12262,2020-10-20,Kings,333,73766,15168,1616910,0.021954113924050632,114.0,0.007841411613264961
12263,2020-10-21,Kings,169,73935,14185,1631095,0.01191399365526965,111.0,0.007847531133033775
12264,2020-10-22,Kings,179,74114,17870,1648965,0.010016787912702853,108.0,0.007562456719374028
12265,2020-10-23,Kings,225,74339,16840,1665805,0.01336104513064133,103.0,0.007469674440964196
12266,2020-10-24,Kings,214,74553,14425,1680230,0.014835355285961872,102.0,0.0074789225076085306
12267,2020-10-25,Kings,150,74703,9490,1689720,0.015806111696522657,102.0,0.0075498413948301086
12268,2020-10-26,Kings,200,74903,11831,1701551,0.01690474178006931,105.0,0.007485153527515593
12269,2020-10-27,Kings,266,75169,16524,1718075,0.016097797143548778,100.0,0.007066845186051176
12270,2020-10-28,Kings,348,75517,20517,1738592,0.0169615440853926,113.0,0.0074273845024885295
12271,2020-10-29,Kings,262,75779,16919,1755511,0.015485548791299722,118.0,0.007818010279531162
12272,2020-10-30,Kings,206,75985,14343,1769854,0.014362406748936763,117.0,0.007889536109409408
12273,2020-10-31,Kings,253,76238,17552,1787406,0.014414311759343665,120.0,0.00785946157179382
12274,2020-11-01,Kings,208,76446,11520,1798926,0.018055555555555554,124.0,0.008020136133153314
12275,2020-11-02,Kings,217,76663,15312,1814238,0.014171891327063741,125.0,0.0078249325293672
12276,2020-11-03,Kings,325,76988,20383,1834621,0.01594465976549085,129.0,0.007813994145220207
12277,2020-11-04,Kings,353,77341,20703,1855324,0.01705066898517123,130.0,0.00782036020949011
12278,2020-11-05,Kings,368,77709,18826,1874150,0.0195474343992351,137.0,0.008110494895771208
12279,2020-11-06,Kings,349,78058,19342,1893492,0.018043635611622377,148.0,0.008373439814534466
12280,2020-11-07,Kings,356,78414,18824,1912316,0.018912027199320017,155.0,0.008694705203104206
12281,2020-11-08,Kings,331,78745,13287,1925603,0.02491156769774968,164.0,0.00918442035611807
12282,2020-11-09,Kings,328,79073,17228,1942831,0.019038774088692825,172.0,0.009532054839091577
12283,2020-11-10,Kings,485,79558,17933,1960764,0.02704511236268332,183.0,0.010324944310319611
12284,2020-11-11,Kings,450,80008,19871,1980635,0.022646067133007902,190.0,0.010724615606593659
12285,2020-11-12,Kings,483,80491,21782,2002417,0.022174272334955468,198.0,0.010912246887716541
12286,2020-11-13,Kings,455,80946,21871,2024288,0.020803804124182708,206.0,0.011109401781470851
12287,2020-11-14,Kings,425,81371,19932,2044220,0.0213224964880594,211.0,0.011281578159237951
12288,2020-11-15,Kings,315,81686,16712,2060932,0.018848731450454764,210.0,0.010848518427288314
12289,2020-11-16,Kings,404,82090,17493,2078425,0.023094952266620936,215.0,0.011138245439997464
12290,2020-11-17,Kings,453,82543,17351,2095776,0.026108005302288052,213.0,0.011071309221397803
12291,2020-11-18,Kings,540,83083,22956,2118732,0.023523261892315735,219.0,0.011133965989919791
12292,2020-11-19,Kings,525,83608,24164,2142896,0.021726535341830822,222.0,0.011101984776125173
12293,2020-11-20,Kings,522,84130,21922,2164818,0.023811696013137488,227.0,0.0113168341967648
12294,2020-11-21,Kings,479,84609,24041,2188859,0.019924295994343,231.0,0.011216962732927915
12295,2020-11-22,Kings,499,85108,18796,2207655,0.02654820174505214,244.0,0.011766924896827726
12296,2020-11-23,Kings,453,85561,18642,2226297,0.024299967814612165,247.0,0.011852997435969955
12297,2020-11-24,Kings,491,86052,19803,2246100,0.02479422309751048,250.0,0.011759155849914419
12298,2020-11-25,Kings,576,86628,25758,2271858,0.02236198462613557,253.0,0.011676207473758691
12299,2020-11-26,Kings,759,87387,27307,2299165,0.027795070860951406,269.0,0.012109674296553017
12300,2020-11-27,Kings,592,87979,20412,2319577,0.02900254752106604,274.0,0.012480449404262201
12301,2020-11-28,Kings,502,88481,17394,2336971,0.02886052661837415,276.0,0.013118751591692996
12302,2020-11-29,Kings,646,89127,18455,2355426,0.03500406393931184,287.0,0.013722741748425832
12303,2020-11-30,Kings,624,89751,15853,2371279,0.039361635021762445,299.0,0.014798575120365138
12304,2020-12-01,Kings,841,90592,20366,2391645,0.04129431405283315,324.0,0.01597715304574533
12305,2020-12-02,Kings,1055,91647,24518,2416163,0.04302961089811567,358.0,0.017453412065172477
12306,2020-12-03,Kings,948,92595,21790,2437953,0.043506195502524096,372.0,0.01857563525385624
12307,2020-12-04,Kings,913,93508,22968,2460921,0.03975095785440613,394.0,0.019343378849094817
12308,2020-12-05,Kings,804,94312,22710,2483631,0.035402906208718624,416.0,0.019810691676976567
12309,2020-12-06,Kings,735,95047,18400,2502031,0.03994565217391304,422.0,0.020163662265162367
12310,2020-12-07,Kings,973,96020,21118,2523149,0.04607443886731698,447.0,0.02064314825413055
12311,2020-12-08,Kings,1073,97093,27802,2550951,0.038594345730522985,464.0,0.02045029337396554
12312,2020-12-09,Kings,952,98045,22420,2573371,0.04246208742194469,457.0,0.02040975598281047
12313,2020-12-10,Kings,869,98914,22770,2596141,0.03816425120772947,451.0,0.02002818853318228
12314,2020-12-11,Kings,1227,100141,32482,2628623,0.037774767563573675,473.0,0.019887032083837103
12315,2020-12-12,Kings,861,101002,22250,2650873,0.038696629213483144,477.0,0.020122298012748858
12316,2020-12-13,Kings,830,101832,19132,2670005,0.04338281413338908,484.0,0.02036780958128286
12317,2020-12-14,Kings,1163,102995,25232,2695237,0.046092263792010146,498.0,0.020369082790189515
12318,2020-12-15,Kings,974,103969,19301,2714538,0.0504637065437024,491.0,0.02121689427684519
12319,2020-12-16,Kings,1037,105006,23680,2738218,0.04379222972972973,497.0,0.021311904441686978
12320,2020-12-17,Kings,1349,106355,33608,2771826,0.04013925255891455,531.0,0.021452975966771624
12321,2020-12-18,Kings,1037,107392,24094,2795920,0.043039760936332695,517.0,0.021829046921968694
12322,2020-12-19,Kings,938,108330,23164,2819084,0.04049386979796236,523.0,0.021957421249431498
12323,2020-12-20,Kings,1009,109339,20487,2839571,0.049250744374481376,536.0,0.022376559123795232
12324,2020-12-21,Kings,988,110327,20288,2859859,0.048698738170347006,523.0,0.02256273586510501
12325,2020-12-22,Kings,1346,111673,28213,2888072,0.04770850317229646,550.0,0.022365935624290297
12326,2020-12-23,Kings,1452,113125,29663,2917735,0.04894987020867748,579.0,0.022734338515643708
12327,2020-12-24,Kings,1177,114302,25299,2943034,0.046523578007035854,567.0,0.02319036176193809
12328,2020-12-25,Kings,1225,115527,27620,2970654,0.0443519188993483,581.0,0.02328408733072492
12329,2020-12-26,Kings,856,116383,15330,2985984,0.0558382257012394,575.0,0.024380112752387568
12330,2020-12-27,Kings,1034,117417,15197,3001181,0.06803974468645127,577.0,0.025722184203242553
12331,2020-12-28,Kings,1335,118752,23317,3024498,0.05725436376892396,601.0,0.02633330031742662
12332,2020-12-29,Kings,1456,120208,20606,3045104,0.0706590313500922,609.0,0.027972623758697746
12333,2020-12-30,Kings,1767,121975,26297,3071401,0.06719397649922045,632.0,0.02927577420802225
12334,2020-12-31,Kings,1449,123424,24505,3095906,0.059130789634768414,651.0,0.030176289324288858
12335,2021-01-01,Kings,1385,124809,23897,3119803,0.057957065740469514,663.0,0.031148085527226088
12336,2021-01-02,Kings,846,125655,16005,3135808,0.05285848172446111,662.0,0.03093524667174192
12337,2021-01-03,Kings,1028,126683,16433,3152241,0.06255704983873912,661.0,0.030543625611191057
12338,2021-01-04,Kings,1384,128067,19498,3171739,0.07098163914247616,665.0,0.0315241452807305
12339,2021-01-05,Kings,1572,129639,22417,3194156,0.07012535129589151,673.0,0.031486025276859016
12340,2021-01-06,Kings,1858,131497,27980,3222136,0.06640457469621158,680.0,0.03142963943378695
12341,2021-01-07,Kings,1788,133285,27561,3249697,0.06487427887231959,704.0,0.03183988866504061
12342,2021-01-08,Kings,1678,134963,30912,3280609,0.054283126293995856,725.0,0.03157746441886392
12343,2021-01-09,Kings,1522,136485,31661,3312270,0.04807176020972174,773.0,0.031235555739239678
12344,2021-01-10,Kings,1474,137959,25639,3337909,0.05749054175279847,805.0,0.03087366230452963
12345,2021-01-11,Kings,1713,139672,25260,3363169,0.06781472684085511,828.0,0.030647454282985282
12346,2021-01-12,Kings,1863,141535,26897,3390066,0.06926423021154776,849.0,0.03058594563410358
12347,2021-01-13,Kings,1543,143078,26312,3416378,0.05864244451200973,827.0,0.030031507763803447
12348,2021-01-14,Kings,2346,145424,41508,3457886,0.05651922520959815,867.0,0.029434718216466205
12349,2021-01-15,Kings,1828,147252,34529,3492415,0.05294100611080541,877.0,0.029338852489095454
12350,2021-01-16,Kings,1668,148920,31524,3523939,0.05291206699657404,888.0,0.02968458868815633
12351,2021-01-17,Kings,1543,150463,24613,3548552,0.06269044813716329,893.0,0.03005601057275382
12352,2021-01-18,Kings,1510,151973,23319,3571871,0.06475406321025773,878.0,0.029837391741996865
12353,2021-01-19,Kings,1870,153843,28694,3600565,0.06517041890290654,879.0,0.02954497664852249
12354,2021-01-20,Kings,1581,155424,25534,3626099,0.061917443408788284,881.0,0.029778905141149534
12355,2021-01-21,Kings,1836,157260,34873,3660972,0.052648180540819545,845.0,0.029502401950522488
12356,2021-01-22,Kings,1596,158856,31588,3692560,0.05052551601874129,828.0,0.02932986694394648
12357,2021-01-23,Kings,1513,160369,31974,3724534,0.04731969725401889,817.0,0.0289304119623354
12358,2021-01-24,Kings,1595,161964,27854,3752388,0.05726287068284627,821.0,0.02854272785845561
12359,2021-01-25,Kings,1372,163336,19888,3772276,0.06898632341110217,811.0,0.028845032158515926
12360,2021-01-26,Kings,1600,164936,28205,3800481,0.05672753057968445,792.0,0.028241968706857207
12361,2021-01-27,Kings,1831,166767,33526,3834007,0.05461432917735489,810.0,0.027720317690326252
12362,2021-01-28,Kings,1738,168505,32535,3866542,0.05341939449823267,803.0,0.02777540440157004
12363,2021-01-29,Kings,1810,170315,34295,3900837,0.052777372794868056,818.0,0.027936251314150534
12364,2021-01-30,Kings,1521,171836,31525,3932362,0.04824742268041237,819.0,0.028002517416035783
12365,2021-01-31,Kings,1231,173067,22449,3954811,0.05483540469508664,793.0,0.02782912698833866
12366,2021-02-01,Kings,1274,174341,20989,3975800,0.060698461098670733,786.0,0.027237136823164983
12367,2021-02-02,Kings,808,175149,14483,3990283,0.05578954636470344,729.0,0.02717013795066634
12368,2021-02-03,Kings,990,176139,17610,4007893,0.056218057921635436,669.0,0.02728469000382924
12369,2021-02-04,Kings,1217,177356,21930,4029823,0.055494756041951664,632.0,0.027432930114094877
12370,2021-02-05,Kings,1538,178894,30118,4059941,0.05106580782256458,612.0,0.02731067547321606
12371,2021-02-06,Kings,1456,180350,29899,4089840,0.048697280845513224,608.0,0.02734280819929469
12372,2021-02-07,Kings,1261,181611,23679,4113519,0.05325393808860172,610.0,0.027229846298831486
12373,2021-02-08,Kings,1357,182968,18559,4132078,0.07311816369416456,616.0,0.02811696791279533
12374,2021-02-09,Kings,1026,183994,21307,4153385,0.04815318909278641,631.0,0.027571513821944112
12375,2021-02-10,Kings,1609,185603,32570,4185955,0.04940128953024255,676.0,0.027084601793987476
12376,2021-02-11,Kings,1154,186757,31166,4217121,0.037027530000641726,671.0,0.0257655142196082
12377,2021-02-12,Kings,1315,188072,30357,4247478,0.043317850907533685,655.0,0.02521208872567742
12378,2021-02-13,Kings,1105,189177,27414,4274892,0.04030787189027504,630.0,0.02461284522887469
12379,2021-02-14,Kings,961,190138,19665,4294557,0.048868548182049325,609.0,0.02429960309269238
12380,2021-02-15,Kings,1137,191275,19882,4314439,0.057187405693592194,593.0,0.023161691806937206
12381,2021-02-16,Kings,965,192240,21613,4336052,0.04464905381020682,589.0,0.022911396429610095
12382,2021-02-17,Kings,1029,193269,29725,4365777,0.034617325483599665,547.0,0.021855398997707033
12383,2021-02-18,Kings,1414,194683,29887,4395664,0.04731154013450664,566.0,0.022589971150125954
12384,2021-02-19,Kings,1274,195957,28792,4424456,0.04424840233398166,563.0,0.022656439109157957
12385,2021-02-20,Kings,1029,196986,22306,4446762,0.04613108580650946,557.0,0.023072382960317554
12386,2021-02-21,Kings,947,197933,18765,4465527,0.05046629363176126,556.0,0.02318650763529698
12387,2021-02-22,Kings,1039,198972,16448,4481975,0.06316877431906615,549.0,0.023613748251402257
12388,2021-02-23,Kings,1299,200271,33093,4515068,0.03925301423261717,573.0,0.023228316853002997
12389,2021-02-24,Kings,1311,201582,30725,4545793,0.04266883645240033,593.0,0.023803424779345907
12390,2021-02-25,Kings,1374,202956,35255,4581048,0.03897319529144802,590.0,0.02320782871912743
12391,2021-02-26,Kings,1306,204262,33471,4614519,0.03901885214065908,593.0,0.02283428941960439
12392,2021-02-27,Kings,1134,205396,31529,4646048,0.035966887627263786,600.0,0.022108275263943985
12393,2021-02-28,Kings,1025,206421,22226,4668274,0.04611716008278593,606.0,0.021797622867588604
12394,2021-03-01,Kings,966,207387,14684,4682958,0.0657858894034323,601.0,0.021984559659329043
12395,2021-03-02,Kings,1478,208865,31341,4714299,0.047158673941482404,613.0,0.02254924963853371
12396,2021-03-03,Kings,1209,210074,31249,4745548,0.03868923805561778,606.0,0.022264992610192096
12397,2021-03-04,Kings,1439,211513,40837,4786385,0.035237652129196564,611.0,0.021998168098602704
12398,2021-03-05,Kings,1273,212786,34297,4820682,0.03711694900428609,608.0,0.021862317874576064
12399,2021-03-06,Kings,1049,213835,23868,4844550,0.04395005865594101,602.0,0.022432544376624432
12400,2021-03-07,Kings,776,214611,15966,4860516,0.04860328197419517,585.0,0.02261012451172509
12401,2021-03-08,Kings,1158,215769,27198,4887714,0.04257666004853298,598.0,0.02095232241494657
12402,2021-03-09,Kings,1066,216835,28091,4915805,0.03794809725534869,569.0,0.020294424080222733
12403,2021-03-10,Kings,1173,218008,29740,4945545,0.039441829186281106,566.0,0.020348180589555825
12404,2021-03-11,Kings,1572,219580,35816,4981361,0.043890998436452985,576.0,0.02096627675435986
12405,2021-03-12,Kings,1109,220689,26066,5007427,0.04254584516228037,564.0,0.021354055051359455
12406,2021-03-13,Kings,925,221614,21098,5028525,0.04384301829557304,555.0,0.021346409311333168
12407,2021-03-14,Kings,908,222522,14958,5043483,0.0607033025805589,565.0,0.022210696497502007
12408,2021-03-15,Kings,1079,223601,21838,5065321,0.049409286564703725,559.0,0.022698741248657058
12409,2021-03-16,Kings,1711,225312,46316,5111637,0.036941877536920284,605.0,0.022626868411626457
12410,2021-03-17,Kings,1226,226538,29446,5141083,0.0416355362358215,609.0,0.022783561772307916
12411,2021-03-18,Kings,1400,227938,33521,5174604,0.04176486381671191,597.0,0.02263169501375498
12412,2021-03-19,Kings,1075,229013,31215,5205819,0.034438571199743716,594.0,0.022052604016430933
12413,2021-03-20,Kings,1244,230257,27757,5233576,0.044817523507583674,617.0,0.022122211531574548
12414,2021-03-21,Kings,950,231207,18730,5252306,0.050720768820074744,620.0,0.021409173405825682
12415,2021-03-22,Kings,1182,232389,23351,5275657,0.05061881718127703,627.0,0.021495568449866637
12416,2021-03-23,Kings,1209,233598,28869,5304526,0.04187883196508366,591.0,0.021848208051878305
12417,2021-03-24,Kings,1318,234916,29788,5334314,0.04424600510272593,598.0,0.02203467011380005
12418,2021-03-25,Kings,1425,236341,34957,5369271,0.04076436765168636,600.0,0.021963206102012505
12419,2021-03-26,Kings,1092,237433,27109,5396380,0.04028182522409532,601.0,0.022380581389466192
12420,2021-03-27,Kings,1547,238980,35139,5431519,0.0440251572327044,623.0,0.022323983798403387
12421,2021-03-28,Kings,1014,239994,22432,5453951,0.045203281027104136,627.0,0.021929877527476913
12422,2021-03-29,Kings,920,240914,20616,5474567,0.0446255335661622,608.0,0.021501785840683
12423,2021-03-30,Kings,1202,242116,25207,5499774,0.047685166818740826,608.0,0.021916524044515655
12424,2021-03-31,Kings,1266,243382,28051,5527825,0.04513208085273252,604.0,0.02197981516951612
12425,2021-04-01,Kings,1113,244495,27592,5555417,0.04033777906639606,582.0,0.021949344556281107
12426,2021-04-02,Kings,1118,245613,26945,5582362,0.041491928001484504,584.0,0.02203578046895176
12427,2021-04-03,Kings,1097,246710,24418,5606780,0.044925874354984026,552.0,0.022100117406257447
12428,2021-04-04,Kings,880,247590,19069,5625849,0.046148198647018725,542.0,0.022167611521965634
12429,2021-04-05,Kings,985,248575,17879,5643728,0.055092566698361205,547.0,0.022915256745694137
12430,2021-04-06,Kings,1130,249705,27505,5671233,0.04108343937465915,542.0,0.022443704785402585
12431,2021-04-07,Kings,1079,250784,31690,5702923,0.03404859577153676,528.0,0.021652027279602887
12432,2021-04-08,Kings,1369,252153,35206,5738129,0.03888541725842186,547.0,0.02154828715046187
12433,2021-04-09,Kings,979,253132,33331,5771460,0.029372056043923074,537.0,0.02068258201063606
12434,2021-04-10,Kings,1006,254138,30267,5801727,0.03323751941057918,530.0,0.01984769951460714
12435,2021-04-11,Kings,679,254817,15612,5817339,0.04349218549833461,516.0,0.019657984289701134
12436,2021-04-12,Kings,739,255556,14811,5832150,0.04989534805212342,498.0,0.019286754386398434
12437,2021-04-13,Kings,1174,256730,31012,5863162,0.03785631368502515,501.0,0.01905624540856743
12438,2021-04-14,Kings,866,257596,22794,5885956,0.03799245415460209,486.0,0.019337949578786384
12439,2021-04-15,Kings,1154,258750,32068,5918024,0.035986029686915305,471.0,0.01913085046653592
12440,2021-04-16,Kings,1367,260117,47155,5965179,0.028989502703849007,498.0,0.019103525227959196
12441,2021-04-17,Kings,815,260932,28330,5993509,0.028768090363572186,485.0,0.018784280296030124
12442,2021-04-18,Kings,667,261599,17888,6011397,0.03728756708407871,484.0,0.01834109326644042
12443,2021-04-19,Kings,576,262175,13823,6025220,0.0416696809665051,472.0,0.01775354561746768
12444,2021-04-20,Kings,679,262854,25867,6051087,0.02624966173116326,437.0,0.01692449904933469
12445,2021-04-21,Kings,680,263534,27737,6078824,0.024515989472545695,424.0,0.015961894429187804
12446,2021-04-22,Kings,780,264314,31263,6110087,0.024949620957681603,397.0,0.015173579519956825
12447,2021-04-23,Kings,639,264953,29683,6139770,0.021527473638109355,345.0,0.014640577443832566
12448,2021-04-24,Kings,674,265627,29105,6168875,0.02315753306991926,335.0,0.014239823351428784
12449,2021-04-25,Kings,469,266096,14811,6183686,0.03166565390588076,321.0,0.013838258124414646
12450,2021-04-26,Kings,425,266521,12305,6195991,0.034538805363673306,310.0,0.013328909867069515
12451,2021-04-27,Kings,466,266987,26832,6222823,0.01736732259988074,295.0,0.012694457071977907
12452,2021-04-28,Kings,535,267522,27431,6250254,0.019503481462578832,284.0,0.012336420785551706
12453,2021-04-29,Kings,554,268076,25104,6275358,0.022068196303377946,268.0,0.012130604738815729
12454,2021-04-30,Kings,549,268625,28976,6304334,0.018946714522363337,262.0,0.011946264801976728
12455,2021-05-01,Kings,458,269083,24301,6328635,0.01884696103041027,246.0,0.011638366799154658
12456,2021-05-02,Kings,297,269380,12337,6340972,0.02407392396854989,234.0,0.011096100375059596
12457,2021-05-03,Kings,282,269662,13302,6354274,0.021199819576003608,224.0,0.010143315675940331
12458,2021-05-04,Kings,372,270034,22288,6376562,0.01669059583632448,217.0,0.010094978049972026
12459,2021-05-05,Kings,343,270377,24118,6400680,0.014221743096442491,203.0,0.009717711023819431
12460,2021-05-06,Kings,297,270674,23825,6424505,0.012465897166841553,185.0,0.00903183251406683
12461,2021-05-07,Kings,413,271087,32297,6456802,0.012787565408551877,175.0,0.008591893291651725
12462,2021-05-08,Kings,289,271376,22437,6479239,0.012880509872086285,163.0,0.0081657182089143
12463,2021-05-09,Kings,197,271573,12574,6491813,0.01566724988070622,156.0,0.007565241488354038
12464,2021-05-10,Kings,165,271738,12608,6504421,0.013086928934010152,148.0,0.006985749299640219
12465,2021-05-11,Kings,227,271965,28507,6532928,0.007962956466832708,137.0,0.006362346487533663
12466,2021-05-12,Kings,294,272259,24881,6557809,0.011816245327760138,134.0,0.006190525218342067
12467,2021-05-13,Kings,249,272508,25254,6583063,0.009859824186267522,131.0,0.006004377148301065
12468,2021-05-14,Kings,198,272706,23055,6606118,0.008588158750813273,115.0,0.005704419529891165
12469,2021-05-15,Kings,174,272880,22705,6628823,0.007663510240035235,107.0,0.005331776699030374
12470,2021-05-16,Kings,159,273039,11680,6640503,0.013613013698630137,104.0,0.005185045543167797
12471,2021-05-17,Kings,121,273160,11688,6652191,0.010352498288843258,101.0,0.004989729068513019
12472,2021-05-18,Kings,167,273327,19737,6671928,0.008461265643208187,97.0,0.005025322581111268
12473,2021-05-19,Kings,154,273481,24618,6696546,0.006255585344057194,87.0,0.0046281325822753435
12474,2021-05-20,Kings,245,273726,25395,6721941,0.009647568418980115,87.0,0.0046129714560405296
12475,2021-05-21,Kings,156,273882,22684,6744625,0.006877093986951155,84.0,0.004490752544336092
12476,2021-05-22,Kings,154,274036,20407,6765032,0.007546430146518352,82.0,0.004482389680513456
12477,2021-05-23,Kings,106,274142,10926,6775958,0.009701629141497347,78.0,0.004203005069289686
12478,2021-05-24,Kings,95,274237,9747,6785705,0.009746588693957114,76.0,0.004159725812512104
12479,2021-05-25,Kings,104,274341,21992,6807697,0.004728992360858494,72.0,0.003893134863772841
12480,2021-05-26,Kings,126,274467,23698,6831395,0.005316904380116465,70.0,0.00382608622349136
12481,2021-05-27,Kings,114,274581,22676,6854071,0.0050273416828364795,61.0,0.003496070028052529
12482,2021-05-28,Kings,81,274662,20011,6874082,0.004047773724451552,55.0,0.0032939757235882715
12483,2021-05-29,Kings,82,274744,18026,6892108,0.004548984799733718,50.0,0.0030798724845322264
12484,2021-05-30,Kings,56,274800,8645,6900753,0.006477732793522267,47.0,0.0028495941739625774
12485,2021-05-31,Kings,53,274853,7516,6908269,0.0070516232038318255,44.0,0.0026570966389536286
12486,2021-06-01,Kings,57,274910,16703,6924972,0.00341256061785308,40.0,0.002563065800167528
12487,2021-06-02,Kings,81,274991,19910,6944882,0.0040683073832245105,37.0,0.0024738803003895313
12488,2021-06-03,Kings,102,275093,27291,6972173,0.0037374958777618996,36.0,0.002381748457169918
12489,2021-06-04,Kings,68,275161,16502,6988675,0.004120712640892013,35.0,0.002386958379772808
12490,2021-06-05,Kings,72,275233,19124,7007799,0.0037649027400125496,34.0,0.0023309525183641535
12491,2021-06-06,Kings,38,275271,9250,7017049,0.0041081081081081085,33.0,0.0021616936122631418
12492,2021-06-07,Kings,59,275330,9510,7026559,0.006203995793901157,34.0,0.002101148797268094
12493,2021-06-08,Kings,64,275394,18579,7045138,0.003444749448301846,34.0,0.0021034479994430063
12494,2021-06-09,Kings,83,275477,20623,7065761,0.004024632691654948,34.0,0.002100328378616609
12495,2021-06-10,Kings,68,275545,18495,7084256,0.003676669370100027,32.0,0.002095983628069332
12496,2021-06-11,Kings,71,275616,21137,7105393,0.003359038652599707,32.0,0.00204157834319131
12497,2021-06-12,Kings,43,275659,18068,7123461,0.0023798981624972328,30.0,0.0019426494447973592
12498,2021-06-13,Kings,36,275695,8305,7131766,0.004334738109572547,30.0,0.001958837302044819
12499,2021-06-14,Kings,47,275742,8544,7140310,0.005500936329588015,29.0,0.0019086187688795945
12500,2021-06-15,Kings,54,275796,17933,7158243,0.0030112083867729882,28.0,0.0018776515501989618
12501,2021-06-16,Kings,48,275844,19203,7177446,0.002499609436025621,26.0,0.0017687213176540097
12502,2021-06-17,Kings,56,275900,18850,7196296,0.002970822281167109,25.0,0.001718303668444516
12503,2021-06-18,Kings,47,275947,17847,7214143,0.002633495825628957,23.0,0.0016664791808037478
12504,2021-06-19,Kings,48,275995,15313,7229456,0.0031345915235420885,24.0,0.001720385849449809
12505,2021-06-20,Kings,41,276036,8295,7237751,0.004942736588306209,24.0,0.0017638143122164992
12506,2021-06-21,Kings,38,276074,8156,7245907,0.004659146640510054,23.0,0.0017036864772823593
12507,2021-06-22,Kings,49,276123,16269,7262176,0.0030118630524310036,23.0,0.0017037332391150743
12508,2021-06-23,Kings,52,276175,19082,7281258,0.002725081228382769,23.0,0.0017198383671405849
12509,2021-06-24,Kings,57,276232,14710,7295968,0.003874915023793338,23.0,0.0017844164201853156
12510,2021-06-25,Kings,65,276297,15024,7310992,0.004326411075612354,25.0,0.0019053389380412726
12511,2021-06-26,Kings,55,276352,12857,7323849,0.004277825309170102,25.0,0.0019869984941575593
12512,2021-06-27,Kings,43,276395,8379,7332228,0.00513187731232844,25.0,0.0020005085458734326
12513,2021-06-28,Kings,54,276449,7915,7340143,0.006822488945041061,26.0,0.0021550329961970765
12514,2021-06-29,Kings,49,276498,14201,7354344,0.003450461235124287,26.0,0.002186361437818025
12515,2021-06-30,Kings,70,276568,12483,7366827,0.005607626371865737,28.0,0.0023922575194953795
12516,2021-07-01,Kings,69,276637,11577,7378404,0.005960093288416689,28.0,0.002541198824111333
12517,2021-07-02,Kings,92,276729,13954,7392358,0.006593091586641823,30.0,0.002703104574899153
12518,2021-07-03,Kings,62,276791,11080,7403438,0.005595667870036101,31.0,0.0027972361863895815
12519,2021-07-04,Kings,61,276852,8012,7411450,0.0076135796305541684,32.0,0.002974500637691419
12520,2021-07-05,Kings,35,276887,5890,7417340,0.005942275042444821,31.0,0.002911628216077402
12521,2021-07-06,Kings,84,276971,7885,7425225,0.010653138871274573,33.0,0.0034261051900881362
12522,2021-07-07,Kings,138,277109,16936,7442161,0.00814832309872461,38.0,0.003607583527720913
12523,2021-07-08,Kings,184,277293,14728,7456889,0.012493210211841391,46.0,0.004074234736536963
12524,2021-07-09,Kings,119,277412,13321,7470210,0.008933263268523384,48.0,0.004241389856671361
12525,2021-07-10,Kings,123,277535,12216,7482426,0.01006876227897839,53.0,0.004560896600167238
12526,2021-07-11,Kings,111,277646,8380,7490806,0.01324582338902148,56.0,0.004963199725772047
12527,2021-07-12,Kings,107,277753,8838,7499644,0.012106811495813533,61.0,0.005403523758155525
12528,2021-07-13,Kings,159,277912,13199,7512843,0.012046367149026441,67.0,0.005503040063709231
12529,2021-07-14,Kings,185,278097,14297,7527140,0.012939777575715185,70.0,0.0058452868120657
12530,2021-07-15,Kings,208,278305,14977,7542117,0.01388796154102958,72.0,0.0059449119070077135
12531,2021-07-16,Kings,262,278567,13938,7556055,0.018797531927105753,82.0,0.006649502525477883
12532,2021-07-17,Kings,200,278767,13387,7569442,0.014939867035183386,88.0,0.006997438579492526
12533,2021-07-18,Kings,141,278908,23240,7592682,0.006067125645438898,90.0,0.006484674454950913
12534,2021-07-19,Kings,246,279154,13617,7606299,0.01806565322758317,100.0,0.006910306007220173
12535,2021-07-20,Kings,295,279449,15439,7621738,0.01910745514605868,109.0,0.007414669435579619
12536,2021-07-21,Kings,301,279750,16599,7638337,0.018133622507379963,118.0,0.00778565835926996
12537,2021-07-22,Kings,327,280077,16969,7655306,0.01927043432140963,126.0,0.008170120700725678
12538,2021-07-23,Kings,366,280443,19181,7674487,0.01908138261821594,134.0,0.008190395750090689
12539,2021-07-24,Kings,357,280800,16809,7691296,0.021238622166696412,145.0,0.008640306830913049
12540,2021-07-25,Kings,266,281066,10753,7702049,0.024737282618804056,154.0,0.009973889471867703
12541,2021-07-26,Kings,293,281359,12503,7714552,0.023434375749820043,157.0,0.01035736965202748
12542,2021-07-27,Kings,447,281806,19858,7734410,0.022509819720012085,168.0,0.010600395693024152
12543,2021-07-28,Kings,493,282299,20113,7754523,0.024511509968676976,182.0,0.011055959083116795
12544,2021-07-29,Kings,456,282755,19521,7774044,0.023359459044106346,191.0,0.011348032277595134
12545,2021-07-30,Kings,528,283283,21162,7795206,0.02495038276155373,202.0,0.011767246573547833
12546,2021-07-31,Kings,418,283701,16481,7811687,0.025362538680905284,207.0,0.012061812038848466
12547,2021-08-01,Kings,390,284091,13932,7825619,0.027993109388458226,216.0,0.012294371093823765
12548,2021-08-02,Kings,415,284506,15292,7840911,0.027138373005493068,224.0,0.012558942326371838
12549,2021-08-03,Kings,562,285068,22027,7862938,0.02551414173514323,233.0,0.012773536756024063
12550,2021-08-04,Kings,591,285659,24664,7887602,0.02396204995134609,240.0,0.012734289611929
12551,2021-08-05,Kings,627,286286,24790,7912392,0.02529245663574022,252.0,0.012872360868474276
12552,2020-03-01,Lewis,0,0,0,0,,,
12553,2020-03-02,Lewis,0,0,0,0,,,
12554,2020-03-03,Lewis,0,0,0,0,,,
12555,2020-03-04,Lewis,0,0,0,0,,,
12556,2020-03-05,Lewis,0,0,0,0,,,
12557,2020-03-06,Lewis,0,0,0,0,,,
12558,2020-03-07,Lewis,0,0,0,0,,0.0,
12559,2020-03-08,Lewis,0,0,0,0,,0.0,
12560,2020-03-09,Lewis,0,0,0,0,,0.0,
12561,2020-03-10,Lewis,0,0,0,0,,0.0,
12562,2020-03-11,Lewis,0,0,0,0,,0.0,
12563,2020-03-12,Lewis,0,0,0,0,,0.0,
12564,2020-03-13,Lewis,0,0,1,1,0.0,0.0,
12565,2020-03-14,Lewis,0,0,0,1,,0.0,
12566,2020-03-15,Lewis,0,0,2,3,0.0,0.0,
12567,2020-03-16,Lewis,0,0,0,3,,0.0,
12568,2020-03-17,Lewis,0,0,1,4,0.0,0.0,
12569,2020-03-18,Lewis,0,0,0,4,,0.0,
12570,2020-03-19,Lewis,0,0,2,6,0.0,0.0,
12571,2020-03-20,Lewis,0,0,1,7,0.0,0.0,
12572,2020-03-21,Lewis,0,0,4,11,0.0,0.0,
12573,2020-03-22,Lewis,0,0,4,15,0.0,0.0,
12574,2020-03-23,Lewis,0,0,5,20,0.0,0.0,
12575,2020-03-24,Lewis,0,0,0,20,,0.0,
12576,2020-03-25,Lewis,0,0,5,25,0.0,0.0,
12577,2020-03-26,Lewis,0,0,5,30,0.0,0.0,
12578,2020-03-27,Lewis,0,0,6,36,0.0,0.0,
12579,2020-03-28,Lewis,2,2,7,43,0.2857142857142857,0.0,
12580,2020-03-29,Lewis,0,2,16,59,0.0,0.0,
12581,2020-03-30,Lewis,0,2,5,64,0.0,0.0,
12582,2020-03-31,Lewis,0,2,3,67,0.0,0.0,0.02040816326530612
12583,2020-04-01,Lewis,0,2,5,72,0.0,0.0,0.02040816326530612
12584,2020-04-02,Lewis,0,2,5,77,0.0,0.0,0.02040816326530612
12585,2020-04-03,Lewis,0,2,5,82,0.0,0.0,0.02040816326530612
12586,2020-04-04,Lewis,1,3,19,101,0.05263157894736842,0.0,0.0037593984962406013
12587,2020-04-05,Lewis,3,6,11,112,0.2727272727272727,0.0,0.02323991797676008
12588,2020-04-06,Lewis,0,6,11,123,0.0,0.0,0.02323991797676008
12589,2020-04-07,Lewis,0,6,6,129,0.0,0.0,0.02323991797676008
12590,2020-04-08,Lewis,0,6,8,137,0.0,0.0,0.02323991797676008
12591,2020-04-09,Lewis,0,6,23,160,0.0,0.0,0.02323991797676008
12592,2020-04-10,Lewis,0,6,0,160,,0.0,
12593,2020-04-11,Lewis,0,6,6,166,0.0,0.0,
12594,2020-04-12,Lewis,0,6,3,169,0.0,0.0,
12595,2020-04-13,Lewis,1,7,11,180,0.09090909090909091,0.0,
12596,2020-04-14,Lewis,0,7,0,180,,0.0,
12597,2020-04-15,Lewis,1,8,7,187,0.14285714285714285,0.0,
12598,2020-04-16,Lewis,0,8,2,189,0.0,0.0,
12599,2020-04-17,Lewis,0,8,0,189,,0.0,
12600,2020-04-18,Lewis,0,8,14,203,0.0,0.0,
12601,2020-04-19,Lewis,1,9,7,210,0.14285714285714285,0.0,
12602,2020-04-20,Lewis,0,9,1,211,0.0,0.0,
12603,2020-04-21,Lewis,0,9,1,212,0.0,0.0,
12604,2020-04-22,Lewis,0,9,8,220,0.0,0.0,
12605,2020-04-23,Lewis,0,9,3,223,0.0,0.0,
12606,2020-04-24,Lewis,0,9,41,264,0.0,0.0,0.01020408163265306
12607,2020-04-25,Lewis,0,9,12,276,0.0,0.0,0.01020408163265306
12608,2020-04-26,Lewis,0,9,14,290,0.0,0.0,0.0
12609,2020-04-27,Lewis,0,9,6,296,0.0,0.0,0.0
12610,2020-04-28,Lewis,0,9,4,300,0.0,0.0,0.0
12611,2020-04-29,Lewis,0,9,14,314,0.0,0.0,0.0
12612,2020-04-30,Lewis,0,9,4,318,0.0,0.0,0.0
12613,2020-05-01,Lewis,0,9,12,330,0.0,0.0,0.0
12614,2020-05-02,Lewis,0,9,1,331,0.0,0.0,0.0
12615,2020-05-03,Lewis,0,9,9,340,0.0,0.0,0.0
12616,2020-05-04,Lewis,0,9,6,346,0.0,0.0,0.0
12617,2020-05-05,Lewis,0,9,4,350,0.0,0.0,0.0
12618,2020-05-06,Lewis,1,10,25,375,0.04,0.0,0.002857142857142857
12619,2020-05-07,Lewis,0,10,20,395,0.0,0.0,0.002857142857142857
12620,2020-05-08,Lewis,1,11,85,480,0.011764705882352941,0.0,0.0036974789915966387
12621,2020-05-09,Lewis,0,11,95,575,0.0,0.0,0.0036974789915966387
12622,2020-05-10,Lewis,0,11,65,640,0.0,0.0,0.0036974789915966387
12623,2020-05-11,Lewis,0,11,16,656,0.0,0.0,0.0036974789915966387
12624,2020-05-12,Lewis,0,11,10,666,0.0,0.0,0.0036974789915966387
12625,2020-05-13,Lewis,1,12,31,697,0.03225806451612903,0.0,0.0031444835998915696
12626,2020-05-14,Lewis,0,12,236,933,0.0,0.0,0.0031444835998915696
12627,2020-05-15,Lewis,1,13,108,1041,0.009259259259259259,0.0,0.0029655231268134494
12628,2020-05-16,Lewis,3,16,62,1103,0.04838709677419355,0.0,0.006421744324970132
12629,2020-05-17,Lewis,1,17,123,1226,0.008130081300813009,0.0,0.007002464417885346
12630,2020-05-18,Lewis,1,18,27,1253,0.037037037037037035,0.0,0.009647967063387993
12631,2020-05-19,Lewis,0,18,34,1287,0.0,0.0,0.009647967063387993
12632,2020-05-20,Lewis,0,18,176,1463,0.0,0.0,0.007343819597950204
12633,2020-05-21,Lewis,1,19,101,1564,0.009900990099009901,0.0,0.008051033176450912
12634,2020-05-22,Lewis,0,19,62,1626,0.0,0.0,0.00738965751507525
12635,2020-05-23,Lewis,0,19,77,1703,0.0,0.0,0.003933436316918568
12636,2020-05-24,Lewis,0,19,43,1746,0.0,0.0,0.0033527162240033527
12637,2020-05-25,Lewis,1,20,25,1771,0.04,0.0,0.0035643564356435645
12638,2020-05-26,Lewis,0,20,22,1793,0.0,0.0,0.0035643564356435645
12639,2020-05-27,Lewis,0,20,34,1827,0.0,0.0,0.0035643564356435645
12640,2020-05-28,Lewis,0,20,148,1975,0.0,0.0,0.002857142857142857
12641,2020-05-29,Lewis,0,20,77,2052,0.0,0.0,0.002857142857142857
12642,2020-05-30,Lewis,0,20,51,2103,0.0,0.0,0.002857142857142857
12643,2020-05-31,Lewis,0,20,64,2167,0.0,0.0,0.002857142857142857
12644,2020-06-01,Lewis,0,20,70,2237,0.0,0.0,0.0
12645,2020-06-02,Lewis,0,20,93,2330,0.0,0.0,0.0
12646,2020-06-03,Lewis,0,20,72,2402,0.0,0.0,0.0
12647,2020-06-04,Lewis,0,20,178,2580,0.0,0.0,0.0
12648,2020-06-05,Lewis,0,20,109,2689,0.0,0.0,0.0
12649,2020-06-06,Lewis,0,20,59,2748,0.0,0.0,0.0
12650,2020-06-07,Lewis,0,20,115,2863,0.0,0.0,0.0
12651,2020-06-08,Lewis,0,20,29,2892,0.0,0.0,0.0
12652,2020-06-09,Lewis,0,20,64,2956,0.0,0.0,0.0
12653,2020-06-10,Lewis,0,20,138,3094,0.0,0.0,0.0
12654,2020-06-11,Lewis,0,20,126,3220,0.0,0.0,0.0
12655,2020-06-12,Lewis,0,20,71,3291,0.0,0.0,0.0
12656,2020-06-13,Lewis,0,20,64,3355,0.0,0.0,0.0
12657,2020-06-14,Lewis,0,20,70,3425,0.0,0.0,0.0
12658,2020-06-15,Lewis,0,20,21,3446,0.0,0.0,0.0
12659,2020-06-16,Lewis,1,21,32,3478,0.03125,0.0,0.002232142857142857
12660,2020-06-17,Lewis,0,21,109,3587,0.0,0.0,0.002232142857142857
12661,2020-06-18,Lewis,0,21,94,3681,0.0,0.0,0.002232142857142857
12662,2020-06-19,Lewis,1,22,74,3755,0.013513513513513514,0.0,0.0031973938223938225
12663,2020-06-20,Lewis,1,23,61,3816,0.01639344262295082,0.0,0.0043683540097474525
12664,2020-06-21,Lewis,0,23,76,3892,0.0,0.0,0.0043683540097474525
12665,2020-06-22,Lewis,1,24,18,3910,0.05555555555555555,0.0,0.00833660797800142
12666,2020-06-23,Lewis,0,24,32,3942,0.0,0.0,0.0061044651208585635
12667,2020-06-24,Lewis,1,25,89,4031,0.011235955056179775,0.0,0.006907033339157119
12668,2020-06-25,Lewis,1,26,91,4122,0.01098901098901099,0.0,0.007691962695515047
12669,2020-06-26,Lewis,0,26,56,4178,0.0,0.0,0.006726711730264082
12670,2020-06-27,Lewis,3,29,89,4267,0.033707865168539325,0.0,0.007963456197806118
12671,2020-06-28,Lewis,1,30,61,4328,0.01639344262295082,0.0,0.009134416385159747
12672,2020-06-29,Lewis,0,30,13,4341,0.0,0.0,0.00516616241690578
12673,2020-06-30,Lewis,0,30,25,4366,0.0,0.0,0.00516616241690578
12674,2020-07-01,Lewis,0,30,38,4404,0.0,0.0,0.004363594198607225
12675,2020-07-02,Lewis,0,30,85,4489,0.0,0.0,0.0035786648422492964
12676,2020-07-03,Lewis,1,31,64,4553,0.015625,0.0,0.004694736270820725
12677,2020-07-04,Lewis,0,31,42,4595,0.0,0.0,0.002287031615925059
12678,2020-07-05,Lewis,0,31,17,4612,0.0,0.0,0.0011160714285714285
12679,2020-07-06,Lewis,0,31,41,4653,0.0,0.0,0.0011160714285714285
12680,2020-07-07,Lewis,0,31,77,4730,0.0,0.0,0.0011160714285714285
12681,2020-07-08,Lewis,0,31,56,4786,0.0,0.0,0.0011160714285714285
12682,2020-07-09,Lewis,0,31,33,4819,0.0,0.0,0.0011160714285714285
12683,2020-07-10,Lewis,0,31,51,4870,0.0,0.0,0.0
12684,2020-07-11,Lewis,0,31,42,4912,0.0,0.0,0.0
12685,2020-07-12,Lewis,0,31,103,5015,0.0,0.0,0.0
12686,2020-07-13,Lewis,1,32,23,5038,0.043478260869565216,0.0,0.003105590062111801
12687,2020-07-14,Lewis,0,32,72,5110,0.0,0.0,0.003105590062111801
12688,2020-07-15,Lewis,0,32,46,5156,0.0,0.0,0.003105590062111801
12689,2020-07-16,Lewis,0,32,78,5234,0.0,0.0,0.003105590062111801
12690,2020-07-17,Lewis,0,32,68,5302,0.0,0.0,0.003105590062111801
12691,2020-07-18,Lewis,1,33,46,5348,0.021739130434782608,0.0,0.004658385093167702
12692,2020-07-19,Lewis,0,33,32,5380,0.0,0.0,0.004658385093167702
12693,2020-07-20,Lewis,0,33,76,5456,0.0,0.0,0.0015527950310559005
12694,2020-07-21,Lewis,0,33,80,5536,0.0,0.0,0.0015527950310559005
12695,2020-07-22,Lewis,1,34,173,5709,0.005780346820809248,0.0,0.0019656769468279897
12696,2020-07-23,Lewis,0,34,65,5774,0.0,0.0,0.0019656769468279897
12697,2020-07-24,Lewis,0,34,99,5873,0.0,0.0,0.0019656769468279897
12698,2020-07-25,Lewis,0,34,119,5992,0.0,0.0,0.00041288191577208916
12699,2020-07-26,Lewis,0,34,94,6086,0.0,0.0,0.00041288191577208916
12700,2020-07-27,Lewis,0,34,35,6121,0.0,0.0,0.00041288191577208916
12701,2020-07-28,Lewis,0,34,55,6176,0.0,0.0,0.00041288191577208916
12702,2020-07-29,Lewis,0,34,128,6304,0.0,0.0,0.0
12703,2020-07-30,Lewis,0,34,49,6353,0.0,0.0,0.0
12704,2020-07-31,Lewis,0,34,65,6418,0.0,0.0,0.0
12705,2020-08-01,Lewis,1,35,55,6473,0.01818181818181818,0.0,0.0012987012987012987
12706,2020-08-02,Lewis,0,35,16,6489,0.0,0.0,0.0012987012987012987
12707,2020-08-03,Lewis,2,37,70,6559,0.02857142857142857,0.0,0.003339517625231911
12708,2020-08-04,Lewis,0,37,34,6593,0.0,0.0,0.003339517625231911
12709,2020-08-05,Lewis,2,39,100,6693,0.02,0.0,0.00476808905380334
12710,2020-08-06,Lewis,0,39,18,6711,0.0,0.0,0.00476808905380334
12711,2020-08-07,Lewis,2,41,38,6749,0.05263157894736842,0.0,0.008527487550043941
12712,2020-08-08,Lewis,0,41,56,6805,0.0,0.0,0.007228786251342642
12713,2020-08-09,Lewis,0,41,16,6821,0.0,0.0,0.007228786251342642
12714,2020-08-10,Lewis,4,45,111,6932,0.036036036036036036,0.0,0.007761972498814604
12715,2020-08-11,Lewis,1,46,61,6993,0.01639344262295082,0.0,0.008932932686168234
12716,2020-08-12,Lewis,1,47,48,7041,0.020833333333333332,0.0,0.008992456495692042
12717,2020-08-13,Lewis,0,47,36,7077,0.0,0.0,0.008992456495692042
12718,2020-08-14,Lewis,0,47,106,7183,0.0,0.0,0.005233057999451442
12719,2020-08-15,Lewis,0,47,82,7265,0.0,0.0,0.005233057999451442
12720,2020-08-16,Lewis,0,47,14,7279,0.0,0.0,0.005233057999451442
12721,2020-08-17,Lewis,0,47,45,7324,0.0,0.0,0.002659055425448868
12722,2020-08-18,Lewis,0,47,79,7403,0.0,0.0,0.001488095238095238
12723,2020-08-19,Lewis,0,47,71,7474,0.0,0.0,0.0
12724,2020-08-20,Lewis,0,47,76,7550,0.0,0.0,0.0
12725,2020-08-21,Lewis,0,47,103,7653,0.0,0.0,0.0
12726,2020-08-22,Lewis,0,47,81,7734,0.0,0.0,0.0
12727,2020-08-23,Lewis,0,47,23,7757,0.0,0.0,0.0
12728,2020-08-24,Lewis,0,47,40,7797,0.0,0.0,0.0
12729,2020-08-25,Lewis,1,48,85,7882,0.011764705882352941,0.0,0.0008403361344537815
12730,2020-08-26,Lewis,0,48,77,7959,0.0,0.0,0.0008403361344537815
12731,2020-08-27,Lewis,0,48,75,8034,0.0,0.0,0.0008403361344537815
12732,2020-08-28,Lewis,0,48,85,8119,0.0,0.0,0.0008403361344537815
12733,2020-08-29,Lewis,1,49,109,8228,0.009174311926605505,0.0,0.0014956441292113176
12734,2020-08-30,Lewis,0,49,37,8265,0.0,0.0,0.0014956441292113176
12735,2020-08-31,Lewis,0,49,66,8331,0.0,0.0,0.0014956441292113176
12736,2020-09-01,Lewis,0,49,68,8399,0.0,0.0,0.000655307994757536
12737,2020-09-02,Lewis,0,49,74,8473,0.0,0.0,0.000655307994757536
12738,2020-09-03,Lewis,0,49,29,8502,0.0,0.0,0.000655307994757536
12739,2020-09-04,Lewis,0,49,42,8544,0.0,0.0,0.000655307994757536
12740,2020-09-05,Lewis,0,49,31,8575,0.0,0.0,0.0
12741,2020-09-06,Lewis,0,49,110,8685,0.0,0.0,0.0
12742,2020-09-07,Lewis,0,49,107,8792,0.0,0.0,0.0
12743,2020-09-08,Lewis,1,50,35,8827,0.02857142857142857,0.0,0.002040816326530612
12744,2020-09-09,Lewis,0,50,26,8853,0.0,0.0,0.002040816326530612
12745,2020-09-10,Lewis,0,50,57,8910,0.0,0.0,0.002040816326530612
12746,2020-09-11,Lewis,0,50,95,9005,0.0,0.0,0.002040816326530612
12747,2020-09-12,Lewis,0,50,54,9059,0.0,0.0,0.002040816326530612
12748,2020-09-13,Lewis,0,50,59,9118,0.0,0.0,0.002040816326530612
12749,2020-09-14,Lewis,0,50,102,9220,0.0,0.0,0.002040816326530612
12750,2020-09-15,Lewis,0,50,49,9269,0.0,0.0,0.0
12751,2020-09-16,Lewis,0,50,57,9326,0.0,0.0,0.0
12752,2020-09-17,Lewis,0,50,67,9393,0.0,0.0,0.0
12753,2020-09-18,Lewis,0,50,43,9436,0.0,0.0,0.0
12754,2020-09-19,Lewis,0,50,127,9563,0.0,0.0,0.0
12755,2020-09-20,Lewis,0,50,70,9633,0.0,0.0,0.0
12756,2020-09-21,Lewis,0,50,24,9657,0.0,0.0,0.0
12757,2020-09-22,Lewis,0,50,105,9762,0.0,0.0,0.0
12758,2020-09-23,Lewis,0,50,50,9812,0.0,0.0,0.0
12759,2020-09-24,Lewis,0,50,70,9882,0.0,0.0,0.0
12760,2020-09-25,Lewis,0,50,107,9989,0.0,0.0,0.0
12761,2020-09-26,Lewis,0,50,110,10099,0.0,0.0,0.0
12762,2020-09-27,Lewis,0,50,66,10165,0.0,0.0,0.0
12763,2020-09-28,Lewis,0,50,49,10214,0.0,0.0,0.0
12764,2020-09-29,Lewis,0,50,68,10282,0.0,0.0,0.0
12765,2020-09-30,Lewis,0,50,39,10321,0.0,0.0,0.0
12766,2020-10-01,Lewis,1,51,178,10499,0.0056179775280898875,0.0,0.0004012841091492777
12767,2020-10-02,Lewis,0,51,121,10620,0.0,0.0,0.0004012841091492777
12768,2020-10-03,Lewis,0,51,69,10689,0.0,0.0,0.0004012841091492777
12769,2020-10-04,Lewis,2,53,111,10800,0.018018018018018018,0.0,0.0016882853961505647
12770,2020-10-05,Lewis,0,53,43,10843,0.0,0.0,0.0016882853961505647
12771,2020-10-06,Lewis,0,53,203,11046,0.0,0.0,0.0016882853961505647
12772,2020-10-07,Lewis,1,54,68,11114,0.014705882352941176,0.0,0.0027387055642177915
12773,2020-10-08,Lewis,0,54,66,11180,0.0,0.0,0.002337421455068514
12774,2020-10-09,Lewis,1,55,89,11269,0.011235955056179775,0.0,0.0031399896733670693
12775,2020-10-10,Lewis,0,55,117,11386,0.0,0.0,0.0031399896733670693
12776,2020-10-11,Lewis,0,55,96,11482,0.0,0.0,0.0018529883863657823
12777,2020-10-12,Lewis,0,55,37,11519,0.0,0.0,0.0018529883863657823
12778,2020-10-13,Lewis,0,55,213,11732,0.0,0.0,0.0018529883863657823
12779,2020-10-14,Lewis,0,55,48,11780,0.0,0.0,0.0008025682182985554
12780,2020-10-15,Lewis,0,55,52,11832,0.0,0.0,0.0008025682182985554
12781,2020-10-16,Lewis,0,55,129,11961,0.0,0.0,0.0
12782,2020-10-17,Lewis,1,56,131,12092,0.007633587786259542,0.0,0.0005452562704471102
12783,2020-10-18,Lewis,0,56,36,12128,0.0,0.0,0.0005452562704471102
12784,2020-10-19,Lewis,1,57,70,12198,0.014285714285714285,0.0,0.0015656644337124163
12785,2020-10-20,Lewis,5,62,49,12247,0.10204081632653061,0.0,0.008854294171321745
12786,2020-10-21,Lewis,2,64,69,12316,0.028985507246376812,0.0,0.010924687546062947
12787,2020-10-22,Lewis,4,68,102,12418,0.0392156862745098,0.0,0.01372580799424222
12788,2020-10-23,Lewis,24,92,147,12565,0.16326530612244897,2.0,0.025387615574417145
12789,2020-10-24,Lewis,16,108,114,12679,0.14035087719298245,3.0,0.034867421960611635
12790,2020-10-25,Lewis,7,115,168,12847,0.041666666666666664,4.0,0.037843612436802114
12791,2020-10-26,Lewis,5,120,123,12970,0.04065040650406504,4.0,0.03972680473811289
12792,2020-10-27,Lewis,7,127,339,13309,0.02064896755162242,4.0,0.03391310125419087
12793,2020-10-28,Lewis,7,134,238,13547,0.029411764705882353,5.0,0.03394354821558412
12794,2020-10-29,Lewis,5,139,250,13797,0.02,5.0,0.03257099919597628
12795,2020-10-30,Lewis,7,146,357,14154,0.0196078431372549,3.0,0.022309751839890986
12796,2020-10-31,Lewis,2,148,159,14313,0.012578616352201259,2.0,0.01318316177983519
12797,2020-11-01,Lewis,5,153,92,14405,0.05434782608695652,2.0,0.014088958881284462
12798,2020-11-02,Lewis,2,155,165,14570,0.012121212121212121,2.0,0.012051159282509256
12799,2020-11-03,Lewis,10,165,109,14679,0.09174311926605505,2.0,0.017129312976397297
12800,2020-11-04,Lewis,2,167,109,14788,0.01834862385321101,2.0,0.016339088629777915
12801,2020-11-05,Lewis,4,171,62,14850,0.06451612903225806,2.0,0.019518812132082064
12802,2020-11-06,Lewis,2,173,179,15029,0.0111731843575419,1.0,0.01891633650495971
12803,2020-11-07,Lewis,7,180,145,15174,0.04827586206896552,2.0,0.02146613977044287
12804,2020-11-08,Lewis,5,185,192,15366,0.026041666666666668,2.0,0.019444271240422167
12805,2020-11-09,Lewis,1,186,139,15505,0.007194244604316547,2.0,0.01909234498921534
12806,2020-11-10,Lewis,9,195,88,15593,0.10227272727272728,2.0,0.01984445984683478
12807,2020-11-11,Lewis,15,210,165,15758,0.09090909090909091,3.0,0.025027350350826205
12808,2020-11-12,Lewis,9,219,69,15827,0.13043478260869565,3.0,0.029735825606286036
12809,2020-11-13,Lewis,15,234,119,15946,0.12605042016806722,4.0,0.03794134244989499
12810,2020-11-14,Lewis,3,237,91,16037,0.03296703296703297,4.0,0.03684785465689981
12811,2020-11-15,Lewis,10,247,77,16114,0.12987012987012986,4.0,0.04426417345714717
12812,2020-11-16,Lewis,6,253,284,16398,0.02112676056338028,4.0,0.045259353168508876
12813,2020-11-17,Lewis,12,265,264,16662,0.045454545454545456,5.0,0.041200911610067316
12814,2020-11-18,Lewis,10,275,129,16791,0.07751937984496124,4.0,0.04024450367691519
12815,2020-11-19,Lewis,9,284,75,16866,0.12,4.0,0.039499162062008354
12816,2020-11-20,Lewis,16,300,206,17072,0.07766990291262135,4.0,0.03604341082947652
12817,2020-11-21,Lewis,0,300,53,17125,0.0,4.0,0.03368862276040273
12818,2020-11-22,Lewis,6,306,272,17397,0.022058823529411766,4.0,0.025987815164637156
12819,2020-11-23,Lewis,9,315,96,17493,0.09375,4.0,0.03117518941010999
12820,2020-11-24,Lewis,11,326,146,17639,0.07534246575342465,4.0,0.03331004086002993
12821,2020-11-25,Lewis,11,337,330,17969,0.03333333333333333,4.0,0.030153894680627933
12822,2020-11-26,Lewis,8,345,148,18117,0.05405405405405406,4.0,0.025443469970203223
12823,2020-11-27,Lewis,6,351,136,18253,0.04411764705882353,3.0,0.023046880266360526
12824,2020-11-28,Lewis,9,360,268,18521,0.033582089552238806,4.0,0.025445600948663293
12825,2020-11-29,Lewis,8,368,164,18685,0.04878048780487805,4.0,0.027354291254053746
12826,2020-11-30,Lewis,12,380,134,18819,0.08955223880597014,4.0,0.0270544511687659
12827,2020-12-01,Lewis,24,404,137,18956,0.17518248175182483,5.0,0.034185880882937336
12828,2020-12-02,Lewis,26,430,245,19201,0.10612244897959183,6.0,0.03938510342909866
12829,2020-12-03,Lewis,20,450,135,19336,0.14814814814814814,7.0,0.046106110150105385
12830,2020-12-04,Lewis,9,459,249,19585,0.03614457831325301,7.0,0.04553660523970749
12831,2020-12-05,Lewis,8,467,120,19705,0.06666666666666667,7.0,0.04789978931930948
12832,2020-12-06,Lewis,8,475,73,19778,0.1095890410958904,7.0,0.05224325741152464
12833,2020-12-07,Lewis,25,500,240,20018,0.10416666666666667,8.0,0.053287145115860114
12834,2020-12-08,Lewis,10,510,195,20213,0.05128205128205128,7.0,0.04443711436801915
12835,2020-12-09,Lewis,11,521,125,20338,0.088,6.0,0.043142653726619726
12836,2020-12-10,Lewis,19,540,259,20597,0.07335907335907337,6.0,0.03780057695597152
12837,2020-12-11,Lewis,12,552,203,20800,0.059113300492610835,6.0,0.03944119996878281
12838,2020-12-12,Lewis,15,567,131,20931,0.11450381679389313,7.0,0.04285813926358469
12839,2020-12-13,Lewis,7,574,173,21104,0.04046242774566474,7.0,0.03792052402428286
12840,2020-12-14,Lewis,13,587,246,21350,0.052845528455284556,6.0,0.03425472843775556
12841,2020-12-15,Lewis,16,603,117,21467,0.13675213675213677,6.0,0.04035973454276167
12842,2020-12-16,Lewis,14,617,192,21659,0.07291666666666667,6.0,0.03928235359038072
12843,2020-12-17,Lewis,13,630,214,21873,0.06074766355140187,6.0,0.03838153860411847
12844,2020-12-18,Lewis,8,638,133,22006,0.06015037593984962,6.0,0.03845561542177838
12845,2020-12-19,Lewis,17,655,163,22169,0.10429447852760736,6.0,0.03772637697418655
12846,2020-12-20,Lewis,18,673,307,22476,0.05863192182410423,7.0,0.03902419797978936
12847,2020-12-21,Lewis,11,684,159,22635,0.06918238993710692,6.0,0.04019111665706239
12848,2020-12-22,Lewis,30,714,290,22925,0.10344827586206896,7.0,0.037812269450628974
12849,2020-12-23,Lewis,36,750,242,23167,0.1487603305785124,9.0,0.04322967401576081
12850,2020-12-24,Lewis,26,776,200,23367,0.13,10.0,0.048176269476374954
12851,2020-12-25,Lewis,23,799,135,23502,0.17037037037037037,11.0,0.056049126221412164
12852,2020-12-26,Lewis,19,818,232,23734,0.08189655172413793,11.0,0.054449274306878626
12853,2020-12-27,Lewis,14,832,133,23867,0.10526315789473684,11.0,0.05778007688335239
12854,2020-12-28,Lewis,9,841,109,23976,0.08256880733944955,11.0,0.058736249554948286
12855,2020-12-29,Lewis,16,857,100,24076,0.16,10.0,0.06277565842194335
12856,2020-12-30,Lewis,53,910,256,24332,0.20703125,11.0,0.06693786695204962
12857,2020-12-31,Lewis,34,944,284,24616,0.11971830985915492,12.0,0.06620346051341783
12858,2021-01-01,Lewis,20,964,226,24842,0.08849557522123894,11.0,0.060355260859908444
12859,2021-01-02,Lewis,19,983,144,24986,0.13194444444444445,11.0,0.06393011033993033
12860,2021-01-03,Lewis,18,1001,148,25134,0.12162162162162163,12.0,0.06509857203470783
12861,2021-01-04,Lewis,32,1033,128,25262,0.25,13.0,0.07705794293903286
12862,2021-01-05,Lewis,41,1074,175,25437,0.2342857142857143,15.0,0.08236406538801244
12863,2021-01-06,Lewis,43,1117,329,25766,0.13069908814589665,14.0,0.07691176811271935
12864,2021-01-07,Lewis,30,1147,292,26058,0.10273972602739725,14.0,0.07569901212473665
12865,2021-01-08,Lewis,44,1191,226,26284,0.19469026548672566,16.0,0.0832843471437
12866,2021-01-09,Lewis,25,1216,240,26524,0.10416666666666667,16.0,0.08130022015957303
12867,2021-01-10,Lewis,9,1225,136,26660,0.0661764705882353,16.0,0.07733985222861683
12868,2021-01-11,Lewis,31,1256,218,26878,0.14220183486238533,15.0,0.0696399832902158
12869,2021-01-12,Lewis,57,1313,243,27121,0.2345679012345679,17.0,0.06966013950084818
12870,2021-01-13,Lewis,27,1340,182,27303,0.14835164835164835,15.0,0.07092103665840188
12871,2021-01-14,Lewis,48,1388,347,27650,0.138328530259366,17.0,0.07346309410354253
12872,2021-01-15,Lewis,31,1419,288,27938,0.1076388888888889,16.0,0.06724513863226846
12873,2021-01-16,Lewis,32,1451,291,28229,0.10996563573883161,16.0,0.06765935070885168
12874,2021-01-17,Lewis,8,1459,118,28347,0.06779661016949153,16.0,0.0677750749646557
12875,2021-01-18,Lewis,36,1495,262,28609,0.13740458015267176,17.0,0.06743241391396186
12876,2021-01-19,Lewis,45,1540,232,28841,0.1939655172413793,16.0,0.0645322436287341
12877,2021-01-20,Lewis,18,1558,205,29046,0.08780487804878048,15.0,0.0602074743213864
12878,2021-01-21,Lewis,24,1582,218,29264,0.11009174311926606,13.0,0.05819056095423641
12879,2021-01-22,Lewis,31,1613,292,29556,0.10616438356164383,13.0,0.05808523914514747
12880,2021-01-23,Lewis,32,1645,338,29894,0.09467455621301775,13.0,0.05699301917901791
12881,2021-01-24,Lewis,10,1655,161,30055,0.062111801242236024,14.0,0.05658696139849966
12882,2021-01-25,Lewis,22,1677,187,30242,0.11764705882352941,13.0,0.055175709874989494
12883,2021-01-26,Lewis,18,1695,145,30387,0.12413793103448276,11.0,0.05018802514592545
12884,2021-01-27,Lewis,18,1713,280,30667,0.06428571428571428,11.0,0.048508084877135
12885,2021-01-28,Lewis,13,1726,182,30849,0.07142857142857142,10.0,0.04574642975637111
12886,2021-01-29,Lewis,14,1740,235,31084,0.059574468085106386,9.0,0.04241857865090415
12887,2021-01-30,Lewis,15,1755,229,31313,0.06550218340611354,7.0,0.04033483773612528
12888,2021-01-31,Lewis,2,1757,107,31420,0.018691588785046728,7.0,0.03723339398918318
12889,2021-02-01,Lewis,9,1766,104,31524,0.08653846153846154,6.0,0.03501135132596405
12890,2021-02-02,Lewis,11,1777,128,31652,0.0859375,5.0,0.03228274910921528
12891,2021-02-03,Lewis,16,1793,253,31905,0.06324110671936758,5.0,0.032208134283047654
12892,2021-02-04,Lewis,18,1811,214,32119,0.08411214953271028,6.0,0.033114104147629005
12893,2021-02-05,Lewis,30,1841,233,32352,0.12875536480686695,7.0,0.03805559677061191
12894,2021-02-06,Lewis,7,1848,117,32469,0.05982905982905983,6.0,0.03765037365796521
12895,2021-02-07,Lewis,12,1860,203,32672,0.059113300492610835,7.0,0.04053763877993407
12896,2021-02-08,Lewis,6,1866,101,32773,0.0594059405940594,7.0,0.03859960156961963
12897,2021-02-09,Lewis,12,1878,140,32913,0.08571428571428572,7.0,0.03858365769206862
12898,2021-02-10,Lewis,13,1891,218,33131,0.05963302752293578,7.0,0.03832593774946634
12899,2021-02-11,Lewis,5,1896,102,33233,0.049019607843137254,6.0,0.03581932762878255
12900,2021-02-12,Lewis,20,1916,238,33471,0.08403361344537816,5.0,0.03262491681724764
12901,2021-02-13,Lewis,13,1929,169,33640,0.07692307692307693,5.0,0.033845918038248865
12902,2021-02-14,Lewis,12,1941,227,33867,0.05286343612334802,5.0,0.03339949915473009
12903,2021-02-15,Lewis,8,1949,117,33984,0.06837606837606838,5.0,0.03404022256773074
12904,2021-02-16,Lewis,7,1956,120,34104,0.058333333333333334,5.0,0.032084440254805564
12905,2021-02-17,Lewis,12,1968,160,34264,0.075,5.0,0.03318208114602443
12906,2021-02-18,Lewis,19,1987,197,34461,0.09644670050761421,6.0,0.036569730622058504
12907,2021-02-19,Lewis,9,1996,190,34651,0.04736842105263158,5.0,0.033950788308290895
12908,2021-02-20,Lewis,9,2005,208,34859,0.04326923076923077,5.0,0.031546942154444736
12909,2021-02-21,Lewis,8,2013,199,35058,0.04020100502512563,5.0,0.030642482790286
12910,2021-02-22,Lewis,7,2020,122,35180,0.05737704918032787,5.0,0.029856838562018817
12911,2021-02-23,Lewis,6,2026,139,35319,0.04316546762589928,5.0,0.02877341958291638
12912,2021-02-24,Lewis,20,2046,231,35550,0.08658008658008658,5.0,0.029600568624351137
12913,2021-02-25,Lewis,4,2050,143,35693,0.027972027972027972,4.0,0.024709520586094973
12914,2021-02-26,Lewis,10,2060,248,35941,0.04032258064516129,4.0,0.024206246271275673
12915,2021-02-27,Lewis,6,2066,240,36181,0.025,4.0,0.022901301216330616
12916,2021-02-28,Lewis,1,2067,169,36350,0.005917159763313609,3.0,0.020452455126201186
12917,2021-03-01,Lewis,6,2073,94,36444,0.06382978723404255,3.0,0.020913364987180806
12918,2021-03-02,Lewis,1,2074,106,36550,0.009433962264150943,3.0,0.018503971747055925
12919,2021-03-03,Lewis,6,2080,244,36794,0.02459016393442623,2.0,0.014076120129508757
12920,2021-03-04,Lewis,5,2085,186,36980,0.026881720430107527,2.0,0.01399824101937158
12921,2021-03-05,Lewis,11,2096,164,37144,0.06707317073170732,2.0,0.015908997454124867
12922,2021-03-06,Lewis,7,2103,193,37337,0.03626943005181347,2.0,0.016713956743540117
12923,2021-03-07,Lewis,4,2107,137,37474,0.029197080291970802,2.0,0.018376808209872773
12924,2021-03-08,Lewis,3,2110,86,37560,0.03488372093023256,2.0,0.01630923204531492
12925,2021-03-09,Lewis,4,2114,154,37714,0.025974025974025976,2.0,0.01749066516744885
12926,2021-03-10,Lewis,4,2118,262,37976,0.015267175572519083,2.0,0.016824737427312626
12927,2021-03-11,Lewis,10,2128,184,38160,0.05434782608695652,3.0,0.01878660211708755
12928,2021-03-12,Lewis,11,2139,203,38363,0.054187192118226604,3.0,0.017866175073267505
12929,2021-03-13,Lewis,5,2144,216,38579,0.023148148148148147,2.0,0.016928940651577122
12930,2021-03-14,Lewis,3,2147,153,38732,0.0196078431372549,2.0,0.016243995140525984
12931,2021-03-15,Lewis,9,2156,153,38885,0.058823529411764705,3.0,0.017953981460635423
12932,2021-03-16,Lewis,11,2167,165,39050,0.06666666666666667,3.0,0.020860598652966904
12933,2021-03-17,Lewis,14,2181,263,39313,0.053231939163498096,4.0,0.023572367480893974
12934,2021-03-18,Lewis,11,2192,191,39504,0.05759162303664921,4.0,0.02380406726301488
12935,2021-03-19,Lewis,8,2200,245,39749,0.0326530612244898,4.0,0.022265915056319394
12936,2021-03-20,Lewis,2,2202,175,39924,0.011428571428571429,4.0,0.021428802433492485
12937,2021-03-21,Lewis,10,2212,159,40083,0.06289308176100629,4.0,0.02452060519233187
12938,2021-03-22,Lewis,13,2225,116,40199,0.11206896551724138,4.0,0.028323850628437345
12939,2021-03-23,Lewis,8,2233,176,40375,0.045454545454545456,4.0,0.026808699113285834
12940,2021-03-24,Lewis,9,2242,199,40574,0.04522613065326633,4.0,0.02623685564826928
12941,2021-03-25,Lewis,15,2257,303,40877,0.04950495049504951,4.0,0.02565923618101216
12942,2021-03-26,Lewis,17,2274,232,41109,0.07327586206896551,5.0,0.028560864812760423
12943,2021-03-27,Lewis,11,2285,219,41328,0.0502283105022831,5.0,0.031332274746596965
12944,2021-03-28,Lewis,17,2302,196,41524,0.08673469387755102,6.0,0.03303524704063588
12945,2021-03-29,Lewis,9,2311,98,41622,0.09183673469387756,6.0,0.031590087696109895
12946,2021-03-30,Lewis,10,2321,161,41783,0.062111801242236024,6.0,0.03277989168094493
12947,2021-03-31,Lewis,11,2332,322,42105,0.034161490683229816,6.0,0.03198956025451375
12948,2021-04-01,Lewis,5,2337,168,42273,0.02976190476190476,5.0,0.03057934270214627
12949,2021-04-02,Lewis,8,2345,201,42474,0.03980099502487562,5.0,0.028188280770425563
12950,2021-04-03,Lewis,6,2351,210,42684,0.02857142857142857,4.0,0.026641360632507383
12951,2021-04-04,Lewis,7,2358,91,42775,0.07692307692307693,4.0,0.025940530850044947
12952,2021-04-05,Lewis,7,2365,72,42847,0.09722222222222222,3.0,0.026325208530640996
12953,2021-04-06,Lewis,6,2371,109,42956,0.05504587155963303,3.0,0.025820499267597923
12954,2021-04-07,Lewis,7,2378,181,43137,0.03867403314917127,3.0,0.026142823729450888
12955,2021-04-08,Lewis,13,2391,230,43367,0.05652173913043478,3.0,0.028054240470060172
12956,2021-04-09,Lewis,11,2402,217,43584,0.05069124423963134,4.0,0.028832115413971297
12957,2021-04-10,Lewis,4,2406,164,43748,0.024390243902439025,3.0,0.028533459366186325
12958,2021-04-11,Lewis,2,2408,97,43845,0.020618556701030927,3.0,0.024511707921754472
12959,2021-04-12,Lewis,12,2420,100,43945,0.12,3.0,0.026138692048738598
12960,2021-04-13,Lewis,3,2423,177,44122,0.01694915254237288,3.0,0.02341749783322002
12961,2021-04-14,Lewis,9,2432,137,44259,0.06569343065693431,3.0,0.02534745479806023
12962,2021-04-15,Lewis,9,2441,239,44498,0.03765690376569038,3.0,0.02399996655772135
12963,2021-04-16,Lewis,12,2453,203,44701,0.059113300492610835,3.0,0.02460154200436274
12964,2021-04-17,Lewis,4,2457,219,44920,0.0182648401826484,3.0,0.02416401316723484
12965,2021-04-18,Lewis,4,2461,160,45080,0.025,3.0,0.024476973402875486
12966,2021-04-19,Lewis,17,2478,120,45200,0.14166666666666666,4.0,0.026024592450494533
12967,2021-04-20,Lewis,3,2481,201,45401,0.014925373134328358,4.0,0.025880036778491353
12968,2021-04-21,Lewis,7,2488,202,45603,0.034653465346534656,4.0,0.023662896399177093
12969,2021-04-22,Lewis,6,2494,219,45822,0.0273972602739726,3.0,0.02293006472119725
12970,2021-04-23,Lewis,5,2499,242,46064,0.02066115702479339,3.0,0.020183483044924577
12971,2021-04-24,Lewis,5,2504,172,46236,0.029069767441860465,3.0,0.020955263563439724
12972,2021-04-25,Lewis,3,2507,120,46356,0.025,3.0,0.020955263563439724
12973,2021-04-26,Lewis,11,2518,59,46415,0.1864406779661017,2.0,0.02415340722768508
12974,2021-04-27,Lewis,7,2525,252,46667,0.027777777777777776,3.0,0.02507143613078861
12975,2021-04-28,Lewis,15,2540,194,46861,0.07731958762886598,3.0,0.02811901629381228
12976,2021-04-29,Lewis,5,2545,181,47042,0.027624309392265192,3.0,0.028135234087976035
12977,2021-04-30,Lewis,12,2557,258,47300,0.046511627906976744,4.0,0.02998169629384628
12978,2021-05-01,Lewis,4,2561,132,47432,0.030303030303030304,4.0,0.03006978649821555
12979,2021-05-02,Lewis,5,2566,149,47581,0.03355704697986577,4.0,0.030681004139634534
12980,2021-05-03,Lewis,3,2569,53,47634,0.05660377358490566,3.0,0.021406939540977672
12981,2021-05-04,Lewis,11,2580,139,47773,0.07913669064748201,3.0,0.02507543331738512
12982,2021-05-05,Lewis,10,2590,155,47928,0.06451612903225806,3.0,0.024160900560484554
12983,2021-05-06,Lewis,17,2607,107,48035,0.1588785046728972,4.0,0.03353620022338683
12984,2021-05-07,Lewis,19,2626,281,48316,0.06761565836298933,4.0,0.03504363097024488
12985,2021-05-08,Lewis,8,2634,179,48495,0.0446927374301676,5.0,0.036071467193611824
12986,2021-05-09,Lewis,4,2638,148,48643,0.02702702702702703,5.0,0.035605037196980494
12987,2021-05-10,Lewis,17,2655,72,48715,0.2361111111111111,6.0,0.04842698987742373
12988,2021-05-11,Lewis,4,2659,197,48912,0.02030456852791878,5.0,0.04422469544031208
12989,2021-05-12,Lewis,17,2676,192,49104,0.08854166666666667,6.0,0.04594080527134126
12990,2021-05-13,Lewis,11,2687,144,49248,0.0763888888888889,5.0,0.04004868985819782
12991,2021-05-14,Lewis,20,2707,220,49468,0.09090909090909091,5.0,0.041712506468633635
12992,2021-05-15,Lewis,4,2711,172,49640,0.023255813953488372,5.0,0.040181297648870844
12993,2021-05-16,Lewis,5,2716,101,49741,0.04950495049504951,5.0,0.04178686361087245
12994,2021-05-17,Lewis,3,2719,39,49780,0.07692307692307693,4.0,0.03041628974029858
12995,2021-05-18,Lewis,17,2736,223,50003,0.07623318385650224,5.0,0.03441119083519739
12996,2021-05-19,Lewis,11,2747,297,50300,0.037037037037037035,5.0,0.030732288718795277
12997,2021-05-20,Lewis,8,2755,150,50450,0.05333333333333334,4.0,0.02908546332196988
12998,2021-05-21,Lewis,3,2758,173,50623,0.017341040462427744,3.0,0.023830602575779652
12999,2021-05-22,Lewis,2,2760,97,50720,0.020618556701030927,3.0,0.02364222705774698
13000,2021-05-23,Lewis,3,2763,80,50800,0.0375,3.0,0.022784730593814872
13001,2021-05-24,Lewis,4,2767,93,50893,0.043010752688172046,3.0,0.02036242171989309
13002,2021-05-25,Lewis,3,2770,204,51097,0.014705882352941176,2.0,0.015967614469638732
13003,2021-05-26,Lewis,3,2773,169,51266,0.01775147928994083,1.0,0.014590074630560433
13004,2021-05-27,Lewis,6,2779,114,51380,0.05263157894736842,1.0,0.014539949317277225
13005,2021-05-28,Lewis,4,2783,100,51480,0.04,1.0,0.016158446427103818
13006,2021-05-29,Lewis,0,2783,104,51584,0.0,1.0,0.01468569237703018
13007,2021-05-30,Lewis,3,2786,63,51647,0.047619047619047616,1.0,0.015408481492676438
13008,2021-05-31,Lewis,1,2787,31,51678,0.03225806451612903,1.0,0.014640432337530507
13009,2021-06-01,Lewis,3,2790,168,51846,0.017857142857142856,1.0,0.014865522373544911
13010,2021-06-02,Lewis,2,2792,152,51998,0.013157894736842105,1.0,0.014537409191180716
13011,2021-06-03,Lewis,3,2795,163,52161,0.018404907975460124,1.0,0.012092646978901554
13012,2021-06-04,Lewis,5,2800,154,52315,0.032467532467532464,1.0,0.011554613583725299
13013,2021-06-05,Lewis,0,2800,119,52434,0.0,1.0,0.011554613583725299
13014,2021-06-06,Lewis,0,2800,60,52494,0.0,1.0,0.008153253039507613
13015,2021-06-07,Lewis,1,2801,95,52589,0.010526315789473684,1.0,0.006600985273317946
13016,2021-06-08,Lewis,1,2802,193,52782,0.0051813471502590676,0.0,0.0056955712942548175
13017,2021-06-09,Lewis,1,2803,146,52928,0.00684931506849315,0.0,0.005244958460801321
13018,2021-06-10,Lewis,2,2805,121,53049,0.01652892561983471,0.0,0.005110959721113792
13019,2021-06-11,Lewis,0,2805,107,53156,0.0,0.0,0.002791850259147187
13020,2021-06-12,Lewis,2,2807,76,53232,0.02631578947368421,0.0,0.004671549507267487
13021,2021-06-13,Lewis,1,2808,53,53285,0.018867924528301886,0.0,0.0060192584021461935
13022,2021-06-14,Lewis,0,2808,60,53345,0.0,0.0,0.005267378702898074
13023,2021-06-15,Lewis,0,2808,93,53438,0.0,0.0,0.004897282477879568
13024,2021-06-16,Lewis,0,2808,62,53500,0.0,0.0,0.004408045687272914
13025,2021-06-17,Lewis,2,2810,75,53575,0.02666666666666667,0.0,0.005132170047760912
13026,2021-06-18,Lewis,1,2811,76,53651,0.013157894736842105,0.0,0.006072019671821062
13027,2021-06-19,Lewis,0,2811,48,53699,0.0,0.0,0.004192320423700761
13028,2021-06-20,Lewis,0,2811,50,53749,0.0,0.0,0.0028446115288220555
13029,2021-06-21,Lewis,0,2811,42,53791,0.0,0.0,0.0028446115288220555
13030,2021-06-22,Lewis,0,2811,99,53890,0.0,0.0,0.0028446115288220555
13031,2021-06-23,Lewis,2,2813,106,53996,0.018867924528301886,0.0,0.004192320423700761
13032,2021-06-24,Lewis,3,2816,229,54225,0.013100436681222707,0.0,0.00322330399616905
13033,2021-06-25,Lewis,3,2819,97,54322,0.030927835051546393,0.0,0.0044925854472193565
13034,2021-06-26,Lewis,2,2821,63,54385,0.031746031746031744,0.0,0.006760159143364481
13035,2021-06-27,Lewis,1,2822,52,54437,0.019230769230769232,0.0,0.008133785516990854
13036,2021-06-28,Lewis,0,2822,72,54509,0.0,0.0,0.008133785516990854
13037,2021-06-29,Lewis,1,2823,84,54593,0.011904761904761904,0.0,0.008984125653045277
13038,2021-06-30,Lewis,1,2824,92,54685,0.010869565217391304,0.0,0.00841281427369452
13039,2021-07-01,Lewis,1,2825,185,54870,0.005405405405405406,0.0,0.007863169182564713
13040,2021-07-02,Lewis,1,2826,35,54905,0.02857142857142857,0.0,0.007694854433984869
13041,2021-07-03,Lewis,0,2826,53,54958,0.0,0.0,0.005427280737839745
13042,2021-07-04,Lewis,1,2827,72,55030,0.013888888888888888,0.0,0.005045717856276862
13043,2021-07-05,Lewis,0,2827,33,55063,0.0,0.0,0.005045717856276862
13044,2021-07-06,Lewis,0,2827,64,55127,0.0,0.0,0.004195377720222441
13045,2021-07-07,Lewis,0,2827,111,55238,0.0,0.0,0.0034189802046944904
13046,2021-07-08,Lewis,0,2827,133,55371,0.0,0.0,0.0030328798185941044
13047,2021-07-09,Lewis,0,2827,69,55440,0.0,0.0,0.000992063492063492
13048,2021-07-10,Lewis,0,2827,37,55477,0.0,0.0,0.000992063492063492
13049,2021-07-11,Lewis,1,2828,46,55523,0.021739130434782608,0.0,0.0015527950310559005
13050,2021-07-12,Lewis,0,2828,14,55537,0.0,0.0,0.0015527950310559005
13051,2021-07-13,Lewis,0,2828,37,55574,0.0,0.0,0.0015527950310559005
13052,2021-07-14,Lewis,0,2828,43,55617,0.0,0.0,0.0015527950310559005
13053,2021-07-15,Lewis,0,2828,35,55652,0.0,0.0,0.0015527950310559005
13054,2021-07-16,Lewis,1,2829,43,55695,0.023255813953488372,0.0,0.003213924599162213
13055,2021-07-17,Lewis,0,2829,41,55736,0.0,0.0,0.003213924599162213
13056,2021-07-18,Lewis,0,2829,19,55755,0.0,0.0,0.0016611295681063123
13057,2021-07-19,Lewis,0,2829,16,55771,0.0,0.0,0.0016611295681063123
13058,2021-07-20,Lewis,0,2829,53,55824,0.0,0.0,0.0016611295681063123
13059,2021-07-21,Lewis,0,2829,29,55853,0.0,0.0,0.0016611295681063123
13060,2021-07-22,Lewis,2,2831,42,55895,0.047619047619047616,0.0,0.005062490112323999
13061,2021-07-23,Lewis,0,2831,47,55942,0.0,0.0,0.003401360544217687
13062,2021-07-24,Lewis,0,2831,25,55967,0.0,0.0,0.003401360544217687
13063,2021-07-25,Lewis,1,2832,19,55986,0.05263157894736842,0.0,0.007160759040458288
13064,2021-07-26,Lewis,0,2832,34,56020,0.0,0.0,0.007160759040458288
13065,2021-07-27,Lewis,1,2833,39,56059,0.02564102564102564,0.0,0.008992260871960119
13066,2021-07-28,Lewis,2,2835,44,56103,0.045454545454545456,0.0,0.012239014118713367
13067,2021-07-29,Lewis,2,2837,61,56164,0.03278688524590164,0.0,0.011179573949202938
13068,2021-07-30,Lewis,4,2841,242,56406,0.01652892561983471,0.0,0.012360211493476847
13069,2021-07-31,Lewis,5,2846,74,56480,0.06756756756756757,1.0,0.017186466319731676
13070,2021-08-01,Lewis,0,2846,25,56505,0.0,1.0,0.013427067823491073
13071,2021-08-02,Lewis,2,2848,37,56542,0.05405405405405406,1.0,0.017288071684494935
13072,2021-08-03,Lewis,12,2860,81,56623,0.14814814814814814,1.0,0.02603858043500368
13073,2021-08-04,Lewis,3,2863,116,56739,0.02586206896551724,2.0,0.024639117828644523
13074,2021-08-05,Lewis,0,2863,125,56864,0.0,1.0,0.022297197453937264
13075,2020-03-01,Livingston,0,0,0,0,,,
13076,2020-03-02,Livingston,0,0,0,0,,,
13077,2020-03-03,Livingston,0,0,0,0,,,
13078,2020-03-04,Livingston,0,0,0,0,,,
13079,2020-03-05,Livingston,0,0,0,0,,,
13080,2020-03-06,Livingston,0,0,0,0,,,
13081,2020-03-07,Livingston,0,0,0,0,,0.0,
13082,2020-03-08,Livingston,0,0,0,0,,0.0,
13083,2020-03-09,Livingston,0,0,0,0,,0.0,
13084,2020-03-10,Livingston,0,0,1,1,0.0,0.0,
13085,2020-03-11,Livingston,0,0,0,1,,0.0,
13086,2020-03-12,Livingston,0,0,0,1,,0.0,
13087,2020-03-13,Livingston,0,0,0,1,,0.0,
13088,2020-03-14,Livingston,0,0,0,1,,0.0,
13089,2020-03-15,Livingston,0,0,0,1,,0.0,
13090,2020-03-16,Livingston,0,0,0,1,,0.0,
13091,2020-03-17,Livingston,0,0,4,5,0.0,0.0,
13092,2020-03-18,Livingston,0,0,5,10,0.0,0.0,
13093,2020-03-19,Livingston,1,1,11,21,0.09090909090909091,0.0,
13094,2020-03-20,Livingston,1,2,13,34,0.07692307692307693,0.0,
13095,2020-03-21,Livingston,0,2,5,39,0.0,0.0,
13096,2020-03-22,Livingston,1,3,3,42,0.3333333333333333,0.0,
13097,2020-03-23,Livingston,0,3,1,43,0.0,0.0,0.0357975357975358
13098,2020-03-24,Livingston,0,3,9,52,0.0,0.0,0.0357975357975358
13099,2020-03-25,Livingston,0,3,15,67,0.0,0.0,0.0357975357975358
13100,2020-03-26,Livingston,0,3,8,75,0.0,0.0,0.029304029304029304
13101,2020-03-27,Livingston,2,5,11,86,0.18181818181818182,0.0,0.03679653679653679
13102,2020-03-28,Livingston,5,10,17,103,0.29411764705882354,0.0,0.05780494015788134
13103,2020-03-29,Livingston,2,12,10,113,0.2,0.0,0.048281130634071814
13104,2020-03-30,Livingston,1,13,10,123,0.1,0.0,0.05542398777692897
13105,2020-03-31,Livingston,1,14,24,147,0.041666666666666664,0.0,0.05840017825311943
13106,2020-04-01,Livingston,0,14,17,164,0.0,0.0,0.05840017825311943
13107,2020-04-02,Livingston,2,16,12,176,0.16666666666666666,0.0,0.07030494015788134
13108,2020-04-03,Livingston,2,18,18,194,0.1111111111111111,0.0,0.06525443510737629
13109,2020-04-04,Livingston,1,19,27,221,0.037037037037037035,0.0,0.04689153439153439
13110,2020-04-05,Livingston,3,22,14,235,0.21428571428571427,0.0,0.04791194255479969
13111,2020-04-06,Livingston,1,23,18,253,0.05555555555555555,0.0,0.04473733938019652
13112,2020-04-07,Livingston,2,25,23,276,0.08695652173913043,0.0,0.04797232902822964
13113,2020-04-08,Livingston,1,26,17,293,0.058823529411764705,0.0,0.052174009700498555
13114,2020-04-09,Livingston,3,29,26,319,0.11538461538461539,0.0,0.048511006037494905
13115,2020-04-10,Livingston,1,30,7,326,0.14285714285714285,0.0,0.05077857973364002
13116,2020-04-11,Livingston,0,30,6,332,0.0,0.0,0.04813307708813737
13117,2020-04-12,Livingston,0,30,5,337,0.0,0.0,0.03282695463915778
13118,2020-04-13,Livingston,1,31,20,357,0.05,0.0,0.032430129242332385
13119,2020-04-14,Livingston,0,31,8,365,0.0,0.0,0.026218949118108785
13120,2020-04-15,Livingston,1,32,8,373,0.125,0.0,0.030945839874411303
13121,2020-04-16,Livingston,2,34,18,391,0.1111111111111111,0.0,0.030640589569160995
13122,2020-04-17,Livingston,3,37,20,411,0.15,0.0,0.031150793650793648
13123,2020-04-18,Livingston,2,39,30,441,0.06666666666666667,0.0,0.03591269841269841
13124,2020-04-19,Livingston,0,39,7,448,0.0,0.0,0.03591269841269841
13125,2020-04-20,Livingston,0,39,21,469,0.0,0.0,0.032341269841269844
13126,2020-04-21,Livingston,0,39,15,484,0.0,0.0,0.032341269841269844
13127,2020-04-22,Livingston,2,41,22,506,0.09090909090909091,0.0,0.02990620490620491
13128,2020-04-23,Livingston,3,44,54,560,0.05555555555555555,0.0,0.025937950937950933
13129,2020-04-24,Livingston,14,58,295,855,0.04745762711864407,1.0,0.0186134957321398
13130,2020-04-25,Livingston,2,60,61,916,0.03278688524590164,1.0,0.016193511344942298
13131,2020-04-26,Livingston,2,62,15,931,0.13333333333333333,1.0,0.02571732086875182
13132,2020-04-27,Livingston,3,65,24,955,0.125,1.0,0.03464589229732325
13133,2020-04-28,Livingston,2,67,36,991,0.05555555555555555,2.0,0.03861414626557722
13134,2020-04-29,Livingston,2,69,34,1025,0.058823529411764705,2.0,0.03632232044433963
13135,2020-04-30,Livingston,4,73,43,1068,0.09302325581395349,2.0,0.03899858474851091
13136,2020-05-01,Livingston,3,76,44,1112,0.06818181818181818,1.0,0.04047888411016621
13137,2020-05-02,Livingston,7,83,52,1164,0.1346153846153846,1.0,0.04775234835084356
13138,2020-05-03,Livingston,2,85,26,1190,0.07692307692307693,1.0,0.04372304432153953
13139,2020-05-04,Livingston,1,86,52,1242,0.019230769230769232,1.0,0.03616809926659448
13140,2020-05-05,Livingston,3,89,52,1294,0.057692307692307696,1.0,0.03632072441921963
13141,2020-05-06,Livingston,6,95,100,1394,0.06,1.0,0.03640475803266501
13142,2020-05-07,Livingston,5,100,56,1450,0.08928571428571429,1.0,0.036137790780647924
13143,2020-05-08,Livingston,1,101,49,1499,0.02040816326530612,1.0,0.03272538685803992
13144,2020-05-09,Livingston,1,102,58,1557,0.017241379310344827,1.0,0.024341529336251364
13145,2020-05-10,Livingston,0,102,46,1603,0.0,1.0,0.01884702384174587
13146,2020-05-11,Livingston,0,102,180,1783,0.0,1.0,0.017473397468119496
13147,2020-05-12,Livingston,1,103,197,1980,0.005076142131979695,1.0,0.013715099928096067
13148,2020-05-13,Livingston,3,106,113,2093,0.02654867256637168,0.0,0.011325719397122616
13149,2020-05-14,Livingston,0,106,76,2169,0.0,0.0,0.004948168376714452
13150,2020-05-15,Livingston,1,107,75,2244,0.013333333333333334,0.0,0.004442823381573539
13151,2020-05-16,Livingston,3,110,77,2321,0.03896103896103896,0.0,0.005994227642337405
13152,2020-05-17,Livingston,0,110,50,2371,0.0,0.0,0.005994227642337405
13153,2020-05-18,Livingston,1,111,67,2438,0.014925373134328358,0.0,0.007060325723360859
13154,2020-05-19,Livingston,0,111,95,2533,0.0,0.0,0.006697744142505167
13155,2020-05-20,Livingston,3,114,105,2638,0.02857142857142857,0.0,0.006842226714294944
13156,2020-05-21,Livingston,0,114,75,2713,0.0,0.0,0.006842226714294944
13157,2020-05-22,Livingston,0,114,84,2797,0.0,0.0,0.005889845761913992
13158,2020-05-23,Livingston,0,114,65,2862,0.0,0.0,0.003106914407554066
13159,2020-05-24,Livingston,1,115,196,3058,0.00510204081632653,0.0,0.003471345894434533
13160,2020-05-25,Livingston,3,118,74,3132,0.04054054054054054,0.0,0.005301000709163975
13161,2020-05-26,Livingston,0,118,69,3201,0.0,0.0,0.005301000709163975
13162,2020-05-27,Livingston,0,118,129,3330,0.0,0.0,0.0032601843826333622
13163,2020-05-28,Livingston,0,118,122,3452,0.0,0.0,0.0032601843826333622
13164,2020-05-29,Livingston,0,118,107,3559,0.0,0.0,0.0032601843826333622
13165,2020-05-30,Livingston,1,119,128,3687,0.0078125,0.0,0.0038182200969190767
13166,2020-05-31,Livingston,0,119,136,3823,0.0,0.0,0.00345378861003861
13167,2020-06-01,Livingston,0,119,218,4041,0.0,0.0,0.0005580357142857143
13168,2020-06-02,Livingston,1,120,233,4274,0.004291845493562232,0.0,0.0008645961066830165
13169,2020-06-03,Livingston,0,120,172,4446,0.0,0.0,0.0008645961066830165
13170,2020-06-04,Livingston,1,121,263,4709,0.0038022813688212928,0.0,0.0011361876330273947
13171,2020-06-05,Livingston,0,121,167,4876,0.0,0.0,0.0011361876330273947
13172,2020-06-06,Livingston,0,121,133,5009,0.0,0.0,0.0005781519187416803
13173,2020-06-07,Livingston,0,121,177,5186,0.0,0.0,0.0005781519187416803
13174,2020-06-08,Livingston,0,121,122,5308,0.0,0.0,0.0005781519187416803
13175,2020-06-09,Livingston,0,121,216,5524,0.0,0.0,0.00027159152634437803
13176,2020-06-10,Livingston,0,121,162,5686,0.0,0.0,0.00027159152634437803
13177,2020-06-11,Livingston,0,121,237,5923,0.0,0.0,0.0
13178,2020-06-12,Livingston,1,122,239,6162,0.0041841004184100415,0.0,0.00029886431560071725
13179,2020-06-13,Livingston,1,123,135,6297,0.007407407407407408,0.0,0.0008279648447012464
13180,2020-06-14,Livingston,0,123,171,6468,0.0,0.0,0.0008279648447012464
13181,2020-06-15,Livingston,0,123,111,6579,0.0,0.0,0.0008279648447012464
13182,2020-06-16,Livingston,0,123,292,6871,0.0,0.0,0.0008279648447012464
13183,2020-06-17,Livingston,0,123,171,7042,0.0,0.0,0.0008279648447012464
13184,2020-06-18,Livingston,0,123,268,7310,0.0,0.0,0.0008279648447012464
13185,2020-06-19,Livingston,0,123,109,7419,0.0,0.0,0.0005291005291005291
13186,2020-06-20,Livingston,0,123,95,7514,0.0,0.0,0.0
13187,2020-06-21,Livingston,1,124,108,7622,0.009259259259259259,0.0,0.0006613756613756613
13188,2020-06-22,Livingston,1,125,134,7756,0.007462686567164179,0.0,0.0011944247018873884
13189,2020-06-23,Livingston,0,125,130,7886,0.0,0.0,0.0011944247018873884
13190,2020-06-24,Livingston,1,126,105,7991,0.009523809523809525,0.0,0.0018746968107309259
13191,2020-06-25,Livingston,0,126,254,8245,0.0,0.0,0.0018746968107309259
13192,2020-06-26,Livingston,0,126,122,8367,0.0,0.0,0.0018746968107309259
13193,2020-06-27,Livingston,2,128,86,8453,0.023255813953488372,0.0,0.003535826378837238
13194,2020-06-28,Livingston,0,128,91,8544,0.0,0.0,0.002874450717461577
13195,2020-06-29,Livingston,1,129,165,8709,0.006060606060606061,0.0,0.002774302109850283
13196,2020-06-30,Livingston,1,130,148,8857,0.006756756756756757,0.0,0.0032569275924757652
13197,2020-07-01,Livingston,0,130,273,9130,0.0,0.0,0.0025766554836322278
13198,2020-07-02,Livingston,0,130,109,9239,0.0,0.0,0.0025766554836322278
13199,2020-07-03,Livingston,1,131,175,9414,0.005714285714285714,0.0,0.00298481874893835
13200,2020-07-04,Livingston,1,132,127,9541,0.007874015748031496,0.0,0.001886118877120002
13201,2020-07-05,Livingston,1,133,133,9674,0.007518796992481203,0.0,0.0024231758051543734
13202,2020-07-06,Livingston,1,134,113,9787,0.008849557522123894,0.0,0.0026223866238342186
13203,2020-07-07,Livingston,3,137,161,9948,0.018633540372670808,0.0,0.0034707283106852225
13204,2020-07-08,Livingston,3,140,140,10088,0.02142857142857143,0.0,0.005001340555583182
13205,2020-07-09,Livingston,4,144,126,10214,0.031746031746031744,1.0,0.007268914251728306
13206,2020-07-10,Livingston,1,145,163,10377,0.006134969325153374,1.0,0.007298963081075997
13207,2020-07-11,Livingston,2,147,203,10580,0.009852216748768473,1.0,0.007440263152557208
13208,2020-07-12,Livingston,0,147,119,10699,0.0,1.0,0.006903206224522837
13209,2020-07-13,Livingston,4,151,170,10869,0.023529411764705882,1.0,0.007951767241850123
13210,2020-07-14,Livingston,0,151,144,11013,0.0,1.0,0.006620800072373637
13211,2020-07-15,Livingston,2,153,171,11184,0.011695906432748537,0.0,0.005925609715529144
13212,2020-07-16,Livingston,2,155,189,11373,0.010582010582010581,0.0,0.004413893918099061
13213,2020-07-17,Livingston,2,157,246,11619,0.008130081300813009,0.0,0.004556401916360463
13214,2020-07-18,Livingston,1,158,203,11822,0.0049261083743842365,0.0,0.004204537032475875
13215,2020-07-19,Livingston,1,159,111,11933,0.009009009009009009,0.0,0.004848037675976518
13216,2020-07-20,Livingston,1,160,144,12077,0.006944444444444444,0.0,0.0036633971531007015
13217,2020-07-21,Livingston,1,161,175,12252,0.005714285714285714,0.0,0.004071560418406824
13218,2020-07-22,Livingston,0,161,263,12515,0.0,0.0,0.003236138530353357
13219,2020-07-23,Livingston,0,161,167,12682,0.0,0.0,0.0024802806316383155
13220,2020-07-24,Livingston,1,162,201,12883,0.004975124378109453,0.0,0.0022549265657309183
13221,2020-07-25,Livingston,0,162,240,13123,0.0,0.0,0.00190306168184633
13222,2020-07-26,Livingston,0,162,232,13355,0.0,0.0,0.0012595610383456866
13223,2020-07-27,Livingston,0,162,162,13517,0.0,0.0,0.0007635292923139405
13224,2020-07-28,Livingston,1,163,178,13695,0.0056179775280898875,0.0,0.0007566501361570957
13225,2020-07-29,Livingston,1,164,201,13896,0.004975124378109453,0.0,0.0011120161631649138
13226,2020-07-30,Livingston,1,165,375,14271,0.0026666666666666666,0.0,0.0013024923536411044
13227,2020-07-31,Livingston,1,166,246,14517,0.0040650406504065045,0.0,0.0012374863730908938
13228,2020-08-01,Livingston,1,167,130,14647,0.007692307692307693,0.0,0.0017869369225414432
13229,2020-08-02,Livingston,0,167,141,14788,0.0,0.0,0.0017869369225414432
13230,2020-08-03,Livingston,3,170,109,14897,0.027522935779816515,0.0,0.003752860906814051
13231,2020-08-04,Livingston,1,171,169,15066,0.005917159763313609,0.0,0.0037742310664728887
13232,2020-08-05,Livingston,2,173,222,15288,0.009009009009009009,0.0,0.0040623656829657144
13233,2020-08-06,Livingston,1,174,321,15609,0.003115264797507788,0.0,0.004094408406597223
13234,2020-08-07,Livingston,2,176,172,15781,0.011627906976744186,0.0,0.0046346131441927715
13235,2020-08-08,Livingston,0,176,174,15955,0.0,0.0,0.004085162594742222
13236,2020-08-09,Livingston,0,176,185,16140,0.0,0.0,0.004085162594742222
13237,2020-08-10,Livingston,0,176,146,16286,0.0,0.0,0.0021192386104696135
13238,2020-08-11,Livingston,0,176,188,16474,0.0,0.0,0.0016965843416614987
13239,2020-08-12,Livingston,0,176,249,16723,0.0,0.0,0.0010530836981608553
13240,2020-08-13,Livingston,2,178,290,17013,0.006896551724137931,0.0,0.0013231756214915798
13241,2020-08-14,Livingston,0,178,223,17236,0.0,0.0,0.0004926108374384236
13242,2020-08-15,Livingston,0,178,199,17435,0.0,0.0,0.0004926108374384236
13243,2020-08-16,Livingston,0,178,105,17540,0.0,0.0,0.0004926108374384236
13244,2020-08-17,Livingston,0,178,183,17723,0.0,0.0,0.0004926108374384236
13245,2020-08-18,Livingston,0,178,160,17883,0.0,0.0,0.0004926108374384236
13246,2020-08-19,Livingston,0,178,144,18027,0.0,0.0,0.0004926108374384236
13247,2020-08-20,Livingston,0,178,424,18451,0.0,0.0,0.0
13248,2020-08-21,Livingston,1,179,188,18639,0.005319148936170213,0.0,0.00037993920972644377
13249,2020-08-22,Livingston,1,180,255,18894,0.00392156862745098,0.0,0.000660051254544371
13250,2020-08-23,Livingston,0,180,185,19079,0.0,0.0,0.000660051254544371
13251,2020-08-24,Livingston,1,181,133,19212,0.007518796992481203,0.0,0.0011971081825787426
13252,2020-08-25,Livingston,0,181,195,19407,0.0,0.0,0.0011971081825787426
13253,2020-08-26,Livingston,0,181,167,19574,0.0,0.0,0.0011971081825787426
13254,2020-08-27,Livingston,0,181,253,19827,0.0,0.0,0.0011971081825787426
13255,2020-08-28,Livingston,1,182,238,20065,0.004201680672268907,0.0,0.0011172890208715064
13256,2020-08-29,Livingston,0,182,223,20288,0.0,0.0,0.0008371769760535792
13257,2020-08-30,Livingston,1,183,94,20382,0.010638297872340425,0.0,0.0015970553955064668
13258,2020-08-31,Livingston,0,183,143,20525,0.0,0.0,0.0010599984674720953
13259,2020-09-01,Livingston,1,184,141,20666,0.0070921985815602835,0.0,0.0015665840804406867
13260,2020-09-02,Livingston,3,187,152,20818,0.019736842105263157,0.0,0.0029763585165309124
13261,2020-09-03,Livingston,1,188,146,20964,0.00684931506849315,0.0,0.0034655953071375664
13262,2020-09-04,Livingston,0,188,289,21253,0.0,0.0,0.0031654752591183588
13263,2020-09-05,Livingston,1,189,200,21453,0.005,0.0,0.003522618116261215
13264,2020-09-06,Livingston,0,189,141,21594,0.0,0.0,0.0027627396968083274
13265,2020-09-07,Livingston,0,189,78,21672,0.0,0.0,0.0027627396968083274
13266,2020-09-08,Livingston,1,190,169,21841,0.005917159763313609,0.0,0.002678808352647851
13267,2020-09-09,Livingston,0,190,102,21943,0.0,0.0,0.0012690339165576257
13268,2020-09-10,Livingston,0,190,54,21997,0.0,0.0,0.0007797971259509721
13269,2020-09-11,Livingston,4,194,177,22174,0.022598870056497175,0.0,0.002394002129986485
13270,2020-09-12,Livingston,2,196,91,22265,0.02197802197802198,0.0,0.0036067179855594836
13271,2020-09-13,Livingston,0,196,178,22443,0.0,0.0,0.0036067179855594836
13272,2020-09-14,Livingston,0,196,229,22672,0.0,0.0,0.0036067179855594836
13273,2020-09-15,Livingston,1,197,270,22942,0.003703703703703704,0.0,0.003448613981301633
13274,2020-09-16,Livingston,2,199,239,23181,0.008368200836820083,0.0,0.004046342612503068
13275,2020-09-17,Livingston,2,201,450,23631,0.0044444444444444444,0.0,0.004363802929963385
13276,2020-09-18,Livingston,0,201,209,23840,0.0,0.0,0.0027495979259278725
13277,2020-09-19,Livingston,0,201,418,24258,0.0,0.0,0.0011797392132120166
13278,2020-09-20,Livingston,0,201,157,24415,0.0,0.0,0.0011797392132120166
13279,2020-09-21,Livingston,1,202,376,24791,0.0026595744680851063,0.0,0.0013697088180752383
13280,2020-09-22,Livingston,0,202,151,24942,0.0,0.0,0.0011051585535249739
13281,2020-09-23,Livingston,3,205,227,25169,0.013215859030837005,0.0,0.001451419853097611
13282,2020-09-24,Livingston,1,206,288,25457,0.003472222222222222,0.0,0.0013819754086531668
13283,2020-09-25,Livingston,1,207,203,25660,0.0049261083743842365,0.0,0.001733840292537755
13284,2020-09-26,Livingston,0,207,205,25865,0.0,0.0,0.001733840292537755
13285,2020-09-27,Livingston,0,207,158,26023,0.0,0.0,0.001733840292537755
13286,2020-09-28,Livingston,0,207,160,26183,0.0,0.0,0.0015438706876745331
13287,2020-09-29,Livingston,1,208,598,26781,0.0016722408026755853,0.0,0.0016633164592942176
13288,2020-09-30,Livingston,0,208,464,27245,0.0,0.0,0.000719326528520146
13289,2020-10-01,Livingston,1,209,357,27602,0.0028011204481792717,0.0,0.0006713906875170781
13290,2020-10-02,Livingston,1,210,230,27832,0.004347826086956522,0.0,0.0006300848098436699
13291,2020-10-03,Livingston,1,211,181,28013,0.0055248618784530384,0.0,0.001024717801161744
13292,2020-10-04,Livingston,0,211,97,28110,0.0,0.0,0.001024717801161744
13293,2020-10-05,Livingston,1,212,305,28415,0.003278688524590164,0.0,0.00125890983863247
13294,2020-10-06,Livingston,1,213,556,28971,0.0017985611510791368,0.0,0.0012679327206612952
13295,2020-10-07,Livingston,3,216,196,29167,0.015306122448979591,0.0,0.0023612271813026947
13296,2020-10-08,Livingston,3,219,643,29810,0.004665629860031105,0.0,0.0024944064250063966
13297,2020-10-09,Livingston,0,219,218,30028,0.0,0.0,0.002183847418795217
13298,2020-10-10,Livingston,3,222,297,30325,0.010101010101010102,0.0,0.0025107151489778645
13299,2020-10-11,Livingston,3,225,223,30548,0.013452914798206279,1.0,0.003471637634564027
13300,2020-10-12,Livingston,2,227,235,30783,0.00851063829787234,1.0,0.003845348332655612
13301,2020-10-13,Livingston,0,227,453,31236,0.0,1.0,0.003716879679007102
13302,2020-10-14,Livingston,5,232,205,31441,0.024390243902439025,1.0,0.004365745497111347
13303,2020-10-15,Livingston,2,234,218,31659,0.009174311926605505,1.0,0.004687794216152375
13304,2020-10-16,Livingston,5,239,373,32032,0.013404825737265416,1.0,0.00564528176881419
13305,2020-10-17,Livingston,0,239,170,32202,0.0,1.0,0.004923781047313469
13306,2020-10-18,Livingston,4,243,249,32451,0.01606425702811245,1.0,0.005110305492306767
13307,2020-10-19,Livingston,7,250,315,32766,0.022222222222222223,1.0,0.006089704344046044
13308,2020-10-20,Livingston,6,256,174,32940,0.034482758620689655,2.0,0.008552758531238162
13309,2020-10-21,Livingston,5,261,569,33509,0.008787346221441126,2.0,0.007438265839738311
13310,2020-10-22,Livingston,5,266,285,33794,0.017543859649122806,2.0,0.008036090677060976
13311,2020-10-23,Livingston,6,272,343,34137,0.01749271137026239,2.0,0.008328082507989332
13312,2020-10-24,Livingston,8,280,269,34406,0.02973977695167286,2.0,0.01045235229025168
13313,2020-10-25,Livingston,18,298,237,34643,0.0759493670886076,3.0,0.014729860151715618
13314,2020-10-26,Livingston,5,303,223,34866,0.02242152466367713,3.0,0.014744096040390968
13315,2020-10-27,Livingston,2,305,175,35041,0.011428571428571429,3.0,0.013097368383811094
13316,2020-10-28,Livingston,8,313,1042,36083,0.007677543186180422,3.0,0.013018096738435332
13317,2020-10-29,Livingston,14,327,386,36469,0.03626943005181347,4.0,0.014355637481484664
13318,2020-10-30,Livingston,5,332,330,36799,0.015151515151515152,4.0,0.014188409180145575
13319,2020-10-31,Livingston,18,350,211,37010,0.08530805687203792,5.0,0.018157572031600223
13320,2020-11-01,Livingston,6,356,267,37277,0.02247191011235955,4.0,0.014337753676153933
13321,2020-11-02,Livingston,3,359,271,37548,0.01107011070110701,4.0,0.01352693839311321
13322,2020-11-03,Livingston,9,368,647,38195,0.013910355486862442,4.0,0.013704208682991137
13323,2020-11-04,Livingston,7,375,447,38642,0.015659955257270694,4.0,0.014274380973783302
13324,2020-11-05,Livingston,18,393,922,39564,0.019522776572668113,4.0,0.013078191439558632
13325,2020-11-06,Livingston,9,402,999,40563,0.009009009009009009,5.0,0.012639441000808197
13326,2020-11-07,Livingston,4,406,582,41145,0.006872852233676976,4.0,0.0070369263837824145
13327,2020-11-08,Livingston,2,408,109,41254,0.01834862385321101,3.0,0.006742405936700375
13328,2020-11-09,Livingston,24,432,724,41978,0.03314917127071823,5.0,0.008319481691672606
13329,2020-11-10,Livingston,11,443,693,42671,0.015873015873015872,5.0,0.008459671719254994
13330,2020-11-11,Livingston,8,451,242,42913,0.03305785123966942,5.0,0.009702378575140617
13331,2020-11-12,Livingston,15,466,613,43526,0.024469820554649267,5.0,0.010055738859567842
13332,2020-11-13,Livingston,15,481,458,43984,0.03275109170305677,5.0,0.011751601909142682
13333,2020-11-14,Livingston,7,488,187,44171,0.0374331550802139,5.0,0.01393448068389532
13334,2020-11-15,Livingston,11,499,233,44404,0.04721030042918455,6.0,0.015996029010750572
13335,2020-11-16,Livingston,10,509,380,44784,0.02631578947368421,5.0,0.015507930310962429
13336,2020-11-17,Livingston,18,527,666,45450,0.02702702702702703,6.0,0.016304645393391798
13337,2020-11-18,Livingston,15,542,1293,46743,0.01160092807424594,6.0,0.014772008024432974
13338,2020-11-19,Livingston,7,549,1023,47766,0.006842619745845552,5.0,0.01351292225237557
13339,2020-11-20,Livingston,28,577,1411,49177,0.019844082211197732,6.0,0.012590993002957065
13340,2020-11-21,Livingston,6,583,1377,50554,0.004357298474945534,6.0,0.010228431816866468
13341,2020-11-22,Livingston,34,617,1471,52025,0.023113528212100613,8.0,0.008507233801360472
13342,2020-11-23,Livingston,7,624,649,52674,0.01078582434514638,8.0,0.007397950577893484
13343,2020-11-24,Livingston,18,642,571,53245,0.03152364273204904,8.0,0.007719137413966484
13344,2020-11-25,Livingston,13,655,522,53767,0.02490421455938697,8.0,0.00866937216290513
13345,2020-11-26,Livingston,16,671,751,54518,0.02130492676431425,8.0,0.009702394092795752
13346,2020-11-27,Livingston,12,683,225,54743,0.05333333333333334,7.0,0.01209448345866258
13347,2020-11-28,Livingston,17,700,369,55112,0.04607046070460705,8.0,0.015073995046495547
13348,2020-11-29,Livingston,14,714,457,55569,0.030634573304157548,6.0,0.015611212553071041
13349,2020-11-30,Livingston,24,738,404,55973,0.0594059405940594,8.0,0.01908407799942197
13350,2020-12-01,Livingston,26,764,510,56483,0.050980392156862744,8.0,0.02047384581548009
13351,2020-12-02,Livingston,25,789,984,57467,0.02540650406504065,9.0,0.020509723637312495
13352,2020-12-03,Livingston,26,815,824,58291,0.03155339805825243,10.0,0.021241757301165228
13353,2020-12-04,Livingston,40,855,537,58828,0.074487895716946,12.0,0.022752797471423274
13354,2020-12-05,Livingston,40,895,518,59346,0.07722007722007722,13.0,0.024977770079671138
13355,2020-12-06,Livingston,11,906,245,59591,0.044897959183673466,13.0,0.025996583356779422
13356,2020-12-07,Livingston,17,923,387,59978,0.04392764857881137,13.0,0.02489099106997599
13357,2020-12-08,Livingston,48,971,667,60645,0.07196401799100449,14.0,0.0263898214867004
13358,2020-12-09,Livingston,46,1017,553,61198,0.08318264014466546,16.0,0.030516688349530745
13359,2020-12-10,Livingston,32,1049,1005,62203,0.031840796019900496,16.0,0.030537216775362752
13360,2020-12-11,Livingston,28,1077,554,62757,0.05054151624548736,15.0,0.02882676109882999
13361,2020-12-12,Livingston,34,1111,421,63178,0.08076009501187649,15.0,0.029079619512529936
13362,2020-12-13,Livingston,24,1135,295,63473,0.08135593220338982,16.0,0.03168376044250968
13363,2020-12-14,Livingston,33,1168,546,64019,0.06043956043956044,17.0,0.03286318271827747
13364,2020-12-15,Livingston,38,1206,433,64452,0.08775981524249422,16.0,0.03399145395052673
13365,2020-12-16,Livingston,64,1270,1075,65527,0.059534883720930236,18.0,0.0323023284916885
13366,2020-12-17,Livingston,48,1318,1061,66588,0.04524033930254477,19.0,0.0332594387261631
13367,2020-12-18,Livingston,34,1352,623,67211,0.05457463884430177,19.0,0.033547518911792695
13368,2020-12-19,Livingston,46,1398,579,67790,0.07944732297063903,20.0,0.033453749480275734
13369,2020-12-20,Livingston,34,1432,341,68131,0.09970674486803519,21.0,0.03476452181346469
13370,2020-12-21,Livingston,51,1483,425,68556,0.12,22.0,0.03901883892492466
13371,2020-12-22,Livingston,60,1543,502,69058,0.11952191235059761,24.0,0.04128756014693204
13372,2020-12-23,Livingston,36,1579,355,69413,0.10140845070422536,22.0,0.04427852921716741
13373,2020-12-24,Livingston,71,1650,525,69938,0.13523809523809524,23.0,0.05070694035542102
13374,2020-12-25,Livingston,41,1691,349,70287,0.1174785100286533,24.0,0.055200074011446124
13375,2020-12-26,Livingston,23,1714,317,70604,0.07255520504731862,22.0,0.054707779874066095
13376,2020-12-27,Livingston,36,1750,286,70890,0.1258741258741259,22.0,0.05657687851735828
13377,2020-12-28,Livingston,28,1778,419,71309,0.06682577565632458,21.0,0.05277871963566718
13378,2020-12-29,Livingston,33,1811,315,71624,0.10476190476190476,19.0,0.051724433379331976
13379,2020-12-30,Livingston,52,1863,337,71961,0.1543026706231454,20.0,0.055502591944969135
13380,2020-12-31,Livingston,65,1928,528,72489,0.12310606060606061,19.0,0.05463601804268094
13381,2021-01-01,Livingston,44,1972,456,72945,0.09649122807017543,20.0,0.05313692647421824
13382,2021-01-02,Livingston,34,2006,383,73328,0.08877284595300261,20.0,0.0542953293960528
13383,2021-01-03,Livingston,36,2042,270,73598,0.13333333333333333,20.0,0.05482812992885333
13384,2021-01-04,Livingston,37,2079,389,73987,0.09511568123393316,21.0,0.05684883747011109
13385,2021-01-05,Livingston,43,2122,408,74395,0.1053921568627451,22.0,0.05689385547731397
13386,2021-01-06,Livingston,73,2195,455,74850,0.16043956043956045,23.0,0.05733220474991504
13387,2021-01-07,Livingston,64,2259,550,75400,0.11636363636363636,23.0,0.056850603018313316
13388,2021-01-08,Livingston,35,2294,808,76208,0.043316831683168314,23.0,0.05305243184781281
13389,2021-01-09,Livingston,77,2371,598,76806,0.12876254180602006,26.0,0.055908838694456904
13390,2021-01-10,Livingston,14,2385,249,77055,0.05622489959839357,24.0,0.0504010934276755
13391,2021-01-11,Livingston,47,2432,486,77541,0.09670781893004116,25.0,0.05051481754882607
13392,2021-01-12,Livingston,33,2465,311,77852,0.10610932475884244,24.0,0.05056604382711873
13393,2021-01-13,Livingston,45,2510,834,78686,0.0539568345323741,22.0,0.04296013483374828
13394,2021-01-14,Livingston,51,2561,671,79357,0.07600596125186289,21.0,0.0400774437543359
13395,2021-01-15,Livingston,44,2605,590,79947,0.07457627118644068,22.0,0.04231026086171249
13396,2021-01-16,Livingston,40,2645,432,80379,0.09259259259259259,19.0,0.03972669306075339
13397,2021-01-17,Livingston,32,2677,315,80694,0.10158730158730159,20.0,0.04296686463138967
13398,2021-01-18,Livingston,27,2704,343,81037,0.07871720116618076,19.0,0.04168182050539965
13399,2021-01-19,Livingston,33,2737,374,81411,0.08823529411764706,19.0,0.040405104031028545
13400,2021-01-20,Livingston,30,2767,390,81801,0.07692307692307693,18.0,0.04204554991607875
13401,2021-01-21,Livingston,48,2815,988,82789,0.048582995951417005,18.0,0.04008676668033262
13402,2021-01-22,Livingston,29,2844,560,83349,0.05178571428571429,17.0,0.038458869758852154
13403,2021-01-23,Livingston,33,2877,460,83809,0.07173913043478261,16.0,0.03696933674758002
13404,2021-01-24,Livingston,17,2894,278,84087,0.06115107913669065,15.0,0.034081035143964954
13405,2021-01-25,Livingston,17,2911,282,84369,0.06028368794326241,14.0,0.03276435562804221
13406,2021-01-26,Livingston,23,2934,547,84916,0.04204753199268738,14.0,0.029465229761973664
13407,2021-01-27,Livingston,24,2958,464,85380,0.05172413793103448,13.0,0.027665305548256348
13408,2021-01-28,Livingston,29,2987,646,86026,0.04489164086687306,12.0,0.027401637327931775
13409,2021-01-29,Livingston,16,3003,507,86533,0.03155818540433925,11.0,0.025956813836404993
13410,2021-01-30,Livingston,17,3020,758,87291,0.022427440633245383,10.0,0.02243455027915233
13411,2021-01-31,Livingston,11,3031,260,87551,0.04230769230769231,9.0,0.021088594077081017
13412,2021-02-01,Livingston,11,3042,232,87783,0.04741379310344827,9.0,0.02016931587423715
13413,2021-02-02,Livingston,27,3069,328,88111,0.08231707317073171,9.0,0.02304571167266889
13414,2021-02-03,Livingston,28,3097,327,88438,0.0856269113149847,9.0,0.025467338342951052
13415,2021-02-04,Livingston,30,3127,258,88696,0.11627906976744186,10.0,0.030566440407277396
13416,2021-02-05,Livingston,27,3154,444,89140,0.060810810810810814,10.0,0.03265591365059679
13417,2021-02-06,Livingston,42,3196,1348,90488,0.03115727002967359,12.0,0.03327947289319881
13418,2021-02-07,Livingston,7,3203,914,91402,0.007658643326039387,12.0,0.03080454082308074
13419,2021-02-08,Livingston,15,3218,816,92218,0.01838235294117647,12.0,0.028730866525775608
13420,2021-02-09,Livingston,30,3248,284,92502,0.1056338028169014,12.0,0.030396347214787733
13421,2021-02-10,Livingston,30,3278,1382,93884,0.02170767004341534,12.0,0.025830687123961343
13422,2021-02-11,Livingston,24,3302,574,94458,0.041811846689895474,12.0,0.020511599761279465
13423,2021-02-12,Livingston,31,3333,1431,95889,0.02166317260656883,12.0,0.01771533988954789
13424,2021-02-13,Livingston,21,3354,1370,97259,0.015328467153284672,11.0,0.016584711112662968
13425,2021-02-14,Livingston,12,3366,278,97537,0.04316546762589928,11.0,0.01912091284836725
13426,2021-02-15,Livingston,8,3374,178,97715,0.0449438202247191,11.0,0.02101816051147744
13427,2021-02-16,Livingston,15,3389,151,97866,0.09933774834437085,10.0,0.020568442334868115
13428,2021-02-17,Livingston,13,3402,314,98180,0.041401273885350316,8.0,0.021975128323577755
13429,2021-02-18,Livingston,18,3420,1086,99266,0.016574585635359115,8.0,0.020172466819682298
13430,2021-02-19,Livingston,14,3434,2230,101496,0.006278026905829596,7.0,0.019073527841058067
13431,2021-02-20,Livingston,18,3452,385,101881,0.046753246753246755,7.0,0.021318154955341072
13432,2021-02-21,Livingston,5,3457,180,102061,0.027777777777777776,6.0,0.020219034251903825
13433,2021-02-22,Livingston,7,3464,404,102465,0.017326732673267328,6.0,0.018246385141085838
13434,2021-02-23,Livingston,14,3478,397,102862,0.03526448362720403,6.0,0.013669723375573919
13435,2021-02-24,Livingston,6,3484,2051,104913,0.0029254022428083864,5.0,0.010921446829678069
13436,2021-02-25,Livingston,31,3515,1401,106314,0.02212705210563883,6.0,0.011318051577555192
13437,2021-02-26,Livingston,16,3531,2198,108512,0.007279344858962694,6.0,0.01138957428849327
13438,2021-02-27,Livingston,15,3546,302,108814,0.04966887417218543,6.0,0.011597833389846034
13439,2021-02-28,Livingston,4,3550,182,108996,0.02197802197802198,6.0,0.011183565118434907
13440,2021-03-01,Livingston,8,3558,246,109242,0.032520325203252036,6.0,0.012268821727719526
13441,2021-03-02,Livingston,10,3568,303,109545,0.033003300330033,6.0,0.012107308635064455
13442,2021-03-03,Livingston,8,3576,1852,111397,0.004319654427645789,6.0,0.012206898076838555
13443,2021-03-04,Livingston,13,3589,442,111839,0.029411764705882353,5.0,0.012727234691141663
13444,2021-03-05,Livingston,10,3599,1285,113124,0.007782101167315175,4.0,0.012763145856023983
13445,2021-03-06,Livingston,12,3611,1352,114476,0.008875739644970414,4.0,0.009849350532651482
13446,2021-03-07,Livingston,3,3614,211,114687,0.014218009478672985,4.0,0.009295063925555125
13447,2021-03-08,Livingston,4,3618,204,114891,0.0196078431372549,4.0,0.0083727437779839
13448,2021-03-09,Livingston,7,3625,1183,116074,0.005917159763313609,4.0,0.006438019451789658
13449,2021-03-10,Livingston,11,3636,1224,117298,0.008986928104575163,4.0,0.006771396142998899
13450,2021-03-11,Livingston,9,3645,1290,118588,0.0069767441860465115,4.0,0.00516889467729634
13451,2021-03-12,Livingston,14,3659,477,119065,0.029350104821802937,4.0,0.006709466366902609
13452,2021-03-13,Livingston,5,3664,425,119490,0.011764705882352941,3.0,0.0069158210981442175
13453,2021-03-14,Livingston,4,3668,184,119674,0.021739130434782608,3.0,0.007453044023580618
13454,2021-03-15,Livingston,6,3674,241,119915,0.024896265560165973,4.0,0.00783078848235998
13455,2021-03-16,Livingston,11,3685,1193,121108,0.009220452640402346,4.0,0.008066737973580606
13456,2021-03-17,Livingston,10,3695,320,121428,0.03125,4.0,0.00965695739468238
13457,2021-03-18,Livingston,10,3705,2140,123568,0.004672897196261682,4.0,0.009492396895412035
13458,2021-03-19,Livingston,7,3712,1393,124961,0.005025125628140704,3.0,0.007754898381579019
13459,2021-03-20,Livingston,9,3721,434,125395,0.020737327188940093,4.0,0.0083957999034781
13460,2021-03-21,Livingston,4,3725,198,125593,0.020202020202020204,4.0,0.008286006315423642
13461,2021-03-22,Livingston,9,3734,229,125822,0.039301310043668124,4.0,0.009314938064245224
13462,2021-03-23,Livingston,10,3744,1212,127034,0.00825082508250825,4.0,0.009245678952967075
13463,2021-03-24,Livingston,12,3756,320,127354,0.0375,4.0,0.009692107524395647
13464,2021-03-25,Livingston,8,3764,1430,128784,0.005594405594405594,4.0,0.009757929552834499
13465,2021-03-26,Livingston,6,3770,1379,130163,0.00435097897026831,4.0,0.009709776220129326
13466,2021-03-27,Livingston,7,3777,1600,131763,0.004375,4.0,0.008541038563776464
13467,2021-03-28,Livingston,3,3780,480,132243,0.00625,3.0,0.007544465692203592
13468,2021-03-29,Livingston,11,3791,277,132520,0.039711191335740074,4.0,0.0075737429273515875
13469,2021-03-30,Livingston,8,3799,1108,133628,0.007220216606498195,3.0,0.007500128036208011
13470,2021-03-31,Livingston,15,3814,413,134041,0.03631961259079903,4.0,0.007415814649836515
13471,2021-04-01,Livingston,14,3828,399,134440,0.03508771929824561,4.0,0.009522479914396515
13472,2021-04-02,Livingston,10,3838,1540,135980,0.006493506493506494,4.0,0.009675517594627814
13473,2021-04-03,Livingston,10,3848,561,136541,0.017825311942959002,5.0,0.010636254161982028
13474,2021-04-04,Livingston,3,3851,202,136743,0.01485148514851485,5.0,0.01125064595830452
13475,2021-04-05,Livingston,5,3856,1062,137805,0.004708097928436911,4.0,0.008750425000640006
13476,2021-04-06,Livingston,7,3863,1028,138833,0.006809338521400778,4.0,0.008721076565990192
13477,2021-04-07,Livingston,13,3876,392,139225,0.03316326530612245,4.0,0.008495623188513293
13478,2021-04-08,Livingston,14,3890,1731,140956,0.008087810514153668,4.0,0.0065670582753638695
13479,2021-04-09,Livingston,12,3902,506,141462,0.023715415019762844,4.0,0.007797194598667893
13480,2021-04-10,Livingston,14,3916,619,142081,0.022617124394184167,4.0,0.008139466916612546
13481,2021-04-11,Livingston,10,3926,210,142291,0.047619047619047616,5.0,0.010480007093079174
13482,2021-04-12,Livingston,10,3936,432,142723,0.023148148148148147,5.0,0.011797153537344262
13483,2021-04-13,Livingston,7,3943,1126,143849,0.006216696269982238,5.0,0.011754821947957225
13484,2021-04-14,Livingston,27,3970,454,144303,0.05947136563876652,6.0,0.013633971971717515
13485,2021-04-15,Livingston,9,3979,1336,145639,0.006736526946107785,6.0,0.013537451716857095
13486,2021-04-16,Livingston,18,3997,399,146038,0.045112781954887216,6.0,0.01506583506936598
13487,2021-04-17,Livingston,21,4018,763,146801,0.027522935779816515,7.0,0.015416250168339715
13488,2021-04-18,Livingston,4,4022,244,147045,0.01639344262295082,6.0,0.013185849811475659
13489,2021-04-19,Livingston,8,4030,371,147416,0.0215633423180593,6.0,0.013072649395040742
13490,2021-04-20,Livingston,8,4038,1180,148596,0.006779661016949152,6.0,0.013112861162681236
13491,2021-04-21,Livingston,12,4050,480,149076,0.025,5.0,0.0106506207599122
13492,2021-04-22,Livingston,12,4062,482,149558,0.024896265560165973,5.0,0.011947744946630642
13493,2021-04-23,Livingston,14,4076,739,150297,0.018944519621109608,5.0,0.010078583351360814
13494,2021-04-24,Livingston,21,4097,552,150849,0.03804347826086957,5.0,0.01083005067143603
13495,2021-04-25,Livingston,17,4114,363,151212,0.046831955922865015,6.0,0.013004230192858473
13496,2021-04-26,Livingston,4,4118,316,151528,0.012658227848101266,6.0,0.012368150587861471
13497,2021-04-27,Livingston,13,4131,356,151884,0.03651685393258427,6.0,0.01449223579612112
13498,2021-04-28,Livingston,23,4154,442,152326,0.05203619909502263,7.0,0.01642339287433702
13499,2021-04-29,Livingston,18,4172,516,152842,0.03488372093023256,7.0,0.017136782543627493
13500,2021-04-30,Livingston,17,4189,679,153521,0.025036818851251842,8.0,0.01757194677435194
13501,2021-05-01,Livingston,10,4199,650,154171,0.015384615384615385,7.0,0.015953456568905212
13502,2021-05-02,Livingston,17,4216,266,154437,0.06390977443609022,7.0,0.0171733007484213
13503,2021-05-03,Livingston,14,4230,280,154717,0.05,8.0,0.019840570187842636
13504,2021-05-04,Livingston,3,4233,351,155068,0.008547008547008548,7.0,0.01784272408887294
13505,2021-05-05,Livingston,12,4245,557,155625,0.02154398563734291,6.0,0.01566470884189582
13506,2021-05-06,Livingston,11,4256,546,156171,0.020146520146520148,6.0,0.014612051643059218
13507,2021-05-07,Livingston,21,4277,562,156733,0.037366548042704624,6.0,0.015492746585305847
13508,2021-05-08,Livingston,7,4284,605,157338,0.011570247933884297,6.0,0.015220291767396482
13509,2021-05-09,Livingston,6,4290,198,157536,0.030303030303030304,5.0,0.012819810043606486
13510,2021-05-10,Livingston,17,4307,300,157836,0.056666666666666664,5.0,0.013296000519796966
13511,2021-05-11,Livingston,16,4323,401,158237,0.0399002493765586,6.0,0.015535517721907683
13512,2021-05-12,Livingston,13,4336,564,158801,0.02304964539007092,6.0,0.015643064847102543
13513,2021-05-13,Livingston,22,4358,520,159321,0.04230769230769231,7.0,0.017226005715757695
13514,2021-05-14,Livingston,13,4371,661,159982,0.019667170953101363,6.0,0.015961764495071747
13515,2021-05-15,Livingston,10,4381,462,160444,0.021645021645021644,6.0,0.016681391188724415
13516,2021-05-16,Livingston,8,4389,193,160637,0.04145077720207254,7.0,0.01747765882437029
13517,2021-05-17,Livingston,13,4402,340,160977,0.03823529411764706,6.0,0.01616113221372603
13518,2021-05-18,Livingston,17,4419,312,161289,0.05448717948717949,6.0,0.017203055793056095
13519,2021-05-19,Livingston,13,4432,481,161770,0.02702702702702703,6.0,0.017487154481410104
13520,2021-05-20,Livingston,15,4447,535,162305,0.028037383177570093,6.0,0.01646784668640137
13521,2021-05-21,Livingston,11,4458,503,162808,0.02186878727634195,6.0,0.01662510499520427
13522,2021-05-22,Livingston,4,4462,341,163149,0.011730205278592375,5.0,0.015916903826173612
13523,2021-05-23,Livingston,8,4470,185,163334,0.043243243243243246,5.0,0.01604493711482866
13524,2021-05-24,Livingston,3,4473,226,163560,0.01327433628318584,5.0,0.014262011555224288
13525,2021-05-25,Livingston,4,4477,328,163888,0.012195121951219513,4.0,0.011241150302655717
13526,2021-05-26,Livingston,7,4484,316,164204,0.022151898734177215,3.0,0.010892926853166446
13527,2021-05-27,Livingston,5,4489,540,164744,0.009259259259259259,3.0,0.009551632287572815
13528,2021-05-28,Livingston,4,4493,344,165088,0.011627906976744186,2.0,0.008820140837601544
13529,2021-05-29,Livingston,3,4496,208,165296,0.014423076923076924,2.0,0.009012488812207583
13530,2021-05-30,Livingston,1,4497,158,165454,0.006329113924050633,1.0,0.006375765289408112
13531,2021-05-31,Livingston,1,4498,144,165598,0.006944444444444444,1.0,0.00592363015806944
13532,2021-06-01,Livingston,1,4499,170,165768,0.0058823529411764705,1.0,0.00547271808592351
13533,2021-06-02,Livingston,0,4499,352,166120,0.0,1.0,0.003890439604910851
13534,2021-06-03,Livingston,5,4504,494,166614,0.010121457489878543,1.0,0.0039520251928122285
13535,2021-06-04,Livingston,4,4508,400,167014,0.01,1.0,0.0038357461230447867
13536,2021-06-05,Livingston,2,4510,235,167249,0.00851063829787234,1.0,0.0034134290783873165
13537,2021-06-06,Livingston,2,4512,160,167409,0.0125,1.0,0.0038542066552408427
13538,2021-06-07,Livingston,1,4513,119,167528,0.008403361344537815,1.0,0.003958415005247512
13539,2021-06-08,Livingston,2,4515,361,167889,0.00554016620498615,1.0,0.0039339730955196325
13540,2021-06-09,Livingston,0,4515,292,168181,0.0,1.0,0.0039339730955196325
13541,2021-06-10,Livingston,2,4517,601,168782,0.0033277870216306157,0.0,0.0034487109192162086
13542,2021-06-11,Livingston,1,4518,266,169048,0.0037593984962406013,0.0,0.00300295366894768
13543,2021-06-12,Livingston,2,4520,233,169281,0.008583690987124463,0.0,0.0030081717181799747
13544,2021-06-13,Livingston,0,4520,156,169437,0.0,0.0,0.0021153145753228316
13545,2021-06-14,Livingston,0,4520,96,169533,0.0,0.0,0.0015150744792844163
13546,2021-06-15,Livingston,1,4521,169,169702,0.005917159763313609,0.0,0.0015420025905935207
13547,2021-06-16,Livingston,2,4523,160,169862,0.0125,0.0,0.002434859733450663
13548,2021-06-17,Livingston,0,4523,297,170159,0.0,0.0,0.002197160660477048
13549,2021-06-18,Livingston,1,4524,150,170309,0.006666666666666667,0.0,0.0024048226726503387
13550,2021-06-19,Livingston,0,4524,157,170466,0.0,0.0,0.0017917018878557342
13551,2021-06-20,Livingston,0,4524,80,170546,0.0,0.0,0.0017917018878557342
13552,2021-06-21,Livingston,1,4525,78,170624,0.01282051282051282,0.0,0.00270745280360665
13553,2021-06-22,Livingston,2,4527,173,170797,0.011560693641618497,0.0,0.0031105623663427134
13554,2021-06-23,Livingston,1,4528,134,170931,0.007462686567164179,0.0,0.0027507542639972973
13555,2021-06-24,Livingston,0,4528,304,171235,0.0,0.0,0.0027507542639972973
13556,2021-06-25,Livingston,1,4529,158,171393,0.006329113924050633,0.0,0.002726643353810438
13557,2021-06-26,Livingston,0,4529,113,171506,0.0,0.0,0.002726643353810438
13558,2021-06-27,Livingston,3,4532,94,171600,0.031914893617021274,0.0,0.0050062786121691
13559,2021-06-28,Livingston,1,4533,99,171699,0.010101010101010102,0.0,0.0048120284179189055
13560,2021-06-29,Livingston,2,4535,121,171820,0.01652892561983471,0.0,0.005166902130648636
13561,2021-06-30,Livingston,1,4536,139,171959,0.007194244604316547,0.0,0.005147727704730948
13562,2021-07-01,Livingston,3,4539,163,172122,0.018404907975460124,0.0,0.006462363988692385
13563,2021-07-02,Livingston,1,4540,106,172228,0.009433962264150943,0.0,0.0066841388701281215
13564,2021-07-03,Livingston,0,4540,107,172335,0.0,0.0,0.0066841388701281215
13565,2021-07-04,Livingston,0,4540,79,172414,0.0,0.0,0.0044045036117694595
13566,2021-07-05,Livingston,0,4540,48,172462,0.0,0.0,0.0036830028902687375
13567,2021-07-06,Livingston,0,4540,44,172506,0.0,0.0,0.0025023653459948295
13568,2021-07-07,Livingston,1,4541,92,172598,0.010869565217391304,0.0,0.0027648882469287405
13569,2021-07-08,Livingston,2,4543,135,172733,0.014814814814814815,0.0,0.0025084530211683617
13570,2021-07-09,Livingston,0,4543,111,172844,0.0,0.0,0.0018345985737290085
13571,2021-07-10,Livingston,0,4543,81,172925,0.0,0.0,0.0018345985737290085
13572,2021-07-11,Livingston,0,4543,94,173019,0.0,0.0,0.0018345985737290085
13573,2021-07-12,Livingston,1,4544,63,173082,0.015873015873015872,0.0,0.0029683854218015707
13574,2021-07-13,Livingston,0,4544,51,173133,0.0,0.0,0.0029683854218015707
13575,2021-07-14,Livingston,0,4544,119,173252,0.0,0.0,0.0021919879062736207
13576,2021-07-15,Livingston,1,4545,140,173392,0.007142857142857143,0.0,0.0016439909297052153
13577,2021-07-16,Livingston,0,4545,96,173488,0.0,0.0,0.0016439909297052153
13578,2021-07-17,Livingston,0,4545,89,173577,0.0,0.0,0.0016439909297052153
13579,2021-07-18,Livingston,0,4545,49,173626,0.0,0.0,0.0016439909297052153
13580,2021-07-19,Livingston,2,4547,60,173686,0.03333333333333333,0.0,0.0028911564625850343
13581,2021-07-20,Livingston,0,4547,100,173786,0.0,0.0,0.0028911564625850343
13582,2021-07-21,Livingston,1,4548,84,173870,0.011904761904761904,0.0,0.0037414965986394557
13583,2021-07-22,Livingston,1,4549,154,174024,0.006493506493506494,0.0,0.003695114409400124
13584,2021-07-23,Livingston,1,4550,90,174114,0.011111111111111112,0.0,0.004488765203050917
13585,2021-07-24,Livingston,0,4550,103,174217,0.0,0.0,0.004488765203050917
13586,2021-07-25,Livingston,1,4551,58,174275,0.017241379310344827,0.0,0.005720292296646977
13587,2021-07-26,Livingston,2,4553,73,174348,0.0273972602739726,0.0,0.00529628707812121
13588,2021-07-27,Livingston,0,4553,95,174443,0.0,0.0,0.00529628707812121
13589,2021-07-28,Livingston,2,4555,70,174513,0.02857142857142857,0.0,0.0064867632685974
13590,2021-07-29,Livingston,2,4557,177,174690,0.011299435028248588,0.0,0.006830043878221836
13591,2021-07-30,Livingston,2,4559,111,174801,0.018018018018018018,0.0,0.00732339437157233
13592,2021-07-31,Livingston,8,4567,131,174932,0.061068702290076333,1.0,0.01168544453514921
13593,2021-08-01,Livingston,1,4568,70,175002,0.014285714285714285,1.0,0.011474325604818456
13594,2021-08-02,Livingston,1,4569,89,175091,0.011235955056179775,1.0,0.010319946660690398
13595,2021-08-03,Livingston,5,4574,143,175234,0.03496503496503497,1.0,0.012817449158192898
13596,2021-08-04,Livingston,1,4575,104,175338,0.009615384615384616,1.0,0.011463446018475472
13597,2021-08-05,Livingston,1,4576,122,175460,0.00819672131147541,1.0,0.01124182361013453
13598,2020-03-01,Madison,0,0,0,0,,,
13599,2020-03-02,Madison,0,0,0,0,,,
13600,2020-03-03,Madison,0,0,0,0,,,
13601,2020-03-04,Madison,0,0,0,0,,,
13602,2020-03-05,Madison,0,0,0,0,,,
13603,2020-03-06,Madison,0,0,0,0,,,
13604,2020-03-07,Madison,0,0,0,0,,0.0,
13605,2020-03-08,Madison,0,0,0,0,,0.0,
13606,2020-03-09,Madison,0,0,0,0,,0.0,
13607,2020-03-10,Madison,0,0,0,0,,0.0,
13608,2020-03-11,Madison,0,0,0,0,,0.0,
13609,2020-03-12,Madison,0,0,0,0,,0.0,
13610,2020-03-13,Madison,0,0,1,1,0.0,0.0,
13611,2020-03-14,Madison,0,0,1,2,0.0,0.0,
13612,2020-03-15,Madison,0,0,1,3,0.0,0.0,
13613,2020-03-16,Madison,0,0,1,4,0.0,0.0,
13614,2020-03-17,Madison,0,0,0,4,,0.0,
13615,2020-03-18,Madison,0,0,7,11,0.0,0.0,
13616,2020-03-19,Madison,0,0,4,15,0.0,0.0,
13617,2020-03-20,Madison,0,0,9,24,0.0,0.0,
13618,2020-03-21,Madison,1,1,9,33,0.1111111111111111,0.0,
13619,2020-03-22,Madison,3,4,14,47,0.21428571428571427,0.0,
13620,2020-03-23,Madison,1,5,10,57,0.1,0.0,
13621,2020-03-24,Madison,2,7,15,72,0.13333333333333333,0.0,0.039909297052154194
13622,2020-03-25,Madison,2,9,28,100,0.07142857142857142,0.0,0.04501133786848072
13623,2020-03-26,Madison,8,17,23,123,0.34782608695652173,1.0,0.06985605836537513
13624,2020-03-27,Madison,2,19,28,151,0.07142857142857142,1.0,0.07495809918170167
13625,2020-03-28,Madison,5,24,34,185,0.14705882352941177,1.0,0.07752579292586599
13626,2020-03-29,Madison,10,34,30,215,0.3333333333333333,2.0,0.08602919428641022
13627,2020-03-30,Madison,7,41,39,254,0.1794871794871795,2.0,0.09170684996406588
13628,2020-03-31,Madison,10,51,55,309,0.18181818181818182,3.0,0.09517005342726936
13629,2020-04-01,Madison,9,60,67,376,0.13432835820895522,3.0,0.09966289534015392
13630,2020-04-02,Madison,10,70,70,446,0.14285714285714285,3.0,0.08502225647591255
13631,2020-04-03,Madison,4,74,20,466,0.2,3.0,0.09420592994530032
13632,2020-04-04,Madison,5,79,28,494,0.17857142857142858,3.0,0.09645683030544437
13633,2020-04-05,Madison,3,82,13,507,0.23076923076923078,3.0,0.08913082297943706
13634,2020-04-06,Madison,6,88,64,571,0.09375,3.0,0.0830067387303528
13635,2020-04-07,Madison,2,90,43,614,0.046511627906976744,2.0,0.07334198487955244
13636,2020-04-08,Madison,1,91,12,626,0.08333333333333333,2.0,0.06969948310272231
13637,2020-04-09,Madison,8,99,54,680,0.14814814814814814,2.0,0.07007741205207983
13638,2020-04-10,Madison,0,99,7,687,0.0,1.0,0.05579169776636555
13639,2020-04-11,Madison,2,101,9,696,0.2222222222222222,1.0,0.05890961159856508
13640,2020-04-12,Madison,0,101,7,703,0.0,1.0,0.0424260951150486
13641,2020-04-13,Madison,3,104,50,753,0.06,1.0,0.04001538082933431
13642,2020-04-14,Madison,1,105,4,757,0.25,1.0,0.05455026455026455
13643,2020-04-15,Madison,0,105,7,764,0.0,1.0,0.04859788359788359
13644,2020-04-16,Madison,0,105,2,766,0.0,0.0,0.03801587301587301
13645,2020-04-17,Madison,0,105,6,772,0.0,0.0,0.03801587301587301
13646,2020-04-18,Madison,1,106,7,779,0.14285714285714285,0.0,0.0323469387755102
13647,2020-04-19,Madison,0,106,4,783,0.0,0.0,0.0323469387755102
13648,2020-04-20,Madison,0,106,1,784,0.0,0.0,0.02806122448979592
13649,2020-04-21,Madison,0,106,3,787,0.0,0.0,0.01020408163265306
13650,2020-04-22,Madison,0,106,7,794,0.0,0.0,0.01020408163265306
13651,2020-04-23,Madison,0,106,4,798,0.0,0.0,0.01020408163265306
13652,2020-04-24,Madison,15,121,294,1092,0.05102040816326531,1.0,0.013848396501457725
13653,2020-04-25,Madison,2,123,22,1114,0.09090909090909091,1.0,0.010137821362311158
13654,2020-04-26,Madison,1,124,16,1130,0.0625,1.0,0.014602107076596873
13655,2020-04-27,Madison,2,126,26,1156,0.07692307692307693,1.0,0.02009661257110237
13656,2020-04-28,Madison,0,126,47,1203,0.0,1.0,0.02009661257110237
13657,2020-04-29,Madison,5,131,12,1215,0.4166666666666667,1.0,0.049858517333007134
13658,2020-04-30,Madison,8,139,51,1266,0.1568627450980392,2.0,0.061062999125724216
13659,2020-05-01,Madison,10,149,54,1320,0.18518518518518517,2.0,0.07064619748443278
13660,2020-05-02,Madison,2,151,26,1346,0.07692307692307693,2.0,0.06964719648543179
13661,2020-05-03,Madison,66,217,141,1487,0.46808510638297873,6.0,0.0986175612270731
13662,2020-05-04,Madison,6,223,43,1530,0.13953488372093023,6.0,0.10308983314120548
13663,2020-05-05,Madison,8,231,192,1722,0.041666666666666664,7.0,0.10606602361739599
13664,2020-05-06,Madison,15,246,204,1926,0.07352941176470588,8.0,0.08155621969582734
13665,2020-05-07,Madison,3,249,95,2021,0.031578947368421054,7.0,0.07260737700085461
13666,2020-05-08,Madison,1,250,50,2071,0.02,7.0,0.060808435201912814
13667,2020-05-09,Madison,1,251,37,2108,0.02702702702702703,7.0,0.05724443163790926
13668,2020-05-10,Madison,0,251,23,2131,0.0,2.0,0.023809781181982206
13669,2020-05-11,Madison,0,251,17,2148,0.0,2.0,0.01384300377334433
13670,2020-05-12,Madison,2,253,79,2227,0.02531645569620253,1.0,0.012675131561168321
13671,2020-05-13,Madison,2,255,61,2288,0.03278688524590164,0.0,0.009764951095539447
13672,2020-05-14,Madison,1,256,30,2318,0.03333333333333333,0.0,0.009890264378747465
13673,2020-05-15,Madison,2,258,53,2371,0.03773584905660377,0.0,0.01115711073993345
13674,2020-05-16,Madison,0,258,56,2427,0.0,0.0,0.009226608809431519
13675,2020-05-17,Madison,0,258,44,2471,0.0,0.0,0.009226608809431519
13676,2020-05-18,Madison,2,260,103,2574,0.019417475728155338,0.0,0.010613571361442616
13677,2020-05-19,Madison,32,292,201,2775,0.15920398009950248,2.0,0.020176965961678322
13678,2020-05-20,Madison,2,294,101,2876,0.019801980198019802,2.0,0.01924947274397248
13679,2020-05-21,Madison,3,297,135,3011,0.022222222222222223,2.0,0.018455821950321687
13680,2020-05-22,Madison,4,301,200,3211,0.02,3.0,0.017188975589135704
13681,2020-05-23,Madison,0,301,105,3316,0.0,3.0,0.017188975589135704
13682,2020-05-24,Madison,2,303,67,3383,0.029850746268656716,3.0,0.01932117175118261
13683,2020-05-25,Madison,0,303,179,3562,0.0,3.0,0.017934209199171516
13684,2020-05-26,Madison,7,310,330,3892,0.021212121212121213,1.0,0.008077647850072854
13685,2020-05-27,Madison,0,310,67,3959,0.0,1.0,0.00666322069307144
13686,2020-05-28,Madison,0,310,141,4100,0.0,0.0,0.005075919105769852
13687,2020-05-29,Madison,1,311,187,4287,0.0053475935828877,0.0,0.004029318647404688
13688,2020-05-30,Madison,5,316,316,4603,0.015822784810126583,1.0,0.00515951756241373
13689,2020-05-31,Madison,0,316,138,4741,0.0,0.0,0.0030273214003668216
13690,2020-06-01,Madison,1,317,98,4839,0.01020408163265306,1.0,0.0037561843741277545
13691,2020-06-02,Madison,2,319,222,5061,0.009009009009009009,0.0,0.0028845335024768825
13692,2020-06-03,Madison,0,319,242,5303,0.0,0.0,0.0028845335024768825
13693,2020-06-04,Madison,4,323,279,5582,0.014336917562724014,0.0,0.0039085990426714545
13694,2020-06-05,Madison,2,325,336,5918,0.005952380952380952,1.0,0.003951798140492401
13695,2020-06-06,Madison,2,327,123,6041,0.016260162601626018,0.0,0.003983039411313789
13696,2020-06-07,Madison,0,327,148,6189,0.0,0.0,0.003983039411313789
13697,2020-06-08,Madison,4,331,157,6346,0.025477707006369428,1.0,0.00507401265229353
13698,2020-06-09,Madison,0,331,418,6764,0.0,0.0,0.004430512008792887
13699,2020-06-10,Madison,2,333,234,6998,0.008547008547008548,1.0,0.005041012619293498
13700,2020-06-11,Madison,0,333,184,7182,0.0,0.0,0.004016947079098925
13701,2020-06-12,Madison,0,333,121,7303,0.0,0.0,0.0035917770110717143
13702,2020-06-13,Madison,1,334,297,7600,0.003367003367003367,0.0,0.0026708370657415248
13703,2020-06-14,Madison,1,335,78,7678,0.01282051282051282,0.0,0.0035865879814924403
13704,2020-06-15,Madison,1,336,191,7869,0.005235602094240838,0.0,0.0021407233449118267
13705,2020-06-16,Madison,2,338,104,7973,0.019230769230769232,0.0,0.0035143497185382002
13706,2020-06-17,Madison,3,341,186,8159,0.016129032258064516,0.0,0.0040559228407564835
13707,2020-06-18,Madison,1,342,253,8412,0.003952569169960474,0.0,0.0043382492100393745
13708,2020-06-19,Madison,1,343,242,8654,0.004132231404958678,0.0,0.004633408596107851
13709,2020-06-20,Madison,2,345,137,8791,0.014598540145985401,0.0,0.005435661223177997
13710,2020-06-21,Madison,2,347,126,8917,0.015873015873015872,0.0,0.0056536971554996445
13711,2020-06-22,Madison,0,347,204,9121,0.0,0.0,0.005279725577339584
13712,2020-06-23,Madison,0,347,194,9315,0.0,0.0,0.0039060992037132096
13713,2020-06-24,Madison,2,349,174,9489,0.011494252873563218,0.0,0.0035750435333916884
13714,2020-06-25,Madison,2,351,278,9767,0.007194244604316547,0.0,0.0038065917787028364
13715,2020-06-26,Madison,0,351,229,9996,0.0,0.0,0.0035114323926343596
13716,2020-06-27,Madison,1,352,90,10086,0.011111111111111112,0.0,0.0032623303187147676
13717,2020-06-28,Madison,1,353,130,10216,0.007692307692307693,0.0,0.0026779940200927547
13718,2020-06-29,Madison,4,357,123,10339,0.032520325203252036,0.0,0.005000874391753615
13719,2020-06-30,Madison,0,357,233,10572,0.0,0.0,0.005000874391753615
13720,2020-07-01,Madison,2,359,188,10760,0.010638297872340425,0.0,0.00493973474880913
13721,2020-07-02,Madison,1,360,148,10908,0.006756756756756757,0.0,0.004908485616840573
13722,2020-07-03,Madison,3,363,182,11090,0.016483516483516484,0.0,0.006085879651377466
13723,2020-07-04,Madison,0,363,111,11201,0.0,0.0,0.005292228857726671
13724,2020-07-05,Madison,1,364,96,11297,0.010416666666666666,0.0,0.00548682592732374
13725,2020-07-06,Madison,3,367,255,11552,0.011764705882352941,0.0,0.004004281690116663
13726,2020-07-07,Madison,1,368,307,11859,0.003257328990228013,0.0,0.004236948046561521
13727,2020-07-08,Madison,0,368,189,12048,0.0,0.0,0.003477069627108633
13728,2020-07-09,Madison,3,371,144,12192,0.020833333333333332,0.0,0.004482539382578388
13729,2020-07-10,Madison,3,374,159,12351,0.018867924528301886,0.0,0.004652854242920203
13730,2020-07-11,Madison,0,374,121,12472,0.0,0.0,0.004652854242920203
13731,2020-07-12,Madison,1,375,331,12803,0.0030211480362537764,0.0,0.0041246029121764245
13732,2020-07-13,Madison,1,376,214,13017,0.004672897196261682,0.0,0.003618045148884192
13733,2020-07-14,Madison,0,376,255,13272,0.0,0.0,0.003385378792439334
13734,2020-07-15,Madison,1,377,221,13493,0.004524886877828055,0.0,0.0037085849979984807
13735,2020-07-16,Madison,2,379,206,13699,0.009708737864077669,0.0,0.0029139710359087907
13736,2020-07-17,Madison,3,382,256,13955,0.01171875,0.0,0.0024033157124586564
13737,2020-07-18,Madison,1,383,70,14025,0.014285714285714285,0.0,0.003423723875723962
13738,2020-07-19,Madison,1,384,186,14211,0.005376344086021506,0.0,0.003591952164993085
13739,2020-07-20,Madison,3,387,197,14408,0.015228426395939087,0.0,0.004345918536398615
13740,2020-07-21,Madison,1,388,286,14694,0.0034965034965034965,0.0,0.004595668786148864
13741,2020-07-22,Madison,0,388,163,14857,0.0,0.0,0.004272462580589717
13742,2020-07-23,Madison,2,390,406,15263,0.0049261083743842365,0.0,0.003930846188468758
13743,2020-07-24,Madison,0,390,152,15415,0.0,0.0,0.0030937926170401865
13744,2020-07-25,Madison,0,390,185,15600,0.0,0.0,0.0020733844537748802
13745,2020-07-26,Madison,0,390,120,15720,0.0,0.0,0.0016893598762019158
13746,2020-07-27,Madison,1,391,156,15876,0.00641025641025641,0.0,0.0010594905915102958
13747,2020-07-28,Madison,2,393,304,16180,0.006578947368421052,0.0,0.0012796651537901212
13748,2020-07-29,Madison,3,396,162,16342,0.018518518518518517,0.0,0.002602416476541444
13749,2020-07-30,Madison,2,398,250,16592,0.008,0.0,0.002821980164085427
13750,2020-07-31,Madison,1,399,187,16779,0.0053475935828877,0.0,0.0032039511342916915
13751,2020-08-01,Madison,1,400,142,16921,0.007042253521126761,0.0,0.003706969242943603
13752,2020-08-02,Madison,1,401,80,17001,0.0125,0.0,0.004599826385800746
13753,2020-08-03,Madison,4,405,282,17283,0.014184397163120567,1.0,0.00515512215386247
13754,2020-08-04,Madison,1,406,202,17485,0.0049504950495049506,0.0,0.00503880413108275
13755,2020-08-05,Madison,3,409,238,17723,0.012605042016806723,0.0,0.004616412952389051
13756,2020-08-06,Madison,3,412,374,18097,0.008021390374331552,1.0,0.004617940836269875
13757,2020-08-07,Madison,0,412,122,18219,0.0,0.0,0.004235969866063611
13758,2020-08-08,Madison,0,412,107,18326,0.0,0.0,0.003732951757411699
13759,2020-08-09,Madison,0,412,78,18404,0.0,0.0,0.0028400946145545566
13760,2020-08-10,Madison,1,413,462,18866,0.0021645021645021645,0.0,0.0019815306860818138
13761,2020-08-11,Madison,1,414,323,19189,0.0030959752321981426,0.0,0.001849064984845613
13762,2020-08-12,Madison,3,417,125,19314,0.024,0.0,0.002662990555073704
13763,2020-08-13,Madison,2,419,340,19654,0.0058823529411764705,0.0,0.0025102021669911987
13764,2020-08-14,Madison,2,421,268,19922,0.007462686567164179,0.0,0.0030432512075029257
13765,2020-08-15,Madison,0,421,149,20071,0.0,0.0,0.0030432512075029257
13766,2020-08-16,Madison,0,421,147,20218,0.0,0.0,0.0030432512075029257
13767,2020-08-17,Madison,2,423,302,20520,0.006622516556291391,0.0,0.003361680806916442
13768,2020-08-18,Madison,1,424,256,20776,0.00390625,0.0,0.0034195575760451458
13769,2020-08-19,Madison,0,424,228,21004,0.0,0.0,0.0017052718617594313
13770,2020-08-20,Madison,7,431,1008,22012,0.006944444444444444,0.0,0.0017811355405642868
13771,2020-08-21,Madison,1,432,473,22485,0.0021141649048625794,0.0,0.0013990982789713151
13772,2020-08-22,Madison,0,432,111,22596,0.0,0.0,0.0013990982789713151
13773,2020-08-23,Madison,0,432,140,22736,0.0,0.0,0.0013990982789713151
13774,2020-08-24,Madison,2,434,468,23204,0.004273504273504274,0.0,0.0012313116873436639
13775,2020-08-25,Madison,1,435,236,23440,0.00423728813559322,0.0,0.0012549572684574656
13776,2020-08-26,Madison,4,439,546,23986,0.007326007326007326,1.0,0.0017782435060294175
13777,2020-08-27,Madison,17,456,1671,25657,0.010173548773189706,1.0,0.0020088938152255076
13778,2020-08-28,Madison,3,459,993,26650,0.0030211480362537764,1.0,0.0020736783246105934
13779,2020-08-29,Madison,2,461,197,26847,0.01015228426395939,2.0,0.002798841486321978
13780,2020-08-30,Madison,0,461,247,27094,0.0,2.0,0.002798841486321978
13781,2020-08-31,Madison,0,461,272,27366,0.0,1.0,0.0024935911810716727
13782,2020-09-01,Madison,0,461,206,27572,0.0,1.0,0.002190927742815014
13783,2020-09-02,Madison,6,467,1767,29339,0.003395585738539898,2.0,0.001910183343710198
13784,2020-09-03,Madison,7,474,1108,30447,0.00631768953068592,1.0,0.001634764826388499
13785,2020-09-04,Madison,0,474,295,30742,0.0,1.0,0.0014189685380846578
13786,2020-09-05,Madison,0,474,255,30997,0.0,0.0,0.0006938053763732727
13787,2020-09-06,Madison,1,475,77,31074,0.012987012987012988,1.0,0.0016214491611599147
13788,2020-09-07,Madison,0,475,149,31223,0.0,1.0,0.0016214491611599147
13789,2020-09-08,Madison,0,475,304,31527,0.0,1.0,0.0016214491611599147
13790,2020-09-09,Madison,0,475,97,31624,0.0,0.0,0.0013789073226927791
13791,2020-09-10,Madison,1,476,362,31986,0.0027624309392265192,0.0,0.001124960280445679
13792,2020-09-11,Madison,2,478,341,32327,0.005865102639296188,0.0,0.0015438961832525495
13793,2020-09-12,Madison,0,478,260,32587,0.0,0.0,0.0015438961832525495
13794,2020-09-13,Madison,0,478,94,32681,0.0,0.0,0.0006162523984659076
13795,2020-09-14,Madison,2,480,126,32807,0.015873015873015872,0.0,0.00175003924653847
13796,2020-09-15,Madison,0,480,362,33169,0.0,0.0,0.00175003924653847
13797,2020-09-16,Madison,0,480,164,33333,0.0,0.0,0.00175003924653847
13798,2020-09-17,Madison,4,484,318,33651,0.012578616352201259,0.0,0.002451195347465237
13799,2020-09-18,Madison,2,486,284,33935,0.007042253521126761,0.0,0.002535277553310278
13800,2020-09-19,Madison,1,487,301,34236,0.0033222591362126247,0.0,0.0027725817773254654
13801,2020-09-20,Madison,1,488,110,34346,0.00909090909090909,0.0,0.0034219324266761145
13802,2020-09-21,Madison,1,489,124,34470,0.008064516129032258,0.0,0.002864182444963
13803,2020-09-22,Madison,0,489,389,34859,0.0,0.0,0.002864182444963
13804,2020-09-23,Madison,3,492,375,35234,0.008,0.0,0.0034356110163915707
13805,2020-09-24,Madison,0,492,251,35485,0.0,0.0,0.002537138419805767
13806,2020-09-25,Madison,1,493,386,35871,0.0025906735751295338,0.0,0.0022191684236631077
13807,2020-09-26,Madison,0,493,198,36069,0.0,0.0,0.0019818641996479204
13808,2020-09-27,Madison,0,493,155,36224,0.0,0.0,0.001332513550297271
13809,2020-09-28,Madison,4,497,288,36512,0.013888888888888888,0.0,0.0017485401760013158
13810,2020-09-29,Madison,0,497,484,36996,0.0,0.0,0.0017485401760013158
13811,2020-09-30,Madison,1,498,370,37366,0.002702702702702703,0.0,0.0013701617976229375
13812,2020-10-01,Madison,3,501,367,37733,0.008174386920980926,0.0,0.0019540465776930033
13813,2020-10-02,Madison,2,503,476,38209,0.004201680672268907,0.0,0.002069118513202959
13814,2020-10-03,Madison,0,503,140,38349,0.0,0.0,0.002069118513202959
13815,2020-10-04,Madison,0,503,94,38443,0.0,0.0,0.002069118513202959
13816,2020-10-05,Madison,2,505,241,38684,0.008298755186721992,0.0,0.0016698232487624663
13817,2020-10-06,Madison,0,505,469,39153,0.0,0.0,0.0016698232487624663
13818,2020-10-07,Madison,0,505,448,39601,0.0,0.0,0.0014767730557122734
13819,2020-10-08,Madison,4,509,523,40124,0.0076481835564053535,0.0,0.0014391871010997323
13820,2020-10-09,Madison,0,509,377,40501,0.0,0.0,0.0011390670530805247
13821,2020-10-10,Madison,2,511,211,40712,0.009478672985781991,0.0,0.001816115123493524
13822,2020-10-11,Madison,0,511,134,40846,0.0,0.0,0.001816115123493524
13823,2020-10-12,Madison,4,515,376,41222,0.010638297872340425,0.0,0.0019832253153234123
13824,2020-10-13,Madison,2,517,297,41519,0.006734006734006734,0.0,0.002464225796323893
13825,2020-10-14,Madison,4,521,638,42157,0.006269592476489028,1.0,0.0029120538303588238
13826,2020-10-15,Madison,7,528,396,42553,0.017676767676767676,1.0,0.0036283812675275613
13827,2020-10-16,Madison,3,531,520,43073,0.0057692307692307696,1.0,0.004040469179615473
13828,2020-10-17,Madison,2,533,211,43284,0.009478672985781991,1.0,0.004040469179615472
13829,2020-10-18,Madison,3,536,123,43407,0.024390243902439025,1.0,0.005782629458361118
13830,2020-10-19,Madison,1,537,421,43828,0.0023752969121140144,1.0,0.005192415104059231
13831,2020-10-20,Madison,4,541,691,44519,0.005788712011577424,1.0,0.005124894052457138
13832,2020-10-21,Madison,4,545,512,45031,0.0078125,1.0,0.005235101732707921
13833,2020-10-22,Madison,7,552,552,45583,0.012681159420289856,1.0,0.004878272571530935
13834,2020-10-23,Madison,5,557,472,46055,0.01059322033898305,1.0,0.005222843255084668
13835,2020-10-24,Madison,2,559,212,46267,0.009433962264150943,1.0,0.005219649632111022
13836,2020-10-25,Madison,0,559,99,46366,0.0,1.0,0.0034774893533653776
13837,2020-10-26,Madison,4,563,279,46645,0.014336917562724014,1.0,0.004331890828408949
13838,2020-10-27,Madison,2,565,444,47089,0.0045045045045045045,1.0,0.004240161720760883
13839,2020-10-28,Madison,5,570,351,47440,0.014245014245014245,1.0,0.004699627023976186
13840,2020-10-29,Madison,7,577,531,47971,0.013182674199623353,1.0,0.004735449508214294
13841,2020-10-30,Madison,7,584,521,48492,0.013435700575815739,1.0,0.0049384838108452
13842,2020-10-31,Madison,9,593,241,48733,0.03734439834024896,2.0,0.006932086387709343
13843,2020-11-01,Madison,4,597,176,48909,0.022727272727272728,2.0,0.008555463011085966
13844,2020-11-02,Madison,4,601,314,49223,0.012738853503184714,2.0,0.008441315578261731
13845,2020-11-03,Madison,8,609,302,49525,0.026490066225165563,3.0,0.010011712844023237
13846,2020-11-04,Madison,7,616,722,50247,0.009695290858725761,3.0,0.009686732602145488
13847,2020-11-05,Madison,11,627,573,50820,0.019197207678883072,3.0,0.010116342136378326
13848,2020-11-06,Madison,16,643,515,51335,0.031067961165048542,4.0,0.011375789321323524
13849,2020-11-07,Madison,9,652,287,51622,0.0313588850174216,4.0,0.010948252655407286
13850,2020-11-08,Madison,6,658,209,51831,0.028708133971291867,4.0,0.01137545702998008
13851,2020-11-09,Madison,8,666,334,52165,0.023952095808383235,4.0,0.01217640290892283
13852,2020-11-10,Madison,6,672,798,52963,0.007518796992481203,4.0,0.010821312249445377
13853,2020-11-11,Madison,12,684,1399,54362,0.008577555396711936,4.0,0.010741474002158675
13854,2020-11-12,Madison,12,696,569,54931,0.0210896309314587,4.0,0.010876647091628363
13855,2020-11-13,Madison,13,709,517,55448,0.025145067698259187,4.0,0.010453583272571981
13856,2020-11-14,Madison,9,718,194,55642,0.04639175257731959,4.0,0.01152735952685041
13857,2020-11-15,Madison,9,727,146,55788,0.06164383561643835,4.0,0.01387990964436087
13858,2020-11-16,Madison,12,739,304,56092,0.039473684210526314,5.0,0.014988594530228234
13859,2020-11-17,Madison,14,753,745,56837,0.01879194630872483,5.0,0.015793819481388492
13860,2020-11-18,Madison,13,766,592,57429,0.02195945945945946,5.0,0.016749669771584746
13861,2020-11-19,Madison,10,776,632,58061,0.015822784810126583,5.0,0.01637346647720388
13862,2020-11-20,Madison,19,795,516,58577,0.03682170542635659,6.0,0.01720751202921084
13863,2020-11-21,Madison,2,797,142,58719,0.014084507042253521,5.0,0.014899851633848975
13864,2020-11-22,Madison,24,821,842,59561,0.028503562945368172,6.0,0.012532689300201103
13865,2020-11-23,Madison,15,836,468,60029,0.03205128205128205,6.0,0.012002517717397942
13866,2020-11-24,Madison,25,861,458,60487,0.05458515283842795,7.0,0.014559175326662453
13867,2020-11-25,Madison,17,878,495,60982,0.03434343434343434,8.0,0.015443744961232088
13868,2020-11-26,Madison,20,898,437,61419,0.04576659038901602,8.0,0.017582588216867045
13869,2020-11-27,Madison,15,913,363,61782,0.04132231404958678,8.0,0.01790406026138349
13870,2020-11-28,Madison,31,944,496,62278,0.0625,10.0,0.021362309758365377
13871,2020-11-29,Madison,7,951,259,62537,0.02702702702702703,9.0,0.021256842907055297
13872,2020-11-30,Madison,12,963,302,62839,0.039735099337748346,9.0,0.021805686998945747
13873,2020-12-01,Madison,29,992,596,63435,0.04865771812080537,9.0,0.021382298804829846
13874,2020-12-02,Madison,51,1043,816,64251,0.0625,11.0,0.02339348206601311
13875,2020-12-03,Madison,37,1080,599,64850,0.06176961602671119,13.0,0.024536555325848475
13876,2020-12-04,Madison,47,1127,680,65530,0.06911764705882353,15.0,0.026521936255079676
13877,2020-12-05,Madison,52,1179,686,66216,0.07580174927113703,16.0,0.027472061203018035
13878,2020-12-06,Madison,30,1209,307,66523,0.09771986970684039,18.0,0.032521549965861846
13879,2020-12-07,Madison,47,1256,333,66856,0.14114114114114115,20.0,0.03976483866610419
13880,2020-12-08,Madison,69,1325,629,67485,0.10969793322734499,23.0,0.044124854030857016
13881,2020-12-09,Madison,56,1381,581,68066,0.0963855421686747,24.0,0.04654524990004806
13882,2020-12-10,Madison,82,1463,581,68647,0.14113597246127366,27.0,0.052214275359659675
13883,2020-12-11,Madison,42,1505,715,69362,0.05874125874125874,27.0,0.05147310476554791
13884,2020-12-12,Madison,67,1572,788,70150,0.0850253807106599,28.0,0.052131935582656684
13885,2020-12-13,Madison,20,1592,414,70564,0.04830917874396135,27.0,0.04860260051387961
13886,2020-12-14,Madison,29,1621,375,70939,0.07733333333333334,26.0,0.044044899956179044
13887,2020-12-15,Madison,63,1684,420,71359,0.15,25.0,0.04692361901136869
13888,2020-12-16,Madison,40,1724,723,72082,0.05532503457814661,24.0,0.043990725612045256
13889,2020-12-17,Madison,37,1761,601,72683,0.06156405990016639,21.0,0.03830701757196616
13890,2020-12-18,Madison,59,1820,657,73340,0.0898021308980213,22.0,0.04052565129744921
13891,2020-12-19,Madison,45,1865,654,73994,0.06880733944954129,20.0,0.039367219778797875
13892,2020-12-20,Madison,32,1897,347,74341,0.09221902017291066,21.0,0.04250363702372283
13893,2020-12-21,Madison,15,1912,451,74792,0.03325942350332594,20.0,0.039355500607293724
13894,2020-12-22,Madison,41,1953,520,75312,0.07884615384615384,19.0,0.034273083024876146
13895,2020-12-23,Madison,64,2017,734,76046,0.08719346049046321,20.0,0.036549399161470195
13896,2020-12-24,Madison,42,2059,733,76779,0.0572987721691678,21.0,0.03624473575211314
13897,2020-12-25,Madison,24,2083,368,77147,0.06521739130434782,18.0,0.03448868292399361
13898,2020-12-26,Madison,23,2106,241,77388,0.0954356846473029,17.0,0.03639070758097658
13899,2020-12-27,Madison,44,2150,344,77732,0.12790697674418605,18.0,0.03893984733606769
13900,2020-12-28,Madison,36,2186,347,78079,0.1037463976945245,19.0,0.04397463120686757
13901,2020-12-29,Madison,54,2240,440,78519,0.12272727272727273,20.0,0.04710899684123321
13902,2020-12-30,Madison,49,2289,585,79104,0.08376068376068375,19.0,0.04686379850339182
13903,2020-12-31,Madison,48,2337,633,79737,0.07582938388625593,19.0,0.04818741362604097
13904,2021-01-01,Madison,40,2377,543,80280,0.07366482504604052,21.0,0.048790801750447595
13905,2021-01-02,Madison,40,2417,382,80662,0.10471204188481675,22.0,0.04945339869598431
13906,2021-01-03,Madison,41,2458,302,80964,0.1357615894039735,22.0,0.05001444245739769
13907,2021-01-04,Madison,24,2482,341,81305,0.07038123167155426,21.0,0.047631216312899814
13908,2021-01-05,Madison,71,2553,647,81952,0.10973724884080371,22.0,0.04670335746386632
13909,2021-01-06,Madison,49,2602,840,82792,0.058333333333333334,22.0,0.044887118147627005
13910,2021-01-07,Madison,80,2682,723,83515,0.11065006915629322,24.0,0.047374309952629666
13911,2021-01-08,Madison,64,2746,850,84365,0.07529411764705882,26.0,0.04749068799555954
13912,2021-01-09,Madison,61,2807,665,85030,0.09172932330827067,27.0,0.046563350954377684
13913,2021-01-10,Madison,42,2849,338,85368,0.1242603550295858,27.0,0.04574183421334999
13914,2021-01-11,Madison,36,2885,400,85768,0.09,28.0,0.047143174808238965
13915,2021-01-12,Madison,26,2911,559,86327,0.046511627906976744,25.0,0.04262705902725133
13916,2021-01-13,Madison,31,2942,783,87110,0.03959131545338442,24.0,0.04128834346439784
13917,2021-01-14,Madison,43,2985,1259,88369,0.03415409054805401,21.0,0.03582434499238075
13918,2021-01-15,Madison,62,3047,1251,89620,0.0495603517186251,21.0,0.03398621885463548
13919,2021-01-16,Madison,26,3073,803,90423,0.0323785803237858,19.0,0.02974688007002942
13920,2021-01-17,Madison,35,3108,406,90829,0.08620689655172414,18.0,0.027028775893039297
13921,2021-01-18,Madison,41,3149,380,91209,0.10789473684210527,18.0,0.028306971381761106
13922,2021-01-19,Madison,24,3173,671,91880,0.03576751117734724,18.0,0.027539534472501855
13923,2021-01-20,Madison,36,3209,657,92537,0.0547945205479452,19.0,0.028625477693541918
13924,2021-01-21,Madison,34,3243,618,93155,0.05501618122977346,18.0,0.030115627027950446
13925,2021-01-22,Madison,45,3288,816,93971,0.05514705882352941,17.0,0.030514677535443614
13926,2021-01-23,Madison,39,3327,801,94772,0.04868913857677903,18.0,0.031679717410657414
13927,2021-01-24,Madison,8,3335,471,95243,0.016985138004246284,16.0,0.026735306085837563
13928,2021-01-25,Madison,19,3354,278,95521,0.0683453237410072,14.0,0.0239103480071877
13929,2021-01-26,Madison,25,3379,1467,96988,0.017041581458759374,14.0,0.022572781598717142
13930,2021-01-27,Madison,24,3403,1528,98516,0.015706806282722512,13.0,0.01978080200834409
13931,2021-01-28,Madison,23,3426,1306,99822,0.01761102603369066,13.0,0.01710900520862389
13932,2021-01-29,Madison,32,3458,850,100672,0.03764705882352941,12.0,0.01585900520862389
13933,2021-01-30,Madison,26,3484,555,101227,0.04684684684684685,11.0,0.015727412942200165
13934,2021-01-31,Madison,13,3497,376,101603,0.034574468085106384,11.0,0.016983793662261597
13935,2021-02-01,Madison,13,3510,256,101859,0.05078125,11.0,0.01572921696647537
13936,2021-02-02,Madison,16,3526,495,102354,0.03232323232323232,10.0,0.016820763456794865
13937,2021-02-03,Madison,13,3539,550,102904,0.023636363636363636,9.0,0.017387160410626375
13938,2021-02-04,Madison,18,3557,460,103364,0.0391304347826087,9.0,0.018924261035549093
13939,2021-02-05,Madison,15,3572,744,104108,0.020161290322580645,8.0,0.01767527757119561
13940,2021-02-06,Madison,29,3601,3093,107201,0.00937601034594245,8.0,0.014998789249702438
13941,2021-02-07,Madison,12,3613,616,107817,0.01948051948051948,8.0,0.013920650063660516
13942,2021-02-08,Madison,8,3621,580,108397,0.013793103448275862,7.0,0.011278639595680219
13943,2021-02-09,Madison,22,3643,727,109124,0.030261348005502064,8.0,0.011131362144413773
13944,2021-02-10,Madison,14,3657,1753,110877,0.007986309184255563,8.0,0.010013501112120338
13945,2021-02-11,Madison,12,3669,1033,111910,0.011616650532429816,8.0,0.008048230808536134
13946,2021-02-12,Madison,13,3682,610,112520,0.021311475409836064,7.0,0.008130386886197235
13947,2021-02-13,Madison,11,3693,829,113349,0.013268998793727383,6.0,0.008408457489610445
13948,2021-02-14,Madison,11,3704,631,113980,0.017432646592709985,6.0,0.00826218085476691
13949,2021-02-15,Madison,6,3710,463,114443,0.012958963282937365,6.0,0.008202599414385588
13950,2021-02-16,Madison,14,3724,834,115277,0.016786570743405275,5.0,0.007240115324235818
13951,2021-02-17,Madison,11,3735,456,115733,0.02412280701754386,5.0,0.008392722312327839
13952,2021-02-18,Madison,5,3740,645,116378,0.007751937984496124,5.0,0.00811667141604686
13953,2021-02-19,Madison,15,3755,1132,117510,0.013250883392226149,5.0,0.007540914843360439
13954,2021-02-20,Madison,10,3765,706,118216,0.014164305949008499,5.0,0.007604865354451947
13955,2021-02-21,Madison,10,3775,280,118496,0.03571428571428571,5.0,0.008910696720278785
13956,2021-02-22,Madison,8,3783,1080,119576,0.007407407407407408,5.0,0.008514157014883787
13957,2021-02-23,Madison,9,3792,1314,120890,0.00684931506849315,4.0,0.007804353038104349
13958,2021-02-24,Madison,14,3806,1136,122026,0.01232394366197183,5.0,0.006961577084134919
13959,2021-02-25,Madison,11,3817,2727,124753,0.004033736707004034,5.0,0.006695991278599769
13960,2021-02-26,Madison,16,3833,786,125539,0.020356234096692113,5.0,0.007203516328918767
13961,2021-02-27,Madison,11,3844,1137,126676,0.009674582233948988,5.0,0.006882821777843088
13962,2021-02-28,Madison,4,3848,556,127232,0.007194244604316547,5.0,0.004845675984273863
13963,2021-03-01,Madison,6,3854,233,127465,0.02575107296137339,5.0,0.006155937809557146
13964,2021-03-02,Madison,9,3863,997,128462,0.009027081243731194,5.0,0.006311492536359864
13965,2021-03-03,Madison,6,3869,1770,130232,0.003389830508474576,4.0,0.005673341596824346
13966,2021-03-04,Madison,13,3882,1726,131958,0.007531865585168019,4.0,0.00592320794526463
13967,2021-03-05,Madison,11,3893,917,132875,0.011995637949836423,4.0,0.005326022506203509
13968,2021-03-06,Madison,3,3896,597,133472,0.005025125628140704,3.0,0.00499391846293149
13969,2021-03-07,Madison,2,3898,592,134064,0.0033783783783783786,3.0,0.004721356589650192
13970,2021-03-08,Madison,3,3901,549,134613,0.00546448087431694,3.0,0.003272314297717588
13971,2021-03-09,Madison,7,3908,855,135468,0.008187134502923977,3.0,0.0032123181019456442
13972,2021-03-10,Madison,5,3913,1913,137381,0.0026136957658128594,3.0,0.0031568799060412355
13973,2021-03-11,Madison,8,3921,1648,139029,0.0048543689320388345,2.0,0.002965630145103437
13974,2021-03-12,Madison,2,3923,805,139834,0.002484472049689441,2.0,0.002286261152235795
13975,2021-03-13,Madison,14,3937,898,140732,0.015590200445434299,2.0,0.003040909353471052
13976,2021-03-14,Madison,7,3944,384,141116,0.018229166666666668,3.0,0.004101679945491645
13977,2021-03-15,Madison,5,3949,695,141811,0.007194244604316547,3.0,0.004225234497634473
13978,2021-03-16,Madison,7,3956,891,142702,0.007856341189674524,3.0,0.00420160640383094
13979,2021-03-17,Madison,11,3967,1948,144650,0.005646817248459959,3.0,0.004418257938305734
13980,2021-03-18,Madison,7,3974,1457,146107,0.004804392587508579,3.0,0.004414688199410715
13981,2021-03-19,Madison,8,3982,880,146987,0.00909090909090909,4.0,0.004886576559497834
13982,2021-03-20,Madison,11,3993,607,147594,0.018121911037891267,4.0,0.005067413030387617
13983,2021-03-21,Madison,2,3995,761,148355,0.002628120893561104,3.0,0.003953052618022934
13984,2021-03-22,Madison,6,4001,247,148602,0.024291497975708502,3.0,0.005174285001693787
13985,2021-03-23,Madison,16,4017,915,149517,0.017486338797814208,4.0,0.005862141973703765
13986,2021-03-24,Madison,12,4029,1861,151378,0.006448146157979581,4.0,0.005919379752955167
13987,2021-03-25,Madison,18,4047,1875,153253,0.0096,5.0,0.006261923139561697
13988,2021-03-26,Madison,22,4069,1841,155094,0.011950027159152634,6.0,0.006466145858721949
13989,2021-03-27,Madison,12,4081,769,155863,0.015604681404421327,6.0,0.006286343742045525
13990,2021-03-28,Madison,5,4086,442,156305,0.011312217194570135,6.0,0.006906636334974742
13991,2021-03-29,Madison,8,4094,726,157031,0.011019283746556474,6.0,0.005958621032892454
13992,2021-03-30,Madison,11,4105,577,157608,0.019064124783362217,6.0,0.006071320031860168
13993,2021-03-31,Madison,11,4116,1366,158974,0.008052708638360176,6.0,0.006185931637601641
13994,2021-04-01,Madison,14,4130,1905,160879,0.007349081364829396,5.0,0.006025151735089455
13995,2021-04-02,Madison,8,4138,1388,162267,0.005763688760806916,4.0,0.005583270420921903
13996,2021-04-03,Madison,8,4146,441,162708,0.018140589569160998,4.0,0.005764406718403308
13997,2021-04-04,Madison,9,4155,334,163042,0.02694610778443114,4.0,0.0068811131891076665
13998,2021-04-05,Madison,6,4161,616,163658,0.00974025974025974,4.0,0.0067897543315150405
13999,2021-04-06,Madison,12,4173,941,164599,0.012752391073326248,4.0,0.0063389162093696145
14000,2021-04-07,Madison,15,4188,1885,166484,0.007957559681697613,5.0,0.006332119855322289
14001,2021-04-08,Madison,13,4201,1734,168218,0.007497116493656286,5.0,0.0063426937930956395
14002,2021-04-09,Madison,17,4218,1219,169437,0.01394585726004922,5.0,0.006927134400184374
14003,2021-04-10,Madison,6,4224,787,170224,0.007623888182973317,5.0,0.006175941444028112
14004,2021-04-11,Madison,7,4231,506,170730,0.01383399209486166,5.0,0.0052393617519160066
14005,2021-04-12,Madison,7,4238,610,171340,0.011475409836065573,5.0,0.0053633010444735655
14006,2021-04-13,Madison,19,4257,937,172277,0.020277481323372464,6.0,0.005900807490905438
14007,2021-04-14,Madison,16,4273,1839,174116,0.008700380641653072,6.0,0.005953866130902256
14008,2021-04-15,Madison,4,4277,1348,175464,0.002967359050445104,5.0,0.005630312027815744
14009,2021-04-16,Madison,15,4292,824,176288,0.01820388349514563,5.0,0.005934456758894058
14010,2021-04-17,Madison,10,4302,1260,177548,0.007936507936507936,5.0,0.005956786741289389
14011,2021-04-18,Madison,7,4309,439,177987,0.015945330296127564,5.0,0.006107596612808381
14012,2021-04-19,Madison,7,4316,723,178710,0.009681881051175657,5.0,0.005979487413887674
14013,2021-04-20,Madison,5,4321,971,179681,0.005149330587023687,4.0,0.004898905218434189
14014,2021-04-21,Madison,5,4326,1737,181418,0.0028785261945883708,3.0,0.0044830584722152815
14015,2021-04-22,Madison,10,4336,837,182255,0.011947431302270013,4.0,0.00512449220448849
14016,2021-04-23,Madison,9,4345,1306,183561,0.006891271056661562,3.0,0.0043164484588824855
14017,2021-04-24,Madison,6,4351,684,184245,0.008771929824561403,3.0,0.004376121450886304
14018,2021-04-25,Madison,5,4356,419,184664,0.011933174224343675,3.0,0.004089538874330312
14019,2021-04-26,Madison,3,4359,588,185252,0.00510204081632653,3.0,0.0037624074289839453
14020,2021-04-27,Madison,5,4364,764,186016,0.006544502617801047,3.0,0.0038620625740394716
14021,2021-04-28,Madison,8,4372,925,186941,0.008648648648648649,3.0,0.00427421417790092
14022,2021-04-29,Madison,6,4378,1107,188048,0.005420054200542005,3.0,0.0038079729563489195
14023,2021-04-30,Madison,7,4385,1277,189325,0.00548159749412686,2.0,0.0037072819875964406
14024,2021-05-01,Madison,11,4396,712,190037,0.01544943820224719,3.0,0.004184246871716854
14025,2021-05-02,Madison,2,4398,507,190544,0.0039447731755424065,3.0,0.0036136467968024776
14026,2021-05-03,Madison,2,4400,161,190705,0.012422360248447204,2.0,0.004136526756239669
14027,2021-05-04,Madison,4,4404,562,191267,0.0071174377224199285,2.0,0.004177450692283875
14028,2021-05-05,Madison,7,4411,714,191981,0.00980392156862745,2.0,0.004259970186568074
14029,2021-05-06,Madison,3,4414,464,192445,0.00646551724137931,2.0,0.004334646118056454
14030,2021-05-07,Madison,7,4421,712,193157,0.009831460674157303,2.0,0.004645350630915771
14031,2021-05-08,Madison,5,4426,447,193604,0.011185682326621925,2.0,0.00434079663979968
14032,2021-05-09,Madison,8,4434,292,193896,0.0273972602739726,2.0,0.006015974289687551
14033,2021-05-10,Madison,6,4440,400,194296,0.015,2.0,0.006200091414798466
14034,2021-05-11,Madison,9,4449,477,194773,0.018867924528301886,3.0,0.007039411900932891
14035,2021-05-12,Madison,9,4458,565,195338,0.01592920353982301,3.0,0.0074769320417325735
14036,2021-05-13,Madison,7,4465,866,196204,0.008083140877598153,3.0,0.007592476587176776
14037,2021-05-14,Madison,6,4471,508,196712,0.011811023622047244,3.0,0.007733873940597487
14038,2021-05-15,Madison,6,4477,353,197065,0.0169971671388102,3.0,0.008148979998610934
14039,2021-05-16,Madison,5,4482,147,197212,0.034013605442176874,3.0,0.008621576082054097
14040,2021-05-17,Madison,3,4485,173,197385,0.017341040462427744,3.0,0.008788793257941793
14041,2021-05-18,Madison,9,4494,547,197932,0.016453382084095063,3.0,0.008616325940498448
14042,2021-05-19,Madison,3,4497,334,198266,0.008982035928143712,2.0,0.008120099682521356
14043,2021-05-20,Madison,5,4502,484,198750,0.010330578512396695,2.0,0.008280630942149824
14044,2021-05-21,Madison,4,4506,287,199037,0.013937282229965157,2.0,0.008432506557001103
14045,2021-05-22,Madison,7,4513,359,199396,0.019498607242339833,2.0,0.008611180850110364
14046,2021-05-23,Madison,4,4517,138,199534,0.028985507246376812,2.0,0.008252030978981787
14047,2021-05-24,Madison,2,4519,136,199670,0.014705882352941176,2.0,0.008063805399732745
14048,2021-05-25,Madison,7,4526,435,200105,0.016091954022988506,2.0,0.008037989109653707
14049,2021-05-26,Madison,6,4532,316,200421,0.0189873417721519,2.0,0.008752653812797148
14050,2021-05-27,Madison,1,4533,517,200938,0.0019342359767891683,2.0,0.008152915060253754
14051,2021-05-28,Madison,6,4539,342,201280,0.017543859649122806,2.0,0.008410527733050729
14052,2021-05-29,Madison,2,4541,201,201481,0.009950248756218905,2.0,0.007728502126899234
14053,2021-05-30,Madison,5,4546,96,201577,0.052083333333333336,2.0,0.00937834684739613
14054,2021-05-31,Madison,0,4546,56,201633,0.0,1.0,0.008327926679328902
14055,2021-06-01,Madison,0,4546,169,201802,0.0,1.0,0.007178501391972581
14056,2021-06-02,Madison,0,4546,443,202245,0.0,1.0,0.00582226269396173
14057,2021-06-03,Madison,2,4548,509,202754,0.003929273084479371,1.0,0.005964765344511029
14058,2021-06-04,Madison,4,4552,415,203169,0.00963855421686747,0.0,0.005400100670778506
14059,2021-06-05,Madison,1,4553,178,203347,0.0056179775280898875,0.0,0.0050906527259121466
14060,2021-06-06,Madison,0,4553,118,203465,0.0,0.0,0.001370414630674052
14061,2021-06-07,Madison,1,4554,244,203709,0.004098360655737705,0.0,0.0016631546775124598
14062,2021-06-08,Madison,2,4556,351,204060,0.005698005698005698,0.0,0.0020701550845128665
14063,2021-06-09,Madison,4,4560,305,204365,0.013114754098360656,1.0,0.003006923234395771
14064,2021-06-10,Madison,0,4560,387,204752,0.0,0.0,0.0027262608712186726
14065,2021-06-11,Madison,0,4560,221,204973,0.0,0.0,0.0020377927128709962
14066,2021-06-12,Madison,2,4562,270,205243,0.007407407407407408,0.0,0.0021656091328222478
14067,2021-06-13,Madison,0,4562,78,205321,0.0,0.0,0.0021656091328222478
14068,2021-06-14,Madison,0,4562,95,205416,0.0,0.0,0.0018728690859838402
14069,2021-06-15,Madison,0,4562,237,205653,0.0,0.0,0.001465868678983433
14070,2021-06-16,Madison,2,4564,230,205883,0.008695652173913044,0.0,0.0011502185415228894
14071,2021-06-17,Madison,0,4564,218,206101,0.0,0.0,0.0011502185415228894
14072,2021-06-18,Madison,1,4565,204,206305,0.004901960784313725,0.0,0.0015003585975452982
14073,2021-06-19,Madison,0,4565,116,206421,0.0,0.0,0.0009712580684447692
14074,2021-06-20,Madison,0,4565,56,206477,0.0,0.0,0.0009712580684447692
14075,2021-06-21,Madison,1,4566,120,206597,0.008333333333333333,0.0,0.0015664961636828645
14076,2021-06-22,Madison,1,4567,219,206816,0.0045662100456621,0.0,0.0018926540240873002
14077,2021-06-23,Madison,1,4568,199,207015,0.005025125628140704,0.0,0.001630473556532133
14078,2021-06-24,Madison,0,4568,115,207130,0.0,0.0,0.001630473556532133
14079,2021-06-25,Madison,2,4570,224,207354,0.008928571428571428,0.0,0.0019180886025505406
14080,2021-06-26,Madison,0,4570,166,207520,0.0,0.0,0.0019180886025505406
14081,2021-06-27,Madison,0,4570,60,207580,0.0,0.0,0.0019180886025505406
14082,2021-06-28,Madison,0,4570,77,207657,0.0,0.0,0.0013228505073124453
14083,2021-06-29,Madison,0,4570,106,207763,0.0,0.0,0.0009966926469080096
14084,2021-06-30,Madison,0,4570,123,207886,0.0,0.0,0.0006377551020408163
14085,2021-07-01,Madison,0,4570,194,208080,0.0,0.0,0.0006377551020408163
14086,2021-07-02,Madison,0,4570,232,208312,0.0,0.0,0.0
14087,2021-07-03,Madison,1,4571,103,208415,0.009708737864077669,0.0,0.0006934812760055478
14088,2021-07-04,Madison,0,4571,47,208462,0.0,0.0,0.0006934812760055478
14089,2021-07-05,Madison,0,4571,54,208516,0.0,0.0,0.0006934812760055478
14090,2021-07-06,Madison,1,4572,66,208582,0.015151515151515152,0.0,0.00177573235825663
14091,2021-07-07,Madison,0,4572,178,208760,0.0,0.0,0.00177573235825663
14092,2021-07-08,Madison,1,4573,183,208943,0.00546448087431694,0.0,0.00216605242070784
14093,2021-07-09,Madison,1,4574,201,209144,0.004975124378109453,0.0,0.002521418447715658
14094,2021-07-10,Madison,0,4574,87,209231,0.0,0.0,0.0018279371717101103
14095,2021-07-11,Madison,3,4577,84,209315,0.03571428571428571,0.0,0.004378957579873375
14096,2021-07-12,Madison,2,4579,73,209388,0.0273972602739726,0.0,0.00633590474229999
14097,2021-07-13,Madison,3,4582,111,209499,0.02702702702702703,0.0,0.007184155590550839
14098,2021-07-14,Madison,2,4584,230,209729,0.008695652173913044,0.0,0.0078052736029732
14099,2021-07-15,Madison,1,4585,139,209868,0.007194244604316547,0.0,0.007928828155116028
14100,2021-07-16,Madison,1,4586,84,209952,0.011904761904761904,0.0,0.008423802264162632
14101,2021-07-17,Madison,4,4590,131,210083,0.030534351145038167,1.0,0.010604827345951072
14102,2021-07-18,Madison,2,4592,36,210119,0.05555555555555555,1.0,0.012022060906041774
14103,2021-07-19,Madison,2,4594,72,210191,0.027777777777777776,1.0,0.012049240727742145
14104,2021-07-20,Madison,2,4596,105,210296,0.01904761904761905,1.0,0.011479283014927288
14105,2021-07-21,Madison,1,4597,112,210408,0.008928571428571428,0.0,0.011495920104545745
14106,2021-07-22,Madison,2,4599,117,210525,0.017094017094017096,1.0,0.012203046710952927
14107,2021-07-23,Madison,0,4599,92,210617,0.0,0.0,0.011352706574898504
14108,2021-07-24,Madison,2,4601,101,210718,0.019801980198019802,0.0,0.010586108650111479
14109,2021-07-25,Madison,0,4601,46,210764,0.0,0.0,0.00661785468185751
14110,2021-07-26,Madison,2,4603,76,210840,0.02631578947368421,0.0,0.006513426945850828
14111,2021-07-27,Madison,1,4604,93,210933,0.010752688172043012,0.0,0.005920931883309681
14112,2021-07-28,Madison,1,4605,125,211058,0.008,0.0,0.005854605352697438
14113,2021-07-29,Madison,1,4606,182,211240,0.005494505494505495,0.0,0.005026068809875181
14114,2021-07-30,Madison,4,4610,101,211341,0.039603960396039604,0.0,0.007854923123878008
14115,2021-07-31,Madison,2,4612,126,211467,0.015873015873015872,0.0,0.007574282814949157
14116,2021-08-01,Madison,1,4613,55,211522,0.01818181818181818,0.0,0.008872984113650456
14117,2021-08-02,Madison,6,4619,97,211619,0.061855670103092786,1.0,0.01141154701575107
14118,2021-08-03,Madison,8,4627,200,211819,0.04,1.0,0.013500640717747998
14119,2021-08-04,Madison,4,4631,161,211980,0.024844720496894408,1.0,0.01470383503895474
14120,2021-08-05,Madison,6,4637,206,212186,0.02912621359223301,2.0,0.01639181418879242
14121,2020-03-01,Monroe,0,0,0,0,,,
14122,2020-03-02,Monroe,0,0,0,0,,,
14123,2020-03-03,Monroe,0,0,0,0,,,
14124,2020-03-04,Monroe,0,0,0,0,,,
14125,2020-03-05,Monroe,0,0,0,0,,,
14126,2020-03-06,Monroe,0,0,0,0,,,
14127,2020-03-07,Monroe,0,0,2,2,0.0,0.0,
14128,2020-03-08,Monroe,0,0,1,3,0.0,0.0,
14129,2020-03-09,Monroe,0,0,0,3,,0.0,
14130,2020-03-10,Monroe,0,0,0,3,,0.0,
14131,2020-03-11,Monroe,0,0,0,3,,0.0,
14132,2020-03-12,Monroe,1,1,10,13,0.1,0.0,
14133,2020-03-13,Monroe,1,2,4,17,0.25,0.0,
14134,2020-03-14,Monroe,0,2,2,19,0.0,0.0,
14135,2020-03-15,Monroe,7,9,39,58,0.1794871794871795,0.0,
14136,2020-03-16,Monroe,1,10,29,87,0.034482758620689655,0.0,
14137,2020-03-17,Monroe,4,14,75,162,0.05333333333333334,1.0,
14138,2020-03-18,Monroe,13,27,153,315,0.08496732026143791,1.0,0.05016218512161717
14139,2020-03-19,Monroe,5,32,193,508,0.025906735751295335,2.0,0.044869809103852555
14140,2020-03-20,Monroe,10,42,148,656,0.06756756756756757,2.0,0.03183892107296452
14141,2020-03-21,Monroe,15,57,246,902,0.06097560975609756,3.0,0.03619432176982863
14142,2020-03-22,Monroe,19,76,416,1318,0.04567307692307692,4.0,0.02663617158667845
14143,2020-03-23,Monroe,20,96,219,1537,0.091324200913242,6.0,0.030696274607575045
14144,2020-03-24,Monroe,22,118,172,1709,0.12790697674418605,7.0,0.03602296342263595
14145,2020-03-25,Monroe,21,139,255,1964,0.08235294117647059,8.0,0.035836222059424
14146,2020-03-26,Monroe,21,160,232,2196,0.09051724137931035,9.0,0.04045125817571078
14147,2020-03-27,Monroe,32,192,253,2449,0.12648221343873517,10.0,0.04465944716650848
14148,2020-03-28,Monroe,27,219,282,2731,0.09574468085106383,11.0,0.04714295224472035
14149,2020-03-29,Monroe,23,242,129,2860,0.17829457364341086,11.0,0.056615916296172776
14150,2020-03-30,Monroe,50,292,383,3243,0.13054830287206268,14.0,0.05941763786465997
14151,2020-03-31,Monroe,57,349,356,3599,0.1601123595505618,16.0,0.06171802235082967
14152,2020-04-01,Monroe,71,420,381,3980,0.18635170603674542,20.0,0.069146505555135
14153,2020-04-02,Monroe,44,464,336,4316,0.13095238095238096,21.0,0.07203472981035433
14154,2020-04-03,Monroe,48,512,328,4644,0.14634146341463414,22.0,0.07345324766577568
14155,2020-04-04,Monroe,36,548,277,4921,0.1299638989169675,23.0,0.07589747752762596
14156,2020-04-05,Monroe,26,574,225,5146,0.11555555555555555,23.0,0.07141611909277915
14157,2020-04-06,Monroe,22,596,305,5451,0.07213114754098361,21.0,0.06724346514055922
14158,2020-04-07,Monroe,55,651,420,5871,0.13095238095238096,21.0,0.06516060952640344
14159,2020-04-08,Monroe,47,698,382,6253,0.12303664921465969,19.0,0.06063810546768302
14160,2020-04-09,Monroe,44,742,380,6633,0.11578947368421053,19.0,0.05955504066281371
14161,2020-04-10,Monroe,25,767,284,6917,0.0880281690140845,18.0,0.05538980534848874
14162,2020-04-11,Monroe,31,798,220,7137,0.1409090909090909,17.0,0.056171604776497554
14163,2020-04-12,Monroe,25,823,157,7294,0.1592356687898089,17.0,0.059291612864658505
14164,2020-04-13,Monroe,27,850,304,7598,0.08881578947368421,18.0,0.060483373002708556
14165,2020-04-14,Monroe,34,884,353,7951,0.09631728045325778,16.0,0.05800943725277118
14166,2020-04-15,Monroe,48,932,259,8210,0.18532818532818532,16.0,0.06245883268945158
14167,2020-04-16,Monroe,43,975,296,8506,0.14527027027027026,16.0,0.06456460387417014
14168,2020-04-17,Monroe,33,1008,260,8766,0.12692307692307692,17.0,0.0673428115819553
14169,2020-04-18,Monroe,24,1032,202,8968,0.1188118811881188,16.0,0.06576443945902873
14170,2020-04-19,Monroe,22,1054,188,9156,0.11702127659574468,16.0,0.06274912573088129
14171,2020-04-20,Monroe,16,1070,229,9385,0.06986899563318777,15.0,0.06139578331370297
14172,2020-04-21,Monroe,42,1112,409,9794,0.10268948655256724,16.0,0.06185094089222507
14173,2020-04-22,Monroe,40,1152,500,10294,0.08,15.0,0.05432749908306898
14174,2020-04-23,Monroe,47,1199,470,10764,0.1,16.0,0.051093908349478245
14175,2020-04-24,Monroe,86,1285,1134,11898,0.07583774250440917,19.0,0.04744495589100197
14176,2020-04-25,Monroe,31,1316,341,12239,0.09090909090909091,20.0,0.045451899442499985
14177,2020-04-26,Monroe,15,1331,234,12473,0.0641025641025641,19.0,0.0416719914072728
14178,2020-04-27,Monroe,40,1371,543,13016,0.07366482504604052,21.0,0.04194312207961942
14179,2020-04-28,Monroe,33,1404,530,13546,0.062264150943396226,20.0,0.03905559810753578
14180,2020-04-29,Monroe,37,1441,469,14015,0.07889125799573561,20.0,0.038976402250088325
14181,2020-04-30,Monroe,37,1478,579,14594,0.06390328151986183,19.0,0.036398065215792745
14182,2020-05-01,Monroe,56,1534,520,15114,0.1076923076923077,17.0,0.03867339130064264
14183,2020-05-02,Monroe,32,1566,571,15685,0.05604203152364273,17.0,0.03618288705882491
14184,2020-05-03,Monroe,29,1595,914,16599,0.03172866520787746,18.0,0.033870465709204434
14185,2020-05-04,Monroe,28,1623,721,17320,0.038834951456310676,18.0,0.0313826175956523
14186,2020-05-05,Monroe,32,1655,842,18162,0.03800475059382423,17.0,0.029649803284968586
14187,2020-05-06,Monroe,33,1688,1088,19250,0.030330882352941176,17.0,0.02618120502476898
14188,2020-05-07,Monroe,47,1735,1042,20292,0.045105566218809984,18.0,0.024838511074693852
14189,2020-05-08,Monroe,40,1775,1114,21406,0.03590664272890485,17.0,0.019710963577307932
14190,2020-05-09,Monroe,46,1821,1148,22554,0.04006968641114982,18.0,0.018570081783558446
14191,2020-05-10,Monroe,29,1850,864,23418,0.03356481481481482,18.0,0.018701235326911113
14192,2020-05-11,Monroe,40,1890,797,24215,0.050188205771643665,19.0,0.019512182063720608
14193,2020-05-12,Monroe,69,1959,1423,25638,0.04848910751932537,21.0,0.02026106470125641
14194,2020-05-13,Monroe,60,2019,1401,27039,0.042826552462526764,23.0,0.021153612566226807
14195,2020-05-14,Monroe,72,2091,1332,28371,0.05405405405405406,25.0,0.021792790268744238
14196,2020-05-15,Monroe,101,2192,1427,29798,0.07077785564120533,29.0,0.024283591191051418
14197,2020-05-16,Monroe,66,2258,1508,31306,0.04376657824933687,31.0,0.024547654893779063
14198,2020-05-17,Monroe,45,2303,1324,32630,0.033987915407854986,32.0,0.024577876364710507
14199,2020-05-18,Monroe,73,2376,1304,33934,0.05598159509202454,34.0,0.02499168988759485
14200,2020-05-19,Monroe,89,2465,2033,35967,0.043777668470241025,36.0,0.02465515852694597
14201,2020-05-20,Monroe,65,2530,1852,37819,0.03509719222462203,36.0,0.02410306136709563
14202,2020-05-21,Monroe,71,2601,2061,39880,0.03444929645803008,36.0,0.022702721538808205
14203,2020-05-22,Monroe,60,2661,1198,41078,0.05008347245409015,33.0,0.021224551311157126
14204,2020-05-23,Monroe,36,2697,846,41924,0.0425531914893617,31.0,0.02113788082830175
14205,2020-05-24,Monroe,36,2733,1729,43653,0.020821283979178717,30.0,0.020197407154824872
14206,2020-05-25,Monroe,29,2762,1595,45248,0.01818181818181818,27.0,0.017497423089810133
14207,2020-05-26,Monroe,29,2791,1297,46545,0.02235929067077872,23.0,0.015967538961277113
14208,2020-05-27,Monroe,33,2824,1632,48177,0.02022058823529412,21.0,0.014904924390610834
14209,2020-05-28,Monroe,36,2860,1127,49304,0.03194321206743567,18.0,0.014725918362711232
14210,2020-05-29,Monroe,49,2909,1322,50626,0.037065052950075644,17.0,0.013796031255281626
14211,2020-05-30,Monroe,33,2942,2828,53454,0.01166902404526167,17.0,0.011590019294988764
14212,2020-05-31,Monroe,22,2964,1994,55448,0.011033099297893681,16.0,0.010890863246325549
14213,2020-06-01,Monroe,25,2989,2340,57788,0.010683760683760684,16.0,0.010355287710750014
14214,2020-06-02,Monroe,59,3048,3979,61767,0.014827846192510681,18.0,0.009817327390873725
14215,2020-06-03,Monroe,33,3081,2854,64621,0.011562718990889979,18.0,0.009198908159130572
14216,2020-06-04,Monroe,36,3117,2438,67059,0.014766201804757998,18.0,0.007971978854653596
14217,2020-06-05,Monroe,50,3167,4685,71744,0.010672358591248666,18.0,0.006086786400451669
14218,2020-06-06,Monroe,23,3190,3231,74975,0.007118539151965335,17.0,0.005761751765216217
14219,2020-06-07,Monroe,13,3203,2881,77856,0.004512322110378341,17.0,0.005295981966107977
14220,2020-06-08,Monroe,40,3243,3245,81101,0.012326656394453005,18.0,0.005413331659728858
14221,2020-06-09,Monroe,12,3255,2985,84086,0.004020100502512563,14.0,0.004641349824728991
14222,2020-06-10,Monroe,38,3293,2680,86766,0.014179104477611941,15.0,0.00482823450235199
14223,2020-06-11,Monroe,27,3320,3200,89966,0.0084375,14.0,0.0043761843734407046
14224,2020-06-12,Monroe,20,3340,2748,92714,0.00727802037845706,12.0,0.004133731643955589
14225,2020-06-13,Monroe,30,3370,3306,96020,0.009074410163339383,12.0,0.004273436716196593
14226,2020-06-14,Monroe,10,3380,2541,98561,0.003935458480913027,12.0,0.004232232171234784
14227,2020-06-15,Monroe,22,3402,2556,101117,0.008607198748043818,11.0,0.0039665566250627
14228,2020-06-16,Monroe,16,3418,2668,103785,0.005997001499250375,11.0,0.004107763839115401
14229,2020-06-17,Monroe,21,3439,1704,105489,0.01232394366197183,10.0,0.003975252352283964
14230,2020-06-18,Monroe,22,3461,1725,107214,0.012753623188405797,10.0,0.004283546865741521
14231,2020-06-19,Monroe,26,3487,2028,109242,0.01282051282051282,10.0,0.004679439183031217
14232,2020-06-20,Monroe,11,3498,2118,111360,0.005193578847969783,9.0,0.004402236946219103
14233,2020-06-21,Monroe,14,3512,1708,113068,0.00819672131147541,9.0,0.0047066128626878445
14234,2020-06-22,Monroe,28,3540,2314,115382,0.012100259291270527,9.0,0.004956117187204039
14235,2020-06-23,Monroe,27,3567,1882,117264,0.014346439957492029,10.0,0.005552505648507014
14236,2020-06-24,Monroe,35,3602,2174,119438,0.01609935602575897,11.0,0.005822177960206096
14237,2020-06-25,Monroe,39,3641,2194,121632,0.017775752051048314,12.0,0.006180901450394846
14238,2020-06-26,Monroe,35,3676,2250,123882,0.015555555555555555,13.0,0.006376261645755042
14239,2020-06-27,Monroe,14,3690,2107,125989,0.006644518272425249,13.0,0.00647990017607329
14240,2020-06-28,Monroe,19,3709,2132,128121,0.008911819887429643,14.0,0.006530978645784307
14241,2020-06-29,Monroe,33,3742,2744,130865,0.012026239067055394,14.0,0.006525691486911797
14242,2020-06-30,Monroe,38,3780,2184,133049,0.0173992673992674,15.0,0.006743750589895752
14243,2020-07-01,Monroe,53,3833,2715,135764,0.019521178637200737,16.0,0.006988166490713021
14244,2020-07-02,Monroe,52,3885,2605,138369,0.019961612284069098,17.0,0.007144299364500221
14245,2020-07-03,Monroe,37,3922,4769,143138,0.007758439924512477,17.0,0.0065873625337114295
14246,2020-07-04,Monroe,31,3953,2830,145968,0.010954063604240283,18.0,0.006895187200269646
14247,2020-07-05,Monroe,21,3974,1765,147733,0.01189801699716714,18.0,0.007108486993822325
14248,2020-07-06,Monroe,30,4004,2481,150214,0.012091898428053204,18.0,0.00711317694817931
14249,2020-07-07,Monroe,42,4046,2511,152725,0.016726403823178016,19.0,0.007065115264172925
14250,2020-07-08,Monroe,28,4074,2744,155469,0.01020408163265306,17.0,0.0063996083352766625
14251,2020-07-09,Monroe,46,4120,2501,157970,0.018392642942822873,16.0,0.006287539096616218
14252,2020-07-10,Monroe,33,4153,2660,160630,0.012406015037593985,16.0,0.006619508747550612
14253,2020-07-11,Monroe,24,4177,2666,163296,0.00900225056264066,16.0,0.006480093530293495
14254,2020-07-12,Monroe,23,4200,2037,165333,0.011291114383897889,16.0,0.006436743343631405
14255,2020-07-13,Monroe,47,4247,3260,168593,0.01441717791411043,17.0,0.006602834735492636
14256,2020-07-14,Monroe,34,4281,2854,171447,0.011913104414856343,16.0,0.0062590276348982316
14257,2020-07-15,Monroe,36,4317,3270,174717,0.011009174311926606,17.0,0.006316534254846342
14258,2020-07-16,Monroe,36,4353,3172,177889,0.011349306431273645,16.0,0.005813438789735683
14259,2020-07-17,Monroe,30,4383,3061,180950,0.009800718719372754,16.0,0.005627346195577023
14260,2020-07-18,Monroe,18,4401,1762,182712,0.01021566401816118,16.0,0.005714018585257061
14261,2020-07-19,Monroe,21,4422,2383,185095,0.008812421317666807,15.0,0.005536969080526269
14262,2020-07-20,Monroe,30,4452,3247,188342,0.009239297813366184,14.0,0.00516712050190168
14263,2020-07-21,Monroe,40,4492,2772,191114,0.01443001443001443,15.0,0.005346899788698686
14264,2020-07-22,Monroe,19,4511,2471,193585,0.007689194658033185,13.0,0.005109758384849157
14265,2020-07-23,Monroe,26,4537,3625,197210,0.007172413793103448,13.0,0.004811408910694142
14266,2020-07-24,Monroe,32,4569,2654,199864,0.012057272042200452,13.0,0.004972591290896121
14267,2020-07-25,Monroe,22,4591,2611,202475,0.008425890463423975,13.0,0.004844750322700606
14268,2020-07-26,Monroe,29,4620,2887,205362,0.010045029442327675,14.0,0.004932793760176382
14269,2020-07-27,Monroe,12,4632,3058,208420,0.003924133420536298,12.0,0.004553139160688532
14270,2020-07-28,Monroe,24,4656,3644,212064,0.006586169045005488,11.0,0.003992864490330751
14271,2020-07-29,Monroe,21,4677,2914,214978,0.007206588881262869,11.0,0.003958392649132871
14272,2020-07-30,Monroe,33,4710,3785,218763,0.008718626155878468,12.0,0.004068836389331087
14273,2020-07-31,Monroe,32,4742,2971,221734,0.010770784247728038,12.0,0.0039769444040116285
14274,2020-08-01,Monroe,26,4768,2679,224413,0.009705113848450915,12.0,0.0040683175029421256
14275,2020-08-02,Monroe,22,4790,2384,226797,0.009228187919463088,12.0,0.004009971679880369
14276,2020-08-03,Monroe,31,4821,2308,229105,0.013431542461005199,13.0,0.004689072325628148
14277,2020-08-04,Monroe,20,4841,3199,232304,0.006251953735542357,13.0,0.004665199803523638
14278,2020-08-05,Monroe,27,4868,3627,235931,0.007444168734491315,13.0,0.004682169793039956
14279,2020-08-06,Monroe,33,4901,3410,239341,0.00967741935483871,13.0,0.004750655021537116
14280,2020-08-07,Monroe,21,4922,2608,241949,0.008052147239263804,12.0,0.004556466663789671
14281,2020-08-08,Monroe,34,4956,3016,244965,0.011273209549071617,13.0,0.004668473499548292
14282,2020-08-09,Monroe,20,4976,2581,247546,0.0077489345215032935,13.0,0.004562812542551164
14283,2020-08-10,Monroe,26,5002,3833,251379,0.006783198539003391,12.0,0.004087930833836749
14284,2020-08-11,Monroe,33,5035,4321,255700,0.007637121036797038,13.0,0.004186871355354941
14285,2020-08-12,Monroe,44,5079,5806,261506,0.007578367206338271,15.0,0.004196456960486867
14286,2020-08-13,Monroe,43,5122,4457,265963,0.009647745120035899,15.0,0.004194337372286665
14287,2020-08-14,Monroe,21,5143,4144,270107,0.005067567567567568,15.0,0.0039811531100226475
14288,2020-08-15,Monroe,22,5165,3599,273706,0.006112809113642679,14.0,0.0036125530789205816
14289,2020-08-16,Monroe,18,5183,2882,276588,0.006245662734212352,14.0,0.003505176522685514
14290,2020-08-17,Monroe,30,5213,3645,280233,0.00823045267489712,15.0,0.0036085518181064946
14291,2020-08-18,Monroe,28,5241,3503,283736,0.00799314872966029,14.0,0.003633982367596727
14292,2020-08-19,Monroe,15,5256,2807,286543,0.005343783398646241,12.0,0.003474369238475868
14293,2020-08-20,Monroe,17,5273,4549,291092,0.003737085073642559,10.0,0.0030521792351620586
14294,2020-08-21,Monroe,24,5297,3649,294741,0.006577144423129624,11.0,0.003160006153416491
14295,2020-08-22,Monroe,20,5317,3748,298489,0.005336179295624333,10.0,0.0031045325949866083
14296,2020-08-23,Monroe,13,5330,3752,302241,0.003464818763326226,10.0,0.0029059008827804567
14297,2020-08-24,Monroe,18,5348,2776,305017,0.006484149855907781,9.0,0.002781164967138361
14298,2020-08-25,Monroe,16,5364,3000,308017,0.005333333333333333,8.0,0.0025911781531150068
14299,2020-08-26,Monroe,21,5385,2660,310677,0.007894736842105263,9.0,0.00277338911336208
14300,2020-08-27,Monroe,13,5398,3205,313882,0.004056162246489859,8.0,0.0027961803399940296
14301,2020-08-28,Monroe,24,5422,3274,317156,0.007330482590103849,8.0,0.0028499902090636173
14302,2020-08-29,Monroe,21,5443,3244,320400,0.006473489519112207,9.0,0.0029312266535984656
14303,2020-08-30,Monroe,9,5452,2301,322701,0.003911342894393742,8.0,0.0029631212343890025
14304,2020-08-31,Monroe,10,5462,2325,325026,0.004301075268817204,8.0,0.0028071873353111045
14305,2020-09-01,Monroe,6,5468,2483,327509,0.0024164317358034634,7.0,0.0025988372212018274
14306,2020-09-02,Monroe,34,5502,3345,330854,0.010164424514200299,8.0,0.0027609577692086157
14307,2020-09-03,Monroe,27,5529,3118,333972,0.008659397049390635,9.0,0.0030897602551301
14308,2020-09-04,Monroe,22,5551,3310,337282,0.006646525679758308,9.0,0.0030409061901054183
14309,2020-09-05,Monroe,21,5572,3245,340527,0.0064714946070878274,9.0,0.0030407636963893916
14310,2020-09-06,Monroe,13,5585,2535,343062,0.005128205128205128,9.0,0.003127682427375919
14311,2020-09-07,Monroe,17,5602,2068,345130,0.008220502901353965,10.0,0.003407641543985687
14312,2020-09-08,Monroe,13,5615,2543,347673,0.005112072355485647,10.0,0.003600187302534415
14313,2020-09-09,Monroe,33,5648,2860,350533,0.011538461538461539,10.0,0.0036983328042673605
14314,2020-09-10,Monroe,28,5676,1976,352509,0.01417004048582996,10.0,0.004091950192584455
14315,2020-09-11,Monroe,36,5712,3722,356231,0.00967221923696937,11.0,0.004308071160956674
14316,2020-09-12,Monroe,15,5727,2553,358784,0.005875440658049354,11.0,0.004265495878882498
14317,2020-09-13,Monroe,37,5764,3760,362544,0.009840425531914894,12.0,0.004602083050576052
14318,2020-09-14,Monroe,29,5793,2933,365477,0.009887487214456188,13.0,0.004721153358654783
14319,2020-09-15,Monroe,16,5809,2678,368155,0.00597460791635549,13.0,0.004782763041574057
14320,2020-09-16,Monroe,30,5839,3927,372082,0.007639419404125287,13.0,0.00450426003197861
14321,2020-09-17,Monroe,18,5857,3330,375412,0.005405405405405406,12.0,0.003878214669091142
14322,2020-09-18,Monroe,19,5876,4380,379792,0.0043378995433789955,11.0,0.003497191833834687
14323,2020-09-19,Monroe,18,5894,3621,383413,0.004971002485501243,11.0,0.0034325891072241074
14324,2020-09-20,Monroe,17,5911,1855,385268,0.009164420485175202,10.0,0.0033843030324569863
14325,2020-09-21,Monroe,14,5925,3498,388766,0.004002287021154946,9.0,0.002963931590078326
14326,2020-09-22,Monroe,15,5940,2959,391725,0.005069280162216965,9.0,0.0028992653219255746
14327,2020-09-23,Monroe,30,5970,3426,395151,0.008756567425569177,9.0,0.0029790616091715664
14328,2020-09-24,Monroe,15,5985,3473,398624,0.004319032536711776,9.0,0.0029014635471220217
14329,2020-09-25,Monroe,17,6002,4000,402624,0.00425,9.0,0.0028951850083092363
14330,2020-09-26,Monroe,24,6026,3194,405818,0.007514088916718848,9.0,0.003076834039110494
14331,2020-09-27,Monroe,19,6045,2246,408064,0.008459483526268923,9.0,0.0030264813991886168
14332,2020-09-28,Monroe,29,6074,2901,410965,0.009996552912788694,10.0,0.0034546432485910274
14333,2020-09-29,Monroe,11,6085,4323,415288,0.002544529262086514,10.0,0.0032743038985817096
14334,2020-09-30,Monroe,36,6121,4670,419958,0.007708779443254818,10.0,0.003199461899844969
14335,2020-10-01,Monroe,39,6160,3116,423074,0.01251604621309371,12.0,0.0037849628767293933
14336,2020-10-02,Monroe,26,6186,3983,427057,0.006527742907356264,13.0,0.0039476587986834125
14337,2020-10-03,Monroe,20,6206,2865,429922,0.006980802792321117,12.0,0.003909566932655003
14338,2020-10-04,Monroe,14,6220,1451,431373,0.009648518263266712,12.0,0.003994497985297702
14339,2020-10-05,Monroe,28,6248,4277,435650,0.006546644844517185,12.0,0.0037480759804211666
14340,2020-10-06,Monroe,18,6266,4216,439866,0.004269449715370019,12.0,0.0038712845842271307
14341,2020-10-07,Monroe,50,6316,3366,443232,0.014854426619132501,13.0,0.00438168795393268
14342,2020-10-08,Monroe,33,6349,4287,447519,0.007697690692792162,13.0,0.0040375197024825685
14343,2020-10-09,Monroe,38,6387,4004,451523,0.00949050949050949,14.0,0.0042491458869935135
14344,2020-10-10,Monroe,34,6421,4015,455538,0.008468244084682441,15.0,0.00435539169359075
14345,2020-10-11,Monroe,32,6453,3867,459405,0.008275148694078097,16.0,0.004257293867220136
14346,2020-10-12,Monroe,37,6490,3713,463118,0.009964987880420145,17.0,0.00450146122692749
14347,2020-10-13,Monroe,26,6516,4189,467307,0.0062067319169252805,17.0,0.00463983852703858
14348,2020-10-14,Monroe,56,6572,3748,471055,0.014941302027748132,18.0,0.004646043913368267
14349,2020-10-15,Monroe,56,6628,3526,474581,0.01588201928530913,19.0,0.005230638812833766
14350,2020-10-16,Monroe,43,6671,4877,479458,0.008816895632561,20.0,0.005182523537266016
14351,2020-10-17,Monroe,36,6707,3486,482944,0.010327022375215147,20.0,0.00531529341516121
14352,2020-10-18,Monroe,37,6744,2606,485550,0.01419800460475825,20.0,0.005738354551638363
14353,2020-10-19,Monroe,54,6798,4109,489659,0.013141883669992699,22.0,0.005965275679464975
14354,2020-10-20,Monroe,52,6850,3269,492928,0.015907005200367086,23.0,0.006658152342567961
14355,2020-10-21,Monroe,67,6917,4833,497761,0.013863025036209394,24.0,0.00658113255745805
14356,2020-10-22,Monroe,75,6992,4453,502214,0.01684257803727824,26.0,0.0066497438968844145
14357,2020-10-23,Monroe,78,7070,4901,507115,0.015915119363395226,28.0,0.007156759877658289
14358,2020-10-24,Monroe,41,7111,3243,510358,0.012642614862781376,28.0,0.007322159341055877
14359,2020-10-25,Monroe,63,7174,3703,514061,0.017013232514177693,30.0,0.00752324704887155
14360,2020-10-26,Monroe,82,7256,4344,518405,0.018876611418047883,32.0,0.007932870459446921
14361,2020-10-27,Monroe,56,7312,3602,522007,0.015546918378678512,33.0,0.00790714997218345
14362,2020-10-28,Monroe,74,7386,5031,527038,0.014708805406479826,33.0,0.007967562855774197
14363,2020-10-29,Monroe,107,7493,4413,531451,0.02424654430092907,35.0,0.008496417588892113
14364,2020-10-30,Monroe,103,7596,4792,536243,0.02149415692821369,37.0,0.008894920272093432
14365,2020-10-31,Monroe,109,7705,4919,541162,0.022158975401504372,42.0,0.009574660310573647
14366,2020-11-01,Monroe,112,7817,4323,545485,0.02590793430488087,45.0,0.01020999615276673
14367,2020-11-02,Monroe,106,7923,4952,550437,0.021405492730210016,47.0,0.010390630532206882
14368,2020-11-03,Monroe,102,8025,3012,553449,0.03386454183266932,50.0,0.01169903220749194
14369,2020-11-04,Monroe,212,8237,4713,558162,0.04498196477827286,60.0,0.013861400734048585
14370,2020-11-05,Monroe,161,8398,4536,562698,0.035493827160493825,64.0,0.014664778081160354
14371,2020-11-06,Monroe,218,8616,5755,568453,0.03788010425716768,72.0,0.015835202890371356
14372,2020-11-07,Monroe,208,8824,5635,574088,0.03691215616681455,79.0,0.016889001516464937
14373,2020-11-08,Monroe,133,8957,2764,576852,0.04811866859623734,81.0,0.01847548253727611
14374,2020-11-09,Monroe,284,9241,6957,583809,0.04082219347419865,94.0,0.019862389733275303
14375,2020-11-10,Monroe,273,9514,5036,588845,0.05420969023034154,106.0,0.02131561461882332
14376,2020-11-11,Monroe,249,9763,4509,593354,0.0552228875582169,109.0,0.022047109103105037
14377,2020-11-12,Monroe,311,10074,6141,599495,0.050643217716984205,119.0,0.023129208428568634
14378,2020-11-13,Monroe,255,10329,6077,605572,0.04196149415830179,122.0,0.02342073627864964
14379,2020-11-14,Monroe,124,10453,2650,608222,0.04679245283018868,116.0,0.024126471754604934
14380,2020-11-15,Monroe,227,10680,5488,613710,0.041362973760932946,123.0,0.023643922123511768
14381,2020-11-16,Monroe,211,10891,5734,619444,0.03679804673875131,117.0,0.023356483070979817
14382,2020-11-17,Monroe,257,11148,6461,625905,0.039777124284166535,116.0,0.022325585503395886
14383,2020-11-18,Monroe,296,11444,9079,634984,0.032602709549509855,120.0,0.020709858502773952
14384,2020-11-19,Monroe,289,11733,8283,643267,0.034890740070022935,118.0,0.019584681527991005
14385,2020-11-20,Monroe,359,12092,8977,652244,0.03999108833686087,125.0,0.019443938255030938
14386,2020-11-21,Monroe,314,12406,11508,663752,0.027285366701425097,139.0,0.018050574960119255
14387,2020-11-22,Monroe,365,12771,9922,673674,0.03678693811731506,149.0,0.017723715271289405
14388,2020-11-23,Monroe,283,13054,6746,680420,0.041950785650756,154.0,0.01809176805071831
14389,2020-11-24,Monroe,363,13417,5932,686352,0.06119352663519892,162.0,0.01962151107579205
14390,2020-11-25,Monroe,400,13817,6396,692748,0.06253908692933083,169.0,0.021759823745779266
14391,2020-11-26,Monroe,521,14338,8448,701196,0.06167140151515151,186.0,0.023672728134717023
14392,2020-11-27,Monroe,365,14703,4539,705735,0.08041418814716898,186.0,0.026560092406881886
14393,2020-11-28,Monroe,435,15138,5727,711462,0.07595599790466212,195.0,0.030036566064255955
14394,2020-11-29,Monroe,522,15660,6761,718223,0.07720751368140807,206.0,0.032923750033119745
14395,2020-11-30,Monroe,400,16060,6342,724565,0.0630715862503942,214.0,0.03443237864737962
14396,2020-12-01,Monroe,528,16588,10830,735395,0.04875346260387812,226.0,0.033543802645142416
14397,2020-12-02,Monroe,539,17127,7402,742797,0.072818157254796,236.0,0.03427802195410421
14398,2020-12-03,Monroe,783,17910,8227,751024,0.09517442567156922,255.0,0.036671095108134044
14399,2020-12-04,Monroe,543,18453,8585,759609,0.06324985439720443,267.0,0.035445071268850874
14400,2020-12-05,Monroe,621,19074,6493,766102,0.09564146003388264,281.0,0.03685117570665234
14401,2020-12-06,Monroe,444,19518,4615,770717,0.09620801733477789,275.0,0.03820835453903589
14402,2020-12-07,Monroe,353,19871,5032,775749,0.0701510333863275,272.0,0.03871402933445971
14403,2020-12-08,Monroe,777,20648,8518,784267,0.09121859591453393,290.0,0.04174725314236368
14404,2020-12-09,Monroe,619,21267,6542,790809,0.09461938245184959,295.0,0.0433044835135818
14405,2020-12-10,Monroe,566,21833,7249,798058,0.07807973513588082,280.0,0.042083434189604065
14406,2020-12-11,Monroe,720,22553,8921,806979,0.08070844075776258,292.0,0.04333047607250107
14407,2020-12-12,Monroe,650,23203,6772,813751,0.09598346131128174,294.0,0.043354904735172436
14408,2020-12-13,Monroe,542,23745,5678,819429,0.09545614653046848,301.0,0.04330119967772176
14409,2020-12-14,Monroe,548,24293,6949,826378,0.07886026766441215,315.0,0.043923287840442096
14410,2020-12-15,Monroe,653,24946,6809,833187,0.0959024820091056,307.0,0.04425785113291149
14411,2020-12-16,Monroe,697,25643,7126,840313,0.09781083356721863,312.0,0.04448581192686644
14412,2020-12-17,Monroe,746,26389,9182,849495,0.08124591592245699,325.0,0.04471196769733615
14413,2020-12-18,Monroe,670,27059,8024,857519,0.08349950149551345,321.0,0.04491132917860408
14414,2020-12-19,Monroe,689,27748,7677,865196,0.08974859971342973,324.0,0.044465981921614654
14415,2020-12-20,Monroe,571,28319,7135,872331,0.08002803083391731,326.0,0.04336397365757527
14416,2020-12-21,Monroe,443,28762,5483,877814,0.08079518511763634,319.0,0.04350218204709128
14417,2020-12-22,Monroe,715,29477,7251,885065,0.09860708867742381,323.0,0.043695368237685446
14418,2020-12-23,Monroe,574,30051,7040,892105,0.0815340909090909,314.0,0.0425327437621049
14419,2020-12-24,Monroe,600,30651,9397,901502,0.06385016494625945,304.0,0.04129019012094793
14420,2020-12-25,Monroe,426,31077,6032,907534,0.07062334217506631,287.0,0.040370464455201704
14421,2020-12-26,Monroe,382,31459,4436,911970,0.08611361587015329,265.0,0.04011082275211053
14422,2020-12-27,Monroe,540,31999,4245,916215,0.127208480565371,262.0,0.04348085487578579
14423,2020-12-28,Monroe,458,32457,4926,921141,0.09297604547300041,263.0,0.04435091632974037
14424,2020-12-29,Monroe,602,33059,5463,926604,0.11019586307889438,255.0,0.04517868592984541
14425,2020-12-30,Monroe,695,33754,6516,933120,0.10666052793124617,264.0,0.046973431431427924
14426,2020-12-31,Monroe,838,34592,9702,942822,0.08637394351680067,281.0,0.04858227275789516
14427,2021-01-01,Monroe,622,35214,6520,949342,0.09539877300613497,295.0,0.05035194638868579
14428,2021-01-02,Monroe,564,35778,5220,954562,0.10804597701149425,308.0,0.05191854361306728
14429,2021-01-03,Monroe,480,36258,4971,959533,0.09656004828002414,304.0,0.04972936987839965
14430,2021-01-04,Monroe,447,36705,4766,964299,0.09378934116659672,303.0,0.049787462427942235
14431,2021-01-05,Monroe,625,37330,5880,970179,0.10629251700680271,305.0,0.04950865199422141
14432,2021-01-06,Monroe,723,38053,7782,977961,0.09290670778720124,307.0,0.04852623626964677
14433,2021-01-07,Monroe,796,38849,8276,986237,0.09618173030449492,304.0,0.04922679246876778
14434,2021-01-08,Monroe,706,39555,8648,994885,0.08163737280296023,310.0,0.04824383531139815
14435,2021-01-09,Monroe,738,40293,8552,1003437,0.0862956033676333,322.0,0.04669023719397952
14436,2021-01-10,Monroe,400,40693,5565,1009002,0.07187780772686433,316.0,0.044927220011610966
14437,2021-01-11,Monroe,464,41157,6055,1015057,0.07663088356729975,318.0,0.043701615897375465
14438,2021-01-12,Monroe,487,41644,5966,1021023,0.08162923231645994,308.0,0.041939952705208124
14439,2021-01-13,Monroe,433,42077,6317,1027340,0.06854519550419504,287.0,0.040199844684993394
14440,2021-01-14,Monroe,697,42774,11126,1038466,0.06264605428725507,280.0,0.03780443925519055
14441,2021-01-15,Monroe,452,43226,8558,1047024,0.052816078523019394,262.0,0.03574577537805192
14442,2021-01-16,Monroe,433,43659,6690,1053714,0.06472346786248132,240.0,0.034204908556255346
14443,2021-01-17,Monroe,348,44007,5210,1058924,0.06679462571976967,236.0,0.03384182412717716
14444,2021-01-18,Monroe,311,44318,5222,1064146,0.059555725775564915,225.0,0.03262216999919609
14445,2021-01-19,Monroe,313,44631,4525,1068671,0.06917127071823205,213.0,0.03173231559932267
14446,2021-01-20,Monroe,371,45002,7006,1075677,0.05295461033399943,208.0,0.030618702372880134
14447,2021-01-21,Monroe,398,45400,8569,1084246,0.0464464931730657,187.0,0.02946159086472375
14448,2021-01-22,Monroe,306,45706,7535,1091781,0.040610484406104846,177.0,0.028589762713515567
14449,2021-01-23,Monroe,358,46064,7447,1099228,0.04807304955015442,171.0,0.027400447119777932
14450,2021-01-24,Monroe,201,46265,5325,1104553,0.03774647887323944,161.0,0.025325579487882912
14451,2021-01-25,Monroe,211,46476,5678,1110231,0.03716097217330046,154.0,0.02372595423057831
14452,2021-01-26,Monroe,365,46841,6590,1116821,0.05538694992412747,157.0,0.02274135988814227
14453,2021-01-27,Monroe,354,47195,8157,1124978,0.04339830820154469,156.0,0.02205876687868122
14454,2021-01-28,Monroe,269,47464,10410,1135388,0.025840537944284342,147.0,0.020586912933768263
14455,2021-01-29,Monroe,257,47721,9457,1144845,0.027175637094215926,143.0,0.019627280982919052
14456,2021-01-30,Monroe,275,47996,7457,1152302,0.036878101113048144,138.0,0.018827641808840032
14457,2021-01-31,Monroe,167,48163,5229,1157531,0.03193727290112832,135.0,0.018412698525117812
14458,2021-02-01,Monroe,141,48304,4223,1161754,0.0333885863130476,130.0,0.018143242392242607
14459,2021-02-02,Monroe,230,48534,7460,1169214,0.030831099195710455,120.0,0.016389253054498534
14460,2021-02-03,Monroe,247,48781,9691,1178905,0.025487565782684966,113.0,0.015109914310294268
14461,2021-02-04,Monroe,195,48976,7931,1186836,0.024587063422014877,108.0,0.015020380415846449
14462,2021-02-05,Monroe,216,49192,9748,1196584,0.02215839146491588,105.0,0.014662005728039305
14463,2021-02-06,Monroe,174,49366,7775,1204359,0.02237942122186495,97.0,0.013626385735811932
14464,2021-02-07,Monroe,230,49596,6497,1210856,0.03540095428659381,102.0,0.013873791549059464
14465,2021-02-08,Monroe,75,49671,4013,1214869,0.01868925990530775,97.0,0.012823839662792335
14466,2021-02-09,Monroe,204,49875,7948,1222817,0.025666834423754403,95.0,0.012454963607652619
14467,2021-02-10,Monroe,205,50080,9842,1232659,0.0208290997764682,92.0,0.012122216035779992
14468,2021-02-11,Monroe,160,50240,8124,1240783,0.019694731659281144,90.0,0.011772763767013295
14469,2021-02-12,Monroe,123,50363,9666,1250449,0.012725015518311608,83.0,0.011098951199398703
14470,2021-02-13,Monroe,187,50550,7705,1258154,0.02426995457495133,84.0,0.011233989296047731
14471,2021-02-14,Monroe,147,50697,5000,1263154,0.0294,78.0,0.010805349704148174
14472,2021-02-15,Monroe,133,50830,4151,1267305,0.03204047217537943,82.0,0.011759007723439007
14473,2021-02-16,Monroe,105,50935,5547,1272852,0.018929150892374257,75.0,0.01127774461405471
14474,2021-02-17,Monroe,199,51134,7379,1280231,0.026968423905678277,75.0,0.011716267766141144
14475,2021-02-18,Monroe,121,51255,7090,1287321,0.01706629055007052,72.0,0.011528521972626101
14476,2021-02-19,Monroe,168,51423,9625,1296946,0.017454545454545455,75.0,0.011866345539499947
14477,2021-02-20,Monroe,141,51564,8029,1304975,0.017561340141985304,72.0,0.011387158794288088
14478,2021-02-21,Monroe,110,51674,4299,1309274,0.025587345894394046,69.0,0.011114826358173378
14479,2021-02-22,Monroe,128,51802,4805,1314079,0.02663891779396462,69.0,0.010729001045215179
14480,2021-02-23,Monroe,111,51913,7061,1321140,0.01572015295283954,69.0,0.010499786906676982
14481,2021-02-24,Monroe,209,52122,9409,1330549,0.02221277500265703,70.0,0.010160097699318324
14482,2021-02-25,Monroe,123,52245,10843,1341392,0.011343724061606567,70.0,0.009751342950142326
14483,2021-02-26,Monroe,126,52371,9566,1350958,0.013171649592306083,67.0,0.009445421817125228
14484,2021-02-27,Monroe,172,52543,8547,1359505,0.020124020124020123,69.0,0.009628470387270573
14485,2021-02-28,Monroe,136,52679,4955,1364460,0.027447023208879918,71.0,0.009761304481162419
14486,2021-03-01,Monroe,80,52759,4317,1368777,0.018531387537641882,68.0,0.009182195177139366
14487,2021-03-02,Monroe,119,52878,7308,1376085,0.016283524904214558,68.0,0.00922243603080901
14488,2021-03-03,Monroe,112,52990,8823,1384908,0.012694094979032075,62.0,0.0085425303148358
14489,2021-03-04,Monroe,177,53167,10029,1394937,0.01764881842656297,65.0,0.00899289419804697
14490,2021-03-05,Monroe,107,53274,9979,1404916,0.010722517286301232,64.0,0.008817956176189483
14491,2021-03-06,Monroe,117,53391,7780,1412696,0.015038560411311054,60.0,0.00845470905385312
14492,2021-03-07,Monroe,126,53517,4413,1417109,0.028552005438477225,59.0,0.008533636355967215
14493,2021-03-08,Monroe,81,53598,4053,1421162,0.01998519615099926,59.0,0.008637479828349885
14494,2021-03-09,Monroe,77,53675,6961,1428123,0.011061629076282144,56.0,0.008264487269211855
14495,2021-03-10,Monroe,147,53822,8491,1436614,0.01731244847485573,59.0,0.008594369661770686
14496,2021-03-11,Monroe,147,53969,10113,1446727,0.014535746069415604,57.0,0.008372007350545874
14497,2021-03-12,Monroe,75,54044,9354,1456081,0.008017960230917255,55.0,0.008178824703732731
14498,2021-03-13,Monroe,119,54163,8524,1464605,0.013960581886438292,55.0,0.008101826237670392
14499,2021-03-14,Monroe,107,54270,3787,1468392,0.02825455505677317,53.0,0.00808057978183439
14500,2021-03-15,Monroe,107,54377,4649,1473041,0.02301570230157023,55.0,0.008297044506875174
14501,2021-03-16,Monroe,92,54469,7505,1480546,0.012258494337108594,56.0,0.008382534882648491
14502,2021-03-17,Monroe,202,54671,10015,1490561,0.02016974538192711,60.0,0.008586627518867875
14503,2021-03-18,Monroe,129,54800,8613,1499174,0.014977359804946012,59.0,0.008618171357120048
14504,2021-03-19,Monroe,134,54934,10632,1509806,0.012603461249059443,63.0,0.008945707144130203
14505,2021-03-20,Monroe,185,55119,8498,1518304,0.021769828194869383,68.0,0.009503510451875282
14506,2021-03-21,Monroe,94,55213,4397,1522701,0.021378212417557427,67.0,0.009012343120502728
14507,2021-03-22,Monroe,122,55335,4774,1527475,0.025555090071219103,68.0,0.009193727961191934
14508,2021-03-23,Monroe,126,55461,7686,1535161,0.01639344262295082,70.0,0.009489081410180664
14509,2021-03-24,Monroe,213,55674,9203,1544364,0.023144626752146038,71.0,0.009701572936624875
14510,2021-03-25,Monroe,180,55854,9884,1554248,0.018211250505868068,75.0,0.009932565129547878
14511,2021-03-26,Monroe,195,56049,11210,1565458,0.017395182872435324,79.0,0.010274830959789013
14512,2021-03-27,Monroe,197,56246,9331,1574789,0.021112420962383454,80.0,0.010227873300325731
14513,2021-03-28,Monroe,153,56399,5006,1579795,0.030563324011186575,84.0,0.010883952699870672
14514,2021-03-29,Monroe,136,56535,4175,1583970,0.0325748502994012,85.0,0.01138536414474082
14515,2021-03-30,Monroe,153,56688,7977,1591947,0.01918014291086875,87.0,0.011584414165306386
14516,2021-03-31,Monroe,193,56881,7150,1599097,0.026993006993006993,86.0,0.011859298468225024
14517,2021-04-01,Monroe,220,57101,9252,1608349,0.023778642455685256,89.0,0.012256969321783396
14518,2021-04-02,Monroe,249,57350,10846,1619195,0.02295777245067306,92.0,0.012654297148800378
14519,2021-04-03,Monroe,188,57538,9558,1628753,0.01966938690102532,92.0,0.012551223287274798
14520,2021-04-04,Monroe,242,57780,4163,1632916,0.05813115541676676,98.0,0.014520354101959093
14521,2021-04-05,Monroe,131,57911,4102,1637018,0.031935641150658216,98.0,0.014474696305620312
14522,2021-04-06,Monroe,228,58139,8070,1645088,0.02825278810408922,103.0,0.015122742390850345
14523,2021-04-07,Monroe,316,58455,9430,1654518,0.03351007423117709,112.0,0.01558824719357678
14524,2021-04-08,Monroe,319,58774,11625,1666143,0.027440860215053764,119.0,0.015849834176388817
14525,2021-04-09,Monroe,288,59062,11075,1677218,0.02600451467268623,122.0,0.016067458620818327
14526,2021-04-10,Monroe,253,59315,8660,1685878,0.029214780600461895,126.0,0.01674927245649237
14527,2021-04-11,Monroe,224,59539,3764,1689642,0.05951115834218916,125.0,0.01684784409402254
14528,2021-04-12,Monroe,199,59738,5360,1695002,0.03712686567164179,130.0,0.01721864584552137
14529,2021-04-13,Monroe,206,59944,8083,1703085,0.025485587034516886,128.0,0.0170209886262662
14530,2021-04-14,Monroe,381,60325,10876,1713961,0.03503126149319603,133.0,0.017129644859267552
14531,2021-04-15,Monroe,203,60528,7085,1721046,0.02865208186309104,125.0,0.017216160691270216
14532,2021-04-16,Monroe,353,60881,10157,1731203,0.03475435660135867,129.0,0.017841149400461106
14533,2021-04-17,Monroe,233,61114,10299,1741502,0.022623555685017963,128.0,0.01737034762078654
14534,2021-04-18,Monroe,200,61314,4036,1745538,0.049554013875123884,126.0,0.016659123015996164
14535,2021-04-19,Monroe,179,61493,4649,1750187,0.038502903850290385,125.0,0.016757411457328206
14536,2021-04-20,Monroe,223,61716,8844,1759031,0.025214834916327453,126.0,0.01673807202031467
14537,2021-04-21,Monroe,285,62001,9773,1768804,0.02916197687506395,119.0,0.016318837404733808
14538,2021-04-22,Monroe,270,62271,8030,1776834,0.033623910336239106,124.0,0.016673968009958674
14539,2021-04-23,Monroe,184,62455,9801,1786635,0.01877359453117029,112.0,0.015532485004945215
14540,2021-04-24,Monroe,273,62728,10009,1796644,0.027275452093116194,115.0,0.015864763319809374
14541,2021-04-25,Monroe,183,62911,4240,1800884,0.04316037735849056,114.0,0.015408074997192711
14542,2021-04-26,Monroe,141,63052,4142,1805026,0.03404152583293095,111.0,0.015089405138809893
14543,2021-04-27,Monroe,201,63253,7863,1812889,0.025562762304463946,109.0,0.015114257095105355
14544,2021-04-28,Monroe,310,63563,8540,1821429,0.03629976580796253,111.0,0.015624099161740969
14545,2021-04-29,Monroe,220,63783,8078,1829507,0.02723446397623174,108.0,0.015167710136026155
14546,2021-04-30,Monroe,216,63999,8592,1838099,0.025139664804469275,110.0,0.015622429441261798
14547,2021-05-01,Monroe,207,64206,9494,1847593,0.021803244154202654,105.0,0.015231557445625122
14548,2021-05-02,Monroe,201,64407,4524,1852117,0.04442970822281167,106.0,0.015322223935933767
14549,2021-05-03,Monroe,162,64569,4090,1856207,0.03960880195599022,108.0,0.015719886516152286
14550,2021-05-04,Monroe,161,64730,7288,1863495,0.022091108671789244,105.0,0.015471911256675523
14551,2021-05-05,Monroe,257,64987,8180,1871675,0.031418092909535456,101.0,0.015123220335359304
14552,2021-05-06,Monroe,179,65166,7269,1878944,0.02462512037419177,98.0,0.014936838649499308
14553,2021-05-07,Monroe,251,65417,9217,1888161,0.02723228816317674,101.0,0.015086311746549839
14554,2021-05-08,Monroe,222,65639,6992,1895153,0.031750572082379865,102.0,0.01579683516999107
14555,2021-05-09,Monroe,152,65791,4122,1899275,0.036875303250849104,98.0,0.015257234814850886
14556,2021-05-10,Monroe,145,65936,2651,1901926,0.05469634100339495,97.0,0.016334916175379792
14557,2021-05-11,Monroe,149,66085,4765,1906691,0.031269674711437566,96.0,0.016990528035354675
14558,2021-05-12,Monroe,235,66320,7413,1914104,0.031701065695399974,95.0,0.017010740377202137
14559,2021-05-13,Monroe,187,66507,6360,1920464,0.02940251572327044,95.0,0.01735198290213633
14560,2021-05-14,Monroe,193,66700,7725,1928189,0.024983818770226537,91.0,0.01719137794549703
14561,2021-05-15,Monroe,165,66865,4977,1933166,0.033152501506931886,87.0,0.01729151576153646
14562,2021-05-16,Monroe,121,66986,3868,1937034,0.031282316442606,85.0,0.016892016703804812
14563,2021-05-17,Monroe,117,67103,3968,1941002,0.029485887096774195,83.0,0.015091269996189044
14564,2021-05-18,Monroe,127,67230,4897,1945899,0.02593424545640188,81.0,0.014710167906543633
14565,2021-05-19,Monroe,179,67409,6003,1951902,0.029818424121272696,77.0,0.014575693508391689
14566,2021-05-20,Monroe,146,67555,5691,1957593,0.025654542259708313,74.0,0.01430798111813725
14567,2021-05-21,Monroe,117,67672,5602,1963195,0.0208853980721171,69.0,0.014015236782558005
14568,2021-05-22,Monroe,109,67781,3685,1966880,0.029579375848032566,65.0,0.013760013521208052
14569,2021-05-23,Monroe,111,67892,3329,1970209,0.033343346350255335,64.0,0.013907229943183006
14570,2021-05-24,Monroe,75,67967,2537,1972746,0.029562475364603862,61.0,0.01391270053374227
14571,2021-05-25,Monroe,92,68059,4691,1977437,0.019612023022809635,59.0,0.013461113217057107
14572,2021-05-26,Monroe,102,68161,4397,1981834,0.02319763475096657,53.0,0.01298819969060667
14573,2021-05-27,Monroe,72,68233,5596,1987430,0.012866333095067906,48.0,0.01207475617884664
14574,2021-05-28,Monroe,77,68310,4367,1991797,0.017632241813602016,45.0,0.011842387874666991
14575,2021-05-29,Monroe,76,68386,3572,1995369,0.02127659574468085,43.0,0.011249332152999012
14576,2021-05-30,Monroe,54,68440,2953,1998322,0.018286488316965797,39.0,0.01017384229347833
14577,2021-05-31,Monroe,40,68480,1335,1999657,0.0299625468164794,36.0,0.010202418825755153
14578,2021-06-01,Monroe,42,68522,2198,2001855,0.01910828025477707,33.0,0.010166437199467113
14579,2021-06-02,Monroe,33,68555,4887,2006742,0.006752608962553714,28.0,0.008991792500294768
14580,2021-06-03,Monroe,70,68625,6090,2012832,0.011494252873563218,28.0,0.00889378677018729
14581,2021-06-04,Monroe,54,68679,5625,2018457,0.0096,26.0,0.00832005521207286
14582,2021-06-05,Monroe,44,68723,3276,2021733,0.013431013431013432,24.0,0.00775965647538233
14583,2021-06-06,Monroe,45,68768,2960,2024693,0.015202702702702704,23.0,0.007539386074363538
14584,2021-06-07,Monroe,27,68795,2248,2026941,0.01201067615658363,22.0,0.006257109598656697
14585,2021-06-08,Monroe,26,68821,4290,2031231,0.006060606060606061,21.0,0.0053251328705016246
14586,2021-06-09,Monroe,32,68853,3514,2034745,0.00910643141718839,21.0,0.005493263045832674
14587,2021-06-10,Monroe,26,68879,5131,2039876,0.005067238355096472,18.0,0.0050341905802279065
14588,2021-06-11,Monroe,22,68901,3922,2043798,0.0056093829678735335,15.0,0.004749146506504588
14589,2021-06-12,Monroe,28,68929,3360,2047158,0.008333333333333333,14.0,0.004385026499527436
14590,2021-06-13,Monroe,30,68959,2056,2049214,0.014591439688715954,13.0,0.004341364855671242
14591,2021-06-14,Monroe,17,68976,1676,2050890,0.010143198090692125,12.0,0.004207973565250419
14592,2021-06-15,Monroe,15,68991,3048,2053938,0.004921259842519685,12.0,0.004126591692529964
14593,2021-06-16,Monroe,21,69012,3055,2056993,0.006873977086743044,11.0,0.003967130668926725
14594,2021-06-17,Monroe,23,69035,3274,2060267,0.007025045815516188,11.0,0.004106974058956704
14595,2021-06-18,Monroe,19,69054,3251,2063518,0.00584435558289757,10.0,0.004123757817172708
14596,2021-06-19,Monroe,9,69063,2092,2065610,0.004302103250478011,9.0,0.0038358128112544704
14597,2021-06-20,Monroe,6,69069,1568,2067178,0.003826530612244898,7.0,0.00306689073436368
14598,2021-06-21,Monroe,10,69079,1344,2068522,0.00744047619047619,7.0,0.002873839170062542
14599,2021-06-22,Monroe,11,69090,2576,2071098,0.004270186335403727,7.0,0.0028273339195542596
14600,2021-06-23,Monroe,12,69102,2417,2073515,0.004964832436905255,6.0,0.0026909664445658454
14601,2021-06-24,Monroe,14,69116,2871,2076386,0.004876349703935911,5.0,0.0025374881508815404
14602,2021-06-25,Monroe,8,69124,2201,2078587,0.003634711494775102,5.0,0.002379656430301364
14603,2021-06-26,Monroe,6,69130,2219,2080806,0.0027039206849932404,4.0,0.002265500532766737
14604,2021-06-27,Monroe,16,69146,1593,2082399,0.010043942247332079,5.0,0.0027096013638443933
14605,2021-06-28,Monroe,6,69152,1399,2083798,0.004288777698355968,5.0,0.002484480042978663
14606,2021-06-29,Monroe,11,69163,2069,2085867,0.005316578057032383,5.0,0.0025592223088092814
14607,2021-06-30,Monroe,15,69178,2346,2088213,0.00639386189258312,5.0,0.0026612958413577002
14608,2021-07-01,Monroe,18,69196,2217,2090430,0.008119079837618403,5.0,0.0028929194223350214
14609,2021-07-02,Monroe,10,69206,1949,2092379,0.00513083632632119,5.0,0.0029997854817311706
14610,2021-07-03,Monroe,16,69222,2192,2094571,0.0072992700729927005,6.0,0.003328024723731132
14611,2021-07-04,Monroe,11,69233,1299,2095870,0.008468052347959968,6.0,0.003215461159490267
14612,2021-07-05,Monroe,7,69240,784,2096654,0.008928571428571428,6.0,0.003546874997362799
14613,2021-07-06,Monroe,19,69259,1325,2097979,0.014339622641509434,6.0,0.004191378181968303
14614,2021-07-07,Monroe,14,69273,1995,2099974,0.007017543859649123,6.0,0.004235926893901588
14615,2021-07-08,Monroe,16,69289,2373,2102347,0.0067425200168563,6.0,0.004137601192418582
14616,2021-07-09,Monroe,15,69304,2121,2104468,0.007072135785007072,7.0,0.004276265439467573
14617,2021-07-10,Monroe,11,69315,1835,2106303,0.005994550408719346,6.0,0.004183071177733763
14618,2021-07-11,Monroe,10,69325,1262,2107565,0.00792393026941363,6.0,0.004144205314980452
14619,2021-07-12,Monroe,11,69336,982,2108547,0.01120162932790224,6.0,0.004306566593504082
14620,2021-07-13,Monroe,11,69347,1453,2110000,0.007570543702684102,6.0,0.0038230609550165585
14621,2021-07-14,Monroe,35,69382,2466,2112466,0.014193025141930252,7.0,0.004335595332322353
14622,2021-07-15,Monroe,18,69400,1815,2114281,0.009917355371900827,7.0,0.004562369286254105
14623,2021-07-16,Monroe,16,69416,1654,2115935,0.009673518742442563,8.0,0.004748182354642355
14624,2021-07-17,Monroe,32,69448,1810,2117745,0.017679558011049725,9.0,0.00558282575480881
14625,2021-07-18,Monroe,15,69463,1083,2118828,0.013850415512465374,9.0,0.006006146129312506
14626,2021-07-19,Monroe,18,69481,1171,2119999,0.015371477369769428,10.0,0.006303992418017305
14627,2021-07-20,Monroe,21,69502,1893,2121892,0.011093502377179081,11.0,0.006555632323338376
14628,2021-07-21,Monroe,32,69534,1842,2123734,0.01737242128121607,10.0,0.006782732047573076
14629,2021-07-22,Monroe,32,69566,2020,2125754,0.015841584158415842,11.0,0.007205891246609863
14630,2021-07-23,Monroe,33,69599,1833,2127587,0.01800327332242226,13.0,0.007800873716608413
14631,2021-07-24,Monroe,60,69659,1848,2129435,0.032467532467532464,15.0,0.008857157606357179
14632,2021-07-25,Monroe,33,69692,1054,2130489,0.031309297912713474,16.0,0.010104220634946329
14633,2021-07-26,Monroe,47,69739,1355,2131844,0.03468634686346864,18.0,0.011483854170210557
14634,2021-07-27,Monroe,43,69782,2582,2134426,0.016653756777691712,20.0,0.011881015198818604
14635,2021-07-28,Monroe,45,69827,2047,2136473,0.021983390327308255,20.0,0.012210370130682333
14636,2021-07-29,Monroe,69,69896,2789,2139262,0.0247400501972033,23.0,0.012845974847738579
14637,2021-07-30,Monroe,74,69970,2221,2141483,0.033318325078793336,26.0,0.013939907116050797
14638,2021-07-31,Monroe,62,70032,2562,2144045,0.02419984387197502,26.0,0.013349357930653838
14639,2021-08-01,Monroe,39,70071,1417,2145462,0.027522935779816515,27.0,0.013078903492589769
14640,2021-08-02,Monroe,63,70134,1590,2147052,0.03962264150943396,28.0,0.013431495967301577
14641,2021-08-03,Monroe,80,70214,3038,2150090,0.026333113890717578,30.0,0.014122878618231997
14642,2021-08-04,Monroe,93,70307,2740,2152830,0.03394160583941606,34.0,0.01497703686909684
14643,2021-08-05,Monroe,79,70386,1994,2154824,0.03961885656970913,35.0,0.016039808752847256
14644,2020-03-01,Montgomery,0,0,0,0,,,
14645,2020-03-02,Montgomery,0,0,0,0,,,
14646,2020-03-03,Montgomery,0,0,0,0,,,
14647,2020-03-04,Montgomery,0,0,0,0,,,
14648,2020-03-05,Montgomery,0,0,0,0,,,
14649,2020-03-06,Montgomery,0,0,0,0,,,
14650,2020-03-07,Montgomery,0,0,0,0,,0.0,
14651,2020-03-08,Montgomery,0,0,0,0,,0.0,
14652,2020-03-09,Montgomery,0,0,0,0,,0.0,
14653,2020-03-10,Montgomery,0,0,1,1,0.0,0.0,
14654,2020-03-11,Montgomery,0,0,1,2,0.0,0.0,
14655,2020-03-12,Montgomery,0,0,0,2,,0.0,
14656,2020-03-13,Montgomery,0,0,0,2,,0.0,
14657,2020-03-14,Montgomery,1,1,3,5,0.3333333333333333,0.0,
14658,2020-03-15,Montgomery,0,1,4,9,0.0,0.0,
14659,2020-03-16,Montgomery,0,1,1,10,0.0,0.0,
14660,2020-03-17,Montgomery,1,2,14,24,0.07142857142857142,0.0,
14661,2020-03-18,Montgomery,0,2,14,38,0.0,0.0,
14662,2020-03-19,Montgomery,0,2,4,42,0.0,0.0,
14663,2020-03-20,Montgomery,1,3,27,69,0.037037037037037035,0.0,0.03155706727135298
14664,2020-03-21,Montgomery,0,3,20,89,0.0,0.0,0.0077475434618291756
14665,2020-03-22,Montgomery,0,3,6,95,0.0,0.0,0.0077475434618291756
14666,2020-03-23,Montgomery,0,3,5,100,0.0,0.0,0.0077475434618291756
14667,2020-03-24,Montgomery,1,4,5,105,0.2,0.0,0.016931216931216932
14668,2020-03-25,Montgomery,1,5,5,110,0.2,0.0,0.03121693121693122
14669,2020-03-26,Montgomery,0,5,7,117,0.0,0.0,0.03121693121693122
14670,2020-03-27,Montgomery,0,5,10,127,0.0,0.0,0.028571428571428574
14671,2020-03-28,Montgomery,1,6,6,133,0.16666666666666666,0.0,0.04047619047619048
14672,2020-03-29,Montgomery,0,6,2,135,0.0,0.0,0.04047619047619048
14673,2020-03-30,Montgomery,1,7,8,143,0.125,0.0,0.0494047619047619
14674,2020-03-31,Montgomery,0,7,4,147,0.0,0.0,0.03511904761904762
14675,2020-04-01,Montgomery,1,8,10,157,0.1,0.0,0.027976190476190477
14676,2020-04-02,Montgomery,2,10,8,165,0.25,0.0,0.04583333333333333
14677,2020-04-03,Montgomery,3,13,11,176,0.2727272727272727,0.0,0.06531385281385281
14678,2020-04-04,Montgomery,2,15,14,190,0.14285714285714285,0.0,0.06361317254174396
14679,2020-04-05,Montgomery,0,15,8,198,0.0,0.0,0.06361317254174396
14680,2020-04-06,Montgomery,3,18,20,218,0.15,0.0,0.06539888682745824
14681,2020-04-07,Montgomery,0,18,9,227,0.0,0.0,0.06539888682745824
14682,2020-04-08,Montgomery,10,28,24,251,0.4166666666666667,1.0,0.08801793444650587
14683,2020-04-09,Montgomery,1,29,13,264,0.07692307692307693,1.0,0.07565529708386852
14684,2020-04-10,Montgomery,0,29,8,272,0.0,1.0,0.05617477760334904
14685,2020-04-11,Montgomery,0,29,1,273,0.0,1.0,0.045970695970695974
14686,2020-04-12,Montgomery,0,29,2,275,0.0,1.0,0.045970695970695974
14687,2020-04-13,Montgomery,3,32,56,331,0.05357142857142857,1.0,0.03908294086865516
14688,2020-04-14,Montgomery,0,32,0,331,,1.0,
14689,2020-04-15,Montgomery,0,32,5,336,0.0,0.0,
14690,2020-04-16,Montgomery,1,33,10,346,0.1,0.0,
14691,2020-04-17,Montgomery,1,34,4,350,0.25,0.0,
14692,2020-04-18,Montgomery,1,35,4,354,0.25,0.0,
14693,2020-04-19,Montgomery,0,35,4,358,0.0,0.0,
14694,2020-04-20,Montgomery,2,37,3,361,0.6666666666666666,0.0,
14695,2020-04-21,Montgomery,1,38,3,364,0.3333333333333333,0.0,0.1142857142857143
14696,2020-04-22,Montgomery,1,39,7,371,0.14285714285714285,0.0,0.12448979591836735
14697,2020-04-23,Montgomery,0,39,6,377,0.0,0.0,0.1173469387755102
14698,2020-04-24,Montgomery,7,46,226,603,0.030973451327433628,0.0,0.10170218529889831
14699,2020-04-25,Montgomery,1,47,35,638,0.02857142857142857,0.0,0.08588585876828606
14700,2020-04-26,Montgomery,0,47,9,647,0.0,0.0,0.08588585876828606
14701,2020-04-27,Montgomery,2,49,19,666,0.10526315789473684,0.0,0.04578560814171966
14702,2020-04-28,Montgomery,2,51,18,684,0.1111111111111111,0.0,0.029912592268703787
14703,2020-04-29,Montgomery,2,53,14,698,0.14285714285714285,1.0,0.029912592268703787
14704,2020-04-30,Montgomery,1,54,29,727,0.034482758620689655,1.0,0.032375646455895905
14705,2020-05-01,Montgomery,0,54,27,754,0.0,0.0,0.030163257075364932
14706,2020-05-02,Montgomery,2,56,53,807,0.03773584905660377,0.0,0.03081785853859173
14707,2020-05-03,Montgomery,0,56,19,826,0.0,0.0,0.03081785853859173
14708,2020-05-04,Montgomery,5,61,28,854,0.17857142857142858,0.0,0.036054163586926855
14709,2020-05-05,Montgomery,2,63,46,900,0.043478260869565216,0.0,0.03122324571253072
14710,2020-05-06,Montgomery,0,63,34,934,0.0,0.0,0.02101916407987766
14711,2020-05-07,Montgomery,1,64,36,970,0.027777777777777776,0.0,0.020540236876812525
14712,2020-05-08,Montgomery,2,66,36,1006,0.05555555555555555,0.0,0.024508490845066493
14713,2020-05-09,Montgomery,1,67,33,1039,0.030303030303030304,0.0,0.023977575219811247
14714,2020-05-10,Montgomery,0,67,30,1069,0.0,0.0,0.023977575219811247
14715,2020-05-11,Montgomery,0,67,62,1131,0.0,0.0,0.011222473178994916
14716,2020-05-12,Montgomery,1,68,115,1246,0.008695652173913044,0.0,0.008738001129305476
14717,2020-05-13,Montgomery,1,69,177,1423,0.005649717514124294,0.0,0.009141552380314357
14718,2020-05-14,Montgomery,3,72,46,1469,0.06521739130434782,0.0,0.011815810489355075
14719,2020-05-15,Montgomery,3,75,93,1562,0.03225806451612903,0.0,0.010151703986538894
14720,2020-05-16,Montgomery,0,75,52,1614,0.0,0.0,0.007987201822036728
14721,2020-05-17,Montgomery,0,75,38,1652,0.0,0.0,0.007987201822036728
14722,2020-05-18,Montgomery,0,75,25,1677,0.0,0.0,0.007987201822036728
14723,2020-05-19,Montgomery,0,75,43,1720,0.0,0.0,0.0073660838096143684
14724,2020-05-20,Montgomery,2,77,96,1816,0.020833333333333332,0.0,0.008450627796700727
14725,2020-05-21,Montgomery,0,77,130,1946,0.0,0.0,0.0037922427035330256
14726,2020-05-22,Montgomery,0,77,79,2025,0.0,0.0,0.001488095238095238
14727,2020-05-23,Montgomery,2,79,131,2156,0.015267175572519083,0.0,0.0025786077789894586
14728,2020-05-24,Montgomery,0,79,159,2315,0.0,0.0,0.0025786077789894586
14729,2020-05-25,Montgomery,1,80,41,2356,0.024390243902439025,0.0,0.004320768057735103
14730,2020-05-26,Montgomery,2,82,47,2403,0.0425531914893617,0.0,0.007360281735546653
14731,2020-05-27,Montgomery,0,82,341,2744,0.0,0.0,0.005872186497451415
14732,2020-05-28,Montgomery,2,84,182,2926,0.01098901098901099,0.0,0.006657115853809343
14733,2020-05-29,Montgomery,5,89,222,3148,0.02252252252252252,0.0,0.008265867462560953
14734,2020-05-30,Montgomery,2,91,95,3243,0.021052631578947368,0.0,0.00867911432016297
14735,2020-05-31,Montgomery,0,91,186,3429,0.0,0.0,0.00867911432016297
14736,2020-06-01,Montgomery,2,93,104,3533,0.019230769230769232,0.0,0.0083105804150437
14737,2020-06-02,Montgomery,1,94,213,3746,0.004694835680751174,0.0,0.005606412143000092
14738,2020-06-03,Montgomery,2,96,311,4057,0.006430868167202572,1.0,0.0060657598692288464
14739,2020-06-04,Montgomery,0,96,314,4371,0.0,0.0,0.005280830512870919
14740,2020-06-05,Montgomery,2,98,370,4741,0.005405405405405406,0.0,0.004058179290219697
14741,2020-06-06,Montgomery,2,100,226,4967,0.008849557522123894,0.0,0.0031865311433037337
14742,2020-06-07,Montgomery,0,100,246,5213,0.0,0.0,0.0031865311433037337
14743,2020-06-08,Montgomery,0,100,240,5453,0.0,0.0,0.0018129047696773602
14744,2020-06-09,Montgomery,0,100,149,5602,0.0,0.0,0.0014775593639094193
14745,2020-06-10,Montgomery,1,101,235,5837,0.00425531914893617,0.0,0.0013221630054618193
14746,2020-06-11,Montgomery,2,103,327,6164,0.0061162079510703364,0.0,0.0017590350019668435
14747,2020-06-12,Montgomery,0,103,218,6382,0.0,0.0,0.0013729346158664574
14748,2020-06-13,Montgomery,1,104,178,6560,0.0056179775280898875,0.0,0.0011421074734354567
14749,2020-06-14,Montgomery,0,104,137,6697,0.0,0.0,0.0011421074734354567
14750,2020-06-15,Montgomery,0,104,125,6822,0.0,0.0,0.0011421074734354567
14751,2020-06-16,Montgomery,0,104,76,6898,0.0,0.0,0.0011421074734354567
14752,2020-06-17,Montgomery,1,105,151,7049,0.006622516556291391,0.0,0.001311193002532258
14753,2020-06-18,Montgomery,1,106,224,7273,0.004464285714285714,0.0,0.0011931985570476423
14754,2020-06-19,Montgomery,0,106,156,7429,0.0,0.0,0.0011931985570476423
14755,2020-06-20,Montgomery,0,106,221,7650,0.0,0.0,0.0007919144478983647
14756,2020-06-21,Montgomery,2,108,237,7887,0.008438818565400843,0.0,0.0013946872025698534
14757,2020-06-22,Montgomery,1,109,162,8049,0.006172839506172839,0.0,0.0018356043101536276
14758,2020-06-23,Montgomery,1,110,63,8112,0.015873015873015872,0.0,0.00296939115822619
14759,2020-06-24,Montgomery,1,111,160,8272,0.00625,0.0,0.0029427828327768047
14760,2020-06-25,Montgomery,2,113,163,8435,0.012269938650306749,0.0,0.003500329471064022
14761,2020-06-26,Montgomery,3,116,210,8645,0.014285714285714285,0.0,0.004520737634329328
14762,2020-06-27,Montgomery,2,118,312,8957,0.00641025641025641,0.0,0.004978613092204785
14763,2020-06-28,Montgomery,0,118,174,9131,0.0,0.0,0.004375840337533297
14764,2020-06-29,Montgomery,0,118,127,9258,0.0,0.0,0.003934923229949523
14765,2020-06-30,Montgomery,0,118,83,9341,0.0,0.0,0.0028011363818769603
14766,2020-07-01,Montgomery,1,119,179,9520,0.00558659217877095,0.0,0.002753750108932028
14767,2020-07-02,Montgomery,0,119,169,9689,0.0,0.0,0.001877325919624403
14768,2020-07-03,Montgomery,0,119,167,9856,0.0,0.0,0.0008569177563590971
14769,2020-07-04,Montgomery,0,119,242,10098,0.0,0.0,0.0003990422984836393
14770,2020-07-05,Montgomery,1,120,170,10268,0.0058823529411764705,0.0,0.0008192103657105301
14771,2020-07-06,Montgomery,1,121,169,10437,0.005917159763313609,0.0,0.001241864634518645
14772,2020-07-07,Montgomery,0,121,76,10513,0.0,0.0,0.001241864634518645
14773,2020-07-08,Montgomery,4,125,174,10687,0.022988505747126436,0.0,0.002484858460829751
14774,2020-07-09,Montgomery,3,128,202,10889,0.01485148514851485,0.0,0.003545678828580812
14775,2020-07-10,Montgomery,2,130,202,11091,0.009900990099009901,0.0,0.00425289240708152
14776,2020-07-11,Montgomery,2,132,229,11320,0.008733624454148471,0.0,0.0048767227252349814
14777,2020-07-12,Montgomery,1,133,131,11451,0.007633587786259542,0.0,0.005001810928455201
14778,2020-07-13,Montgomery,8,141,230,11681,0.034782608695652174,1.0,0.007063628709336527
14779,2020-07-14,Montgomery,0,141,94,11775,0.0,1.0,0.007063628709336527
14780,2020-07-15,Montgomery,0,141,133,11908,0.0,1.0,0.005421592584541781
14781,2020-07-16,Montgomery,0,141,380,12288,0.0,0.0,0.0043607722167907205
14782,2020-07-17,Montgomery,2,143,252,12540,0.007936507936507936,0.0,0.004220452062326295
14783,2020-07-18,Montgomery,0,143,125,12665,0.0,0.0,0.0035966217441728322
14784,2020-07-19,Montgomery,0,143,123,12788,0.0,0.0,0.003051365473725722
14785,2020-07-20,Montgomery,1,144,137,12925,0.0072992700729927005,0.0,0.001088269857821474
14786,2020-07-21,Montgomery,0,144,156,13081,0.0,0.0,0.001088269857821474
14787,2020-07-22,Montgomery,1,145,124,13205,0.008064516129032258,0.0,0.001664306724180921
14788,2020-07-23,Montgomery,1,146,190,13395,0.005263157894736842,0.0,0.0020402465738049813
14789,2020-07-24,Montgomery,1,147,188,13583,0.005319148936170213,0.0,0.0018532923594951438
14790,2020-07-25,Montgomery,1,148,187,13770,0.0053475935828877,0.0,0.0022352633297014085
14791,2020-07-26,Montgomery,0,148,150,13920,0.0,0.0,0.0022352633297014085
14792,2020-07-27,Montgomery,4,152,68,13988,0.058823529411764705,0.0,0.005915567568185122
14793,2020-07-28,Montgomery,0,152,102,14090,0.0,0.0,0.005915567568185122
14794,2020-07-29,Montgomery,0,152,142,14232,0.0,0.0,0.005339530701825675
14795,2020-07-30,Montgomery,2,154,198,14430,0.010101010101010102,0.0,0.005685091573702336
14796,2020-07-31,Montgomery,1,155,211,14641,0.004739336492890996,0.0,0.005643676399182393
14797,2020-08-01,Montgomery,2,157,293,14934,0.006825938566552901,0.0,0.005749272469444193
14798,2020-08-02,Montgomery,3,160,202,15136,0.01485148514851485,0.0,0.0068100928371952535
14799,2020-08-03,Montgomery,0,160,196,15332,0.0,0.0,0.0026084121649263465
14800,2020-08-04,Montgomery,1,161,168,15500,0.005952380952380952,0.0,0.003033582232953558
14801,2020-08-05,Montgomery,8,169,142,15642,0.056338028169014086,1.0,0.0070577271021688495
14802,2020-08-06,Montgomery,1,170,339,15981,0.0029498525073746312,1.0,0.006546930131194887
14803,2020-08-07,Montgomery,2,172,202,16183,0.009900990099009901,1.0,0.006915619674489095
14804,2020-08-08,Montgomery,4,176,251,16434,0.01593625498007968,1.0,0.0075663565611695785
14805,2020-08-09,Montgomery,1,177,124,16558,0.008064516129032258,1.0,0.007081573059777966
14806,2020-08-10,Montgomery,0,177,164,16722,0.0,1.0,0.007081573059777966
14807,2020-08-11,Montgomery,0,177,122,16844,0.0,1.0,0.006656402991750755
14808,2020-08-12,Montgomery,2,179,157,17001,0.012738853503184714,0.0,0.0035421762299057994
14809,2020-08-13,Montgomery,2,181,175,17176,0.011428571428571429,0.0,0.0041477990099912845
14810,2020-08-14,Montgomery,3,184,260,17436,0.011538461538461539,0.0,0.004264761255666401
14811,2020-08-15,Montgomery,3,187,254,17690,0.011811023622047244,0.0,0.003970101872949799
14812,2020-08-16,Montgomery,1,188,130,17820,0.007692307692307693,0.0,0.0039435155560409016
14813,2020-08-17,Montgomery,0,188,192,18012,0.0,0.0,0.0039435155560409016
14814,2020-08-18,Montgomery,1,189,166,18178,0.006024096385542169,0.0,0.004373808155008199
14815,2020-08-19,Montgomery,1,190,145,18323,0.006896551724137931,0.0,0.003956500885076286
14816,2020-08-20,Montgomery,3,193,362,18685,0.008287292817679558,0.0,0.0037321238414411524
14817,2020-08-21,Montgomery,0,193,199,18884,0.0,0.0,0.002907948017265328
14818,2020-08-22,Montgomery,1,194,190,19074,0.005263157894736842,0.0,0.002440243322457442
14819,2020-08-23,Montgomery,2,196,163,19237,0.012269938650306749,0.0,0.002767216962314518
14820,2020-08-24,Montgomery,0,196,92,19329,0.0,0.0,0.002767216962314518
14821,2020-08-25,Montgomery,1,197,169,19498,0.005917159763313609,0.0,0.0027595786321553345
14822,2020-08-26,Montgomery,1,198,138,19636,0.007246376811594203,0.0,0.0027845661384022116
14823,2020-08-27,Montgomery,2,200,263,19899,0.0076045627376425855,0.0,0.0027357997041138568
14824,2020-08-28,Montgomery,2,202,218,20117,0.009174311926605505,0.0,0.0033911076988713926
14825,2020-08-29,Montgomery,0,202,217,20334,0.0,0.0,0.003015167849247332
14826,2020-08-30,Montgomery,4,206,293,20627,0.013651877133105802,0.0,0.0031138777408758365
14827,2020-08-31,Montgomery,1,207,326,20953,0.003067484662576687,0.0,0.0033329837882027425
14828,2020-09-01,Montgomery,1,208,65,21018,0.015384615384615385,0.0,0.004009230618295726
14829,2020-09-02,Montgomery,3,211,158,21176,0.0189873417721519,0.0,0.004847870972621277
14830,2020-09-03,Montgomery,1,212,242,21418,0.004132231404958678,0.0,0.004599847306000998
14831,2020-09-04,Montgomery,2,214,222,21640,0.009009009009009009,0.0,0.0045880399547441044
14832,2020-09-05,Montgomery,1,215,213,21853,0.004694835680751174,0.0,0.004923385360512045
14833,2020-09-06,Montgomery,0,215,169,22022,0.0,0.0,0.003948251279575917
14834,2020-09-07,Montgomery,0,215,163,22185,0.0,0.0,0.0037291452322490105
14835,2020-09-08,Montgomery,0,215,75,22260,0.0,0.0,0.0026302441333479116
14836,2020-09-09,Montgomery,0,215,137,22397,0.0,0.0,0.0012740054353370615
14837,2020-09-10,Montgomery,2,217,276,22673,0.007246376811594203,0.0,0.0014964443929538847
14838,2020-09-11,Montgomery,1,218,259,22932,0.003861003861003861,0.0,0.0011287297395249456
14839,2020-09-12,Montgomery,0,218,260,23192,0.0,0.0,0.0007933843337570046
14840,2020-09-13,Montgomery,0,218,322,23514,0.0,0.0,0.0007933843337570046
14841,2020-09-14,Montgomery,0,218,169,23683,0.0,0.0,0.0007933843337570046
14842,2020-09-15,Montgomery,0,218,190,23873,0.0,0.0,0.0007933843337570046
14843,2020-09-16,Montgomery,1,219,177,24050,0.005649717514124294,0.0,0.0011969355847658827
14844,2020-09-17,Montgomery,0,219,213,24263,0.0,0.0,0.0006793372410805824
14845,2020-09-18,Montgomery,4,223,244,24507,0.01639344262295082,0.0,0.0015745114383625082
14846,2020-09-19,Montgomery,4,227,287,24794,0.013937282229965157,0.0,0.002570031597645734
14847,2020-09-20,Montgomery,0,227,254,25048,0.0,0.0,0.002570031597645734
14848,2020-09-21,Montgomery,2,229,434,25482,0.004608294930875576,0.0,0.0028991955212797032
14849,2020-09-22,Montgomery,1,230,86,25568,0.011627906976744186,0.0,0.0037297603053328596
14850,2020-09-23,Montgomery,2,232,155,25723,0.012903225806451613,0.0,0.004247868040499097
14851,2020-09-24,Montgomery,0,232,251,25974,0.0,0.0,0.004247868040499097
14852,2020-09-25,Montgomery,0,232,159,26133,0.0,0.0,0.003076907853145467
14853,2020-09-26,Montgomery,0,232,144,26277,0.0,0.0,0.002081387693862241
14854,2020-09-27,Montgomery,0,232,70,26347,0.0,0.0,0.002081387693862241
14855,2020-09-28,Montgomery,2,234,217,26564,0.009216589861751152,0.0,0.0024105516174962108
14856,2020-09-29,Montgomery,1,235,75,26639,0.013333333333333334,0.0,0.002532367785824007
14857,2020-09-30,Montgomery,0,235,100,26739,0.0,0.0,0.0016107087996488918
14858,2020-10-01,Montgomery,1,236,272,27011,0.003676470588235294,0.0,0.0018733138416656984
14859,2020-10-02,Montgomery,1,237,354,27365,0.002824858757062147,0.0,0.0020750894671701377
14860,2020-10-03,Montgomery,1,238,310,27675,0.0032258064516129032,0.0,0.0023055042137139167
14861,2020-10-04,Montgomery,0,238,214,27889,0.0,0.0,0.0023055042137139167
14862,2020-10-05,Montgomery,3,241,180,28069,0.016666666666666666,0.0,0.0028376525569221676
14863,2020-10-06,Montgomery,0,241,71,28140,0.0,0.0,0.001885271604541215
14864,2020-10-07,Montgomery,1,242,300,28440,0.0033333333333333335,0.0,0.002123366842636453
14865,2020-10-08,Montgomery,2,244,289,28729,0.006920415224913495,0.0,0.0023550771738277535
14866,2020-10-09,Montgomery,1,245,300,29029,0.0033333333333333335,0.0,0.0023913967864185523
14867,2020-10-10,Montgomery,0,245,173,29202,0.0,0.0,0.0021609820398747733
14868,2020-10-11,Montgomery,0,245,269,29471,0.0,0.0,0.0021609820398747733
14869,2020-10-12,Montgomery,4,249,149,29620,0.026845637583892617,0.0,0.0028880513911051986
14870,2020-10-13,Montgomery,0,249,65,29685,0.0,0.0,0.0028880513911051986
14871,2020-10-14,Montgomery,1,250,299,29984,0.0033444816053511705,0.0,0.00288884769624933
14872,2020-10-15,Montgomery,2,252,403,30387,0.004962779156327543,0.0,0.0027490165484931905
14873,2020-10-16,Montgomery,2,254,269,30656,0.007434944237918215,0.0,0.0030419887559635394
14874,2020-10-17,Montgomery,0,254,223,30879,0.0,0.0,0.0030419887559635394
14875,2020-10-18,Montgomery,1,255,216,31095,0.004629629629629629,0.0,0.00337267658665137
14876,2020-10-19,Montgomery,1,256,142,31237,0.007042253521126761,0.0,0.0019581491535966655
14877,2020-10-20,Montgomery,1,257,111,31348,0.009009009009009009,0.0,0.002601649797097309
14878,2020-10-21,Montgomery,2,259,206,31554,0.009708737864077669,0.0,0.003056239529863488
14879,2020-10-22,Montgomery,2,261,211,31765,0.009478672985781991,0.0,0.003378803374824519
14880,2020-10-23,Montgomery,0,261,328,32093,0.0,0.0,0.002847735929258933
14881,2020-10-24,Montgomery,0,261,239,32332,0.0,0.0,0.002847735929258933
14882,2020-10-25,Montgomery,1,262,190,32522,0.005263157894736842,0.0,0.002892987948195162
14883,2020-10-26,Montgomery,4,266,99,32621,0.04040404040404041,0.0,0.005275972725546138
14884,2020-10-27,Montgomery,2,268,118,32739,0.01694915254237288,0.0,0.005843125835072128
14885,2020-10-28,Montgomery,2,270,372,33111,0.005376344086021506,0.0,0.005533669136639545
14886,2020-10-29,Montgomery,2,272,360,33471,0.005555555555555556,0.0,0.0052534464630519416
14887,2020-10-30,Montgomery,1,273,422,33893,0.002369668246445498,0.0,0.005422708480655193
14888,2020-10-31,Montgomery,0,273,220,34113,0.0,0.0,0.005422708480655193
14889,2020-11-01,Montgomery,3,276,147,34260,0.02040816326530612,1.0,0.0065044945785529985
14890,2020-11-02,Montgomery,5,281,196,34456,0.025510204081632654,1.0,0.005440649126952443
14891,2020-11-03,Montgomery,2,283,93,34549,0.021505376344086023,1.0,0.005766093684217668
14892,2020-11-04,Montgomery,0,283,242,34791,0.0,0.0,0.005382069106644703
14893,2020-11-05,Montgomery,9,292,318,35109,0.02830188679245283,1.0,0.007006807052137366
14894,2020-11-06,Montgomery,3,295,270,35379,0.011111111111111112,1.0,0.00763119582818491
14895,2020-11-07,Montgomery,1,296,348,35727,0.0028735632183908046,1.0,0.007836450343784253
14896,2020-11-08,Montgomery,0,296,258,35985,0.0,1.0,0.006378724396262387
14897,2020-11-09,Montgomery,0,296,97,36082,0.0,1.0,0.004556566961860055
14898,2020-11-10,Montgomery,4,300,124,36206,0.03225806451612903,1.0,0.005324616117005985
14899,2020-11-11,Montgomery,4,304,297,36503,0.013468013468013467,1.0,0.006286617079006946
14900,2020-11-12,Montgomery,3,307,225,36728,0.013333333333333334,1.0,0.0052174346890698385
14901,2020-11-13,Montgomery,12,319,207,36935,0.057971014492753624,1.0,0.008564570644901447
14902,2020-11-14,Montgomery,3,322,183,37118,0.01639344262295082,1.0,0.009530276316655734
14903,2020-11-15,Montgomery,3,325,270,37388,0.011111111111111112,2.0,0.010323927110306528
14904,2020-11-16,Montgomery,6,331,379,37767,0.0158311345646438,2.0,0.011454722436352514
14905,2020-11-17,Montgomery,18,349,316,38083,0.056962025316455694,3.0,0.013219291064947276
14906,2020-11-18,Montgomery,13,362,312,38395,0.041666666666666664,4.0,0.015233480579136788
14907,2020-11-19,Montgomery,2,364,171,38566,0.011695906432748537,4.0,0.015116521514809302
14908,2020-11-20,Montgomery,12,376,403,38969,0.02977667493796526,4.0,0.013102640118038704
14909,2020-11-21,Montgomery,2,378,97,39066,0.020618556701030927,4.0,0.013404433980758714
14910,2020-11-22,Montgomery,18,396,829,39895,0.021712907117008445,5.0,0.014161705124037095
14911,2020-11-23,Montgomery,17,413,390,40285,0.04358974358974359,5.0,0.016144462911544224
14912,2020-11-24,Montgomery,29,442,339,40624,0.0855457227138643,6.0,0.018186155582787696
14913,2020-11-25,Montgomery,18,460,430,41054,0.04186046511627907,7.0,0.01819999832918858
14914,2020-11-26,Montgomery,6,466,227,41281,0.02643171806167401,7.0,0.01925255630268326
14915,2020-11-27,Montgomery,6,472,213,41494,0.028169014084507043,6.0,0.019137723384579097
14916,2020-11-28,Montgomery,12,484,288,41782,0.041666666666666664,7.0,0.02064115981069594
14917,2020-11-29,Montgomery,10,494,458,42240,0.021834061135371178,7.0,0.02064981366915042
14918,2020-11-30,Montgomery,16,510,463,42703,0.03455723542116631,6.0,0.02000463451425204
14919,2020-12-01,Montgomery,12,522,312,43015,0.038461538461538464,5.0,0.016641478496228768
14920,2020-12-02,Montgomery,12,534,172,43187,0.06976744186046512,5.0,0.01863483397795634
14921,2020-12-03,Montgomery,25,559,307,43494,0.08143322475570032,6.0,0.022563513027529652
14922,2020-12-04,Montgomery,42,601,802,44296,0.05236907730673317,9.0,0.024292088971974376
14923,2020-12-05,Montgomery,22,623,393,44689,0.05597964376590331,9.0,0.025314444479062705
14924,2020-12-06,Montgomery,5,628,274,44963,0.01824817518248175,9.0,0.025058309768142027
14925,2020-12-07,Montgomery,25,653,417,45380,0.05995203836930456,10.0,0.02687222426443762
14926,2020-12-08,Montgomery,18,671,355,45735,0.05070422535211268,10.0,0.027746701899478636
14927,2020-12-09,Montgomery,12,683,293,46028,0.040955631399317405,10.0,0.025688715437968083
14928,2020-12-10,Montgomery,34,717,586,46614,0.05802047781569966,11.0,0.024016376370825182
14929,2020-12-11,Montgomery,31,748,462,47076,0.0670995670995671,10.0,0.025068554213170464
14930,2020-12-12,Montgomery,18,766,536,47612,0.033582089552238806,10.0,0.023468728912194425
14931,2020-12-13,Montgomery,30,796,361,47973,0.08310249307479224,12.0,0.028101180190216603
14932,2020-12-14,Montgomery,32,828,388,48361,0.08247422680412371,12.0,0.02970990793556083
14933,2020-12-15,Montgomery,29,857,346,48707,0.0838150289017341,13.0,0.032074965331962364
14934,2020-12-16,Montgomery,11,868,249,48956,0.04417670682730924,13.0,0.03230504214824749
14935,2020-12-17,Montgomery,24,892,355,49311,0.0676056338028169,12.0,0.03298969614732729
14936,2020-12-18,Montgomery,16,908,293,49604,0.05460750853242321,11.0,0.03209740624967415
14937,2020-12-19,Montgomery,40,948,375,49979,0.10666666666666667,13.0,0.037317733186419004
14938,2020-12-20,Montgomery,25,973,300,50279,0.08333333333333333,12.0,0.0373342217763148
14939,2020-12-21,Montgomery,58,1031,449,50728,0.1291759465478842,14.0,0.04067005890086912
14940,2020-12-22,Montgomery,41,1072,395,51123,0.10379746835443038,15.0,0.04209737600463314
14941,2020-12-23,Montgomery,19,1091,259,51382,0.07335907335907337,15.0,0.044181830756902005
14942,2020-12-24,Montgomery,31,1122,361,51743,0.08587257617728532,16.0,0.045486612355078324
14943,2020-12-25,Montgomery,72,1194,658,52401,0.1094224924012158,20.0,0.049401968345706364
14944,2020-12-26,Montgomery,19,1213,194,52595,0.0979381443298969,18.0,0.04877850246450853
14945,2020-12-27,Montgomery,27,1240,171,52766,0.15789473684210525,19.0,0.054104317000849375
14946,2020-12-28,Montgomery,33,1273,266,53032,0.12406015037593984,17.0,0.05373890298856763
14947,2020-12-29,Montgomery,9,1282,175,53207,0.05142857142857143,15.0,0.04999826749386342
14948,2020-12-30,Montgomery,25,1307,268,53475,0.09328358208955224,15.0,0.05142144668889763
14949,2020-12-31,Montgomery,86,1393,564,54039,0.1524822695035461,19.0,0.05617928192648769
14950,2021-01-01,Montgomery,56,1449,491,54530,0.11405295315682282,18.0,0.05651002912331675
14951,2021-01-02,Montgomery,43,1492,364,54894,0.11813186813186813,19.0,0.0579524379663147
14952,2021-01-03,Montgomery,24,1516,204,55098,0.11764705882352941,19.0,0.05507760382213071
14953,2021-01-04,Montgomery,43,1559,287,55385,0.14982578397212543,20.0,0.056918006221858254
14954,2021-01-05,Montgomery,42,1601,424,55809,0.09905660377358491,22.0,0.06032000853221636
14955,2021-01-06,Montgomery,32,1633,297,56106,0.10774410774410774,23.0,0.061352903221827466
14956,2021-01-07,Montgomery,109,1742,489,56595,0.2229038854805726,24.0,0.06638301864875794
14957,2021-01-08,Montgomery,79,1821,647,57242,0.12210200927357033,26.0,0.06695795122852562
14958,2021-01-09,Montgomery,62,1883,552,57794,0.11231884057971014,27.0,0.06654273497480004
14959,2021-01-10,Montgomery,40,1923,283,58077,0.1413427561837456,29.0,0.06823528478624405
14960,2021-01-11,Montgomery,29,1952,386,58463,0.07512953367875648,28.0,0.06289983833671771
14961,2021-01-12,Montgomery,15,1967,203,58666,0.07389162561576355,26.0,0.06110233989687331
14962,2021-01-13,Montgomery,19,1986,287,58953,0.06620209059233449,25.0,0.05813505295746094
14963,2021-01-14,Montgomery,83,2069,813,59766,0.10209102091020911,23.0,0.04950556263100641
14964,2021-01-15,Montgomery,54,2123,727,60493,0.07427785419532325,21.0,0.046089551553988764
14965,2021-01-16,Montgomery,44,2167,395,60888,0.11139240506329114,20.0,0.04602337758853026
14966,2021-01-17,Montgomery,30,2197,435,61323,0.06896551724137931,19.0,0.04085357480693267
14967,2021-01-18,Montgomery,33,2230,187,61510,0.17647058823529413,19.0,0.04809222156097107
14968,2021-01-19,Montgomery,35,2265,431,61941,0.08120649651972157,21.0,0.048614712339825214
14969,2021-01-20,Montgomery,33,2298,455,62396,0.07252747252747253,22.0,0.04906652533519223
14970,2021-01-21,Montgomery,44,2342,489,62885,0.08997955010224949,19.0,0.048201420277480825
14971,2021-01-22,Montgomery,58,2400,793,63678,0.07313997477931904,19.0,0.048120143176337664
14972,2021-01-23,Montgomery,38,2438,544,64222,0.06985294117647059,19.0,0.045153038612993336
14973,2021-01-24,Montgomery,25,2463,315,64537,0.07936507936507936,19.0,0.04589586447897191
14974,2021-01-25,Montgomery,33,2496,226,64763,0.14601769911504425,19.0,0.043720658113239774
14975,2021-01-26,Montgomery,27,2523,292,65055,0.09246575342465753,18.0,0.04452489074930662
14976,2021-01-27,Montgomery,22,2545,341,65396,0.06451612903225806,17.0,0.04395265192821988
14977,2021-01-28,Montgomery,70,2615,564,65960,0.12411347517730496,19.0,0.046390789433580985
14978,2021-01-29,Montgomery,34,2649,694,66654,0.04899135446685879,17.0,0.044665887982690965
14979,2021-01-30,Montgomery,25,2674,463,67117,0.05399568034557235,16.0,0.043533226494769664
14980,2021-01-31,Montgomery,24,2698,367,67484,0.0653950953678474,16.0,0.042535370494967376
14981,2021-02-01,Montgomery,14,2712,233,67717,0.060085836909871244,15.0,0.03639738033745503
14982,2021-02-02,Montgomery,13,2725,222,67939,0.05855855855855856,14.0,0.03397543784701938
14983,2021-02-03,Montgomery,12,2737,218,68157,0.05504587155963303,13.0,0.033298990884689024
14984,2021-02-04,Montgomery,46,2783,461,68618,0.09978308026030369,12.0,0.031561105533474645
14985,2021-02-05,Montgomery,36,2819,613,69231,0.05872756933115824,12.0,0.03225654945235318
14986,2021-02-06,Montgomery,19,2838,591,69822,0.032148900169204735,11.0,0.030696065154041212
14987,2021-02-07,Montgomery,14,2852,197,70019,0.07106598984771574,11.0,0.031101129045460373
14988,2021-02-08,Montgomery,30,2882,341,70360,0.08797653958944282,12.0,0.033093322094001204
14989,2021-02-09,Montgomery,9,2891,246,70606,0.036585365853658534,11.0,0.03152380832936549
14990,2021-02-10,Montgomery,15,2906,307,70913,0.048859934853420196,12.0,0.031081955707493142
14991,2021-02-11,Montgomery,20,2926,499,71412,0.04008016032064128,10.0,0.026817461426088682
14992,2021-02-12,Montgomery,11,2937,425,71837,0.02588235294117647,8.0,0.024471374541089986
14993,2021-02-13,Montgomery,37,2974,545,72382,0.06788990825688074,9.0,0.027024303690209694
14994,2021-02-14,Montgomery,14,2988,208,72590,0.0673076923076923,9.0,0.026755853865922306
14995,2021-02-15,Montgomery,14,3002,246,72836,0.056910569105691054,8.0,0.024536855974225755
14996,2021-02-16,Montgomery,8,3010,193,73029,0.04145077720207254,8.0,0.02488438535625533
14997,2021-02-17,Montgomery,19,3029,303,73332,0.0627062706270627,8.0,0.025873409340086934
14998,2021-02-18,Montgomery,30,3059,478,73810,0.06276150627615062,9.0,0.027493505479766173
14999,2021-02-19,Montgomery,20,3079,368,74178,0.05434782608695652,10.0,0.029526753561607607
15000,2021-02-20,Montgomery,16,3095,457,74635,0.0350109409190372,8.0,0.027178255894618777
15001,2021-02-21,Montgomery,7,3102,168,74803,0.041666666666666664,8.0,0.02534675406311695
15002,2021-02-22,Montgomery,8,3110,252,75055,0.031746031746031744,7.0,0.02354928710885557
15003,2021-02-23,Montgomery,11,3121,240,75295,0.04583333333333333,7.0,0.02386232683251705
15004,2021-02-24,Montgomery,16,3137,351,75646,0.045584045584045586,7.0,0.022639310758015833
15005,2021-02-25,Montgomery,12,3149,477,76123,0.025157232704402517,6.0,0.01995329121717668
15006,2021-02-26,Montgomery,19,3168,435,76558,0.04367816091954023,6.0,0.019191172276646944
15007,2021-02-27,Montgomery,14,3182,383,76941,0.03655352480417755,6.0,0.019301356839871258
15008,2021-02-28,Montgomery,8,3190,271,77212,0.02952029520295203,6.0,0.018433758878177355
15009,2021-03-01,Montgomery,9,3199,161,77373,0.055900621118012424,6.0,0.020159086690461687
15010,2021-03-02,Montgomery,7,3206,342,77715,0.02046783625730994,6.0,0.018347265470745732
15011,2021-03-03,Montgomery,13,3219,389,78104,0.033419023136246784,5.0,0.01747833529590296
15012,2021-03-04,Montgomery,13,3232,511,78615,0.025440313111545987,5.0,0.01749855532498464
15013,2021-03-05,Montgomery,12,3244,366,78981,0.03278688524590164,5.0,0.016720607062581883
15014,2021-03-06,Montgomery,15,3259,479,79460,0.031315240083507306,5.0,0.01634644386824829
15015,2021-03-07,Montgomery,10,3269,314,79774,0.03184713375796178,5.0,0.016512646622177562
15016,2021-03-08,Montgomery,11,3280,221,79995,0.049773755656108594,5.0,0.016075013374898715
15017,2021-03-09,Montgomery,4,3284,323,80318,0.01238390092879257,5.0,0.015497589422861762
15018,2021-03-10,Montgomery,21,3305,302,80620,0.0695364238410596,6.0,0.018077403758919818
15019,2021-03-11,Montgomery,10,3315,452,81072,0.022123893805309734,5.0,0.017840516665617232
15020,2021-03-12,Montgomery,12,3327,364,81436,0.03296703296703297,5.0,0.017853384359983755
15021,2021-03-13,Montgomery,3,3330,297,81733,0.010101010101010102,5.0,0.01633808221837681
15022,2021-03-14,Montgomery,7,3337,434,82167,0.016129032258064516,4.0,0.015215360682669862
15023,2021-03-15,Montgomery,6,3343,206,82373,0.02912621359223301,4.0,0.013740536249535893
15024,2021-03-16,Montgomery,7,3350,218,82591,0.03211009174311927,4.0,0.015149549879130657
15025,2021-03-17,Montgomery,12,3362,290,82881,0.041379310344827586,4.0,0.013138327486542657
15026,2021-03-18,Montgomery,18,3380,532,83413,0.03383458646616541,4.0,0.013974805533746634
15027,2021-03-19,Montgomery,20,3400,400,83813,0.05,5.0,0.015191446036101421
15028,2021-03-20,Montgomery,11,3411,302,84115,0.03642384105960265,5.0,0.01707164824742946
15029,2021-03-21,Montgomery,8,3419,274,84389,0.029197080291970802,5.0,0.018005080249851337
15030,2021-03-22,Montgomery,15,3434,387,84776,0.03875968992248062,6.0,0.018693185702011877
15031,2021-03-23,Montgomery,14,3448,302,85078,0.046357615894039736,7.0,0.0197108659985062
15032,2021-03-24,Montgomery,22,3470,332,85410,0.06626506024096386,7.0,0.021488419562515935
15033,2021-03-25,Montgomery,31,3501,531,85941,0.0583804143126177,8.0,0.023241692980119667
15034,2021-03-26,Montgomery,13,3514,457,86398,0.028446389496717725,8.0,0.02170214937274237
15035,2021-03-27,Montgomery,15,3529,626,87024,0.023961661341853034,8.0,0.020811993678617392
15036,2021-03-28,Montgomery,10,3539,143,87167,0.06993006993006994,8.0,0.023721492938481616
15037,2021-03-29,Montgomery,21,3560,329,87496,0.06382978723404255,9.0,0.025512214175021752
15038,2021-03-30,Montgomery,25,3585,647,88143,0.03863987635239567,9.0,0.02496094706490432
15039,2021-03-31,Montgomery,34,3619,466,88609,0.07296137339055794,10.0,0.02543925514701818
15040,2021-04-01,Montgomery,16,3635,594,89203,0.026936026936026935,9.0,0.023193227477261703
15041,2021-04-02,Montgomery,18,3653,698,89901,0.025787965616045846,9.0,0.023003340057213707
15042,2021-04-03,Montgomery,19,3672,485,90386,0.03917525773195876,10.0,0.024090025513649832
15043,2021-04-04,Montgomery,13,3685,273,90659,0.047619047619047616,10.0,0.022496381062862524
15044,2021-04-05,Montgomery,14,3699,329,90988,0.0425531914893617,9.0,0.020976624223956748
15045,2021-04-06,Montgomery,12,3711,339,91327,0.035398230088495575,9.0,0.020745078062249598
15046,2021-04-07,Montgomery,11,3722,325,91652,0.033846153846153845,7.0,0.017951133809077875
15047,2021-04-08,Montgomery,27,3749,865,92517,0.03121387283236994,8.0,0.018256694230245233
15048,2021-04-09,Montgomery,23,3772,414,92931,0.05555555555555555,8.0,0.02038295065449593
15049,2021-04-10,Montgomery,18,3790,461,93392,0.039045553145336226,8.0,0.020373686041165746
15050,2021-04-11,Montgomery,12,3802,135,93527,0.08888888888888889,8.0,0.02332153184615441
15051,2021-04-12,Montgomery,15,3817,299,93826,0.05016722408026756,8.0,0.023865391316933403
15052,2021-04-13,Montgomery,25,3842,378,94204,0.06613756613756613,9.0,0.0260610581775813
15053,2021-04-14,Montgomery,19,3861,481,94685,0.0395010395010395,9.0,0.026464978581501705
15054,2021-04-15,Montgomery,11,3872,527,95212,0.020872865275142316,8.0,0.025726335184556876
15055,2021-04-16,Montgomery,9,3881,495,95707,0.01818181818181818,7.0,0.023056782515004204
15056,2021-04-17,Montgomery,15,3896,406,96113,0.03694581280788178,7.0,0.02290680106232888
15057,2021-04-18,Montgomery,15,3911,224,96337,0.06696428571428571,7.0,0.021340757978428656
15058,2021-04-19,Montgomery,4,3915,185,96522,0.021621621621621623,7.0,0.019301786374239658
15059,2021-04-20,Montgomery,8,3923,505,97027,0.015841584158415842,5.0,0.015709216232871782
15060,2021-04-21,Montgomery,12,3935,283,97310,0.04240282685512368,5.0,0.01591648675816351
15061,2021-04-22,Montgomery,15,3950,590,97900,0.025423728813559324,5.0,0.01624154843947901
15062,2021-04-23,Montgomery,15,3965,413,98313,0.03631961259079903,6.0,0.01753710518297764
15063,2021-04-24,Montgomery,29,3994,387,98700,0.07493540051679587,7.0,0.020250647162185786
15064,2021-04-25,Montgomery,24,4018,235,98935,0.10212765957446808,7.0,0.02276231672362739
15065,2021-04-26,Montgomery,12,4030,184,99119,0.06521739130434782,8.0,0.025876300272393547
15066,2021-04-27,Montgomery,9,4039,376,99495,0.023936170212765957,8.0,0.02645448499056141
15067,2021-04-28,Montgomery,9,4048,467,99962,0.019271948608137045,8.0,0.024802279401490934
15068,2021-04-29,Montgomery,19,4067,627,100589,0.030303030303030304,8.0,0.02515080093645315
15069,2021-04-30,Montgomery,12,4079,528,101117,0.022727272727272728,8.0,0.024179919517629843
15070,2021-05-01,Montgomery,13,4092,398,101515,0.032663316582914576,7.0,0.021160484950924038
15071,2021-05-02,Montgomery,6,4098,183,101698,0.03278688524590164,5.0,0.016207572498883577
15072,2021-05-03,Montgomery,8,4106,254,101952,0.031496062992125984,5.0,0.013798906190867733
15073,2021-05-04,Montgomery,12,4118,358,102310,0.0335195530726257,5.0,0.01448343353800057
15074,2021-05-05,Montgomery,12,4130,375,102685,0.032,5.0,0.015392580065990782
15075,2021-05-06,Montgomery,16,4146,674,103359,0.02373887240356083,5.0,0.014923711644600105
15076,2021-05-07,Montgomery,18,4164,576,103935,0.03125,6.0,0.015532477878366339
15077,2021-05-08,Montgomery,11,4175,295,104230,0.03728813559322034,5.0,0.015862822093388178
15078,2021-05-09,Montgomery,3,4178,239,104469,0.012552301255230125,5.0,0.014417494665483071
15079,2021-05-10,Montgomery,0,4178,150,104619,0.0,5.0,0.012167775880331215
15080,2021-05-11,Montgomery,6,4184,355,104974,0.016901408450704224,4.0,0.010980765550193965
15081,2021-05-12,Montgomery,4,4188,358,105332,0.0111731843575419,4.0,0.009493135861446959
15082,2021-05-13,Montgomery,7,4195,443,105775,0.01580135440180587,3.0,0.008926170289893034
15083,2021-05-14,Montgomery,8,4203,560,106335,0.014285714285714285,2.0,0.007714435596015483
15084,2021-05-15,Montgomery,3,4206,223,106558,0.013452914798206279,2.0,0.006011919824943049
15085,2021-05-16,Montgomery,3,4209,151,106709,0.019867549668874173,2.0,0.006534437568774766
15086,2021-05-17,Montgomery,3,4212,128,106837,0.0234375,2.0,0.00820854471163191
15087,2021-05-18,Montgomery,5,4217,341,107178,0.01466275659824047,2.0,0.008048641007884499
15088,2021-05-19,Montgomery,4,4221,367,107545,0.010899182561307902,2.0,0.008029069451010642
15089,2021-05-20,Montgomery,5,4226,425,107970,0.011764705882352941,2.0,0.00774073741390686
15090,2021-05-21,Montgomery,2,4228,556,108526,0.0035971223021582736,1.0,0.006977266557938574
15091,2021-05-22,Montgomery,3,4231,268,108794,0.011194029850746268,1.0,0.006815917633120003
15092,2021-05-23,Montgomery,6,4237,100,108894,0.06,2.0,0.009682521228200418
15093,2021-05-24,Montgomery,3,4240,153,109047,0.0196078431372549,2.0,0.00940897430943291
15094,2021-05-25,Montgomery,3,4243,166,109213,0.018072289156626505,1.0,0.009652512349317629
15095,2021-05-26,Montgomery,1,4244,275,109488,0.0036363636363636364,1.0,0.009133739568964466
15096,2021-05-27,Montgomery,3,4247,584,110072,0.005136986301369863,1.0,0.008660331027465676
15097,2021-05-28,Montgomery,0,4247,298,110370,0.0,1.0,0.008403393720168656
15098,2021-05-29,Montgomery,1,4248,428,110798,0.002336448598130841,1.0,0.00777070934498184
15099,2021-05-30,Montgomery,0,4248,105,110903,0.0,0.0,0.0034849950592675534
15100,2021-05-31,Montgomery,0,4248,71,110974,0.0,0.0,0.0020844348351779173
15101,2021-06-01,Montgomery,1,4249,97,111071,0.010309278350515464,0.0,0.001529934063312843
15102,2021-06-02,Montgomery,0,4249,415,111486,0.0,0.0,0.0012701938035725832
15103,2021-06-03,Montgomery,2,4251,546,112032,0.003663003663003663,0.0,0.001164909329403569
15104,2021-06-04,Montgomery,3,4254,350,112382,0.008571428571428572,0.0,0.0017771542273627527
15105,2021-06-05,Montgomery,0,4254,281,112663,0.0,0.0,0.0016102650417819783
15106,2021-06-06,Montgomery,0,4254,102,112765,0.0,0.0,0.0016102650417819783
15107,2021-06-07,Montgomery,0,4254,229,112994,0.0,0.0,0.0016102650417819783
15108,2021-06-08,Montgomery,0,4254,234,113228,0.0,0.0,0.0008738880167451596
15109,2021-06-09,Montgomery,0,4254,295,113523,0.0,0.0,0.0008738880167451596
15110,2021-06-10,Montgomery,0,4254,541,114064,0.0,0.0,0.0006122448979591838
15111,2021-06-11,Montgomery,0,4254,301,114365,0.0,0.0,0.0
15112,2021-06-12,Montgomery,0,4254,153,114518,0.0,0.0,0.0
15113,2021-06-13,Montgomery,0,4254,45,114563,0.0,0.0,0.0
15114,2021-06-14,Montgomery,0,4254,192,114755,0.0,0.0,0.0
15115,2021-06-15,Montgomery,0,4254,137,114892,0.0,0.0,0.0
15116,2021-06-16,Montgomery,0,4254,207,115099,0.0,0.0,0.0
15117,2021-06-17,Montgomery,0,4254,130,115229,0.0,0.0,0.0
15118,2021-06-18,Montgomery,0,4254,194,115423,0.0,0.0,0.0
15119,2021-06-19,Montgomery,0,4254,95,115518,0.0,0.0,0.0
15120,2021-06-20,Montgomery,0,4254,88,115606,0.0,0.0,0.0
15121,2021-06-21,Montgomery,0,4254,74,115680,0.0,0.0,0.0
15122,2021-06-22,Montgomery,0,4254,65,115745,0.0,0.0,0.0
15123,2021-06-23,Montgomery,0,4254,149,115894,0.0,0.0,0.0
15124,2021-06-24,Montgomery,0,4254,131,116025,0.0,0.0,0.0
15125,2021-06-25,Montgomery,0,4254,91,116116,0.0,0.0,0.0
15126,2021-06-26,Montgomery,1,4255,86,116202,0.011627906976744186,0.0,0.0008305647840531562
15127,2021-06-27,Montgomery,1,4256,76,116278,0.013157894736842105,0.0,0.0017704144081133065
15128,2021-06-28,Montgomery,0,4256,63,116341,0.0,0.0,0.0017704144081133065
15129,2021-06-29,Montgomery,1,4257,125,116466,0.008,0.0,0.002341842979541878
15130,2021-06-30,Montgomery,0,4257,102,116568,0.0,0.0,0.002341842979541878
15131,2021-07-01,Montgomery,0,4257,274,116842,0.0,0.0,0.002341842979541878
15132,2021-07-02,Montgomery,1,4258,145,116987,0.006896551724137931,0.0,0.0028344538169803014
15133,2021-07-03,Montgomery,1,4259,74,117061,0.013513513513513514,0.0,0.002969139998178111
15134,2021-07-04,Montgomery,0,4259,62,117123,0.0,0.0,0.0020292903741179606
15135,2021-07-05,Montgomery,0,4259,23,117146,0.0,0.0,0.0020292903741179606
15136,2021-07-06,Montgomery,1,4260,74,117220,0.013513513513513514,0.0,0.0024231127679403544
15137,2021-07-07,Montgomery,0,4260,204,117424,0.0,0.0,0.0024231127679403544
15138,2021-07-08,Montgomery,0,4260,158,117582,0.0,0.0,0.0024231127679403544
15139,2021-07-09,Montgomery,0,4260,93,117675,0.0,0.0,0.0019305019305019305
15140,2021-07-10,Montgomery,1,4261,68,117743,0.014705882352941176,0.0,0.002015671133318192
15141,2021-07-11,Montgomery,0,4261,40,117783,0.0,0.0,0.002015671133318192
15142,2021-07-12,Montgomery,0,4261,66,117849,0.0,0.0,0.002015671133318192
15143,2021-07-13,Montgomery,1,4262,75,117924,0.013333333333333334,0.0,0.002002801120448179
15144,2021-07-14,Montgomery,0,4262,232,118156,0.0,0.0,0.002002801120448179
15145,2021-07-15,Montgomery,2,4264,161,118317,0.012422360248447204,0.0,0.0028901125667658368
15146,2021-07-16,Montgomery,1,4265,79,118396,0.012658227848101266,0.0,0.00379427169877307
15147,2021-07-17,Montgomery,0,4265,78,118474,0.0,0.0,0.0027438515307058433
15148,2021-07-18,Montgomery,0,4265,37,118511,0.0,0.0,0.0027438515307058433
15149,2021-07-19,Montgomery,4,4269,70,118581,0.05714285714285714,0.0,0.006825484183767068
15150,2021-07-20,Montgomery,0,4269,58,118639,0.0,0.0,0.005873103231386115
15151,2021-07-21,Montgomery,3,4272,90,118729,0.03333333333333333,0.0,0.008254055612338496
15152,2021-07-22,Montgomery,4,4276,88,118817,0.045454545454545456,0.0,0.010613497412774087
15153,2021-07-23,Montgomery,0,4276,101,118918,0.0,0.0,0.009709338280766852
15154,2021-07-24,Montgomery,2,4278,83,119001,0.024096385542168676,0.0,0.011430508676636043
15155,2021-07-25,Montgomery,3,4281,47,119048,0.06382978723404255,1.0,0.015989779193353367
15156,2021-07-26,Montgomery,0,4281,60,119108,0.0,0.0,0.011908146540292144
15157,2021-07-27,Montgomery,4,4285,84,119192,0.047619047619047616,1.0,0.015309507084509831
15158,2021-07-28,Montgomery,5,4290,91,119283,0.054945054945054944,1.0,0.016853201485347087
15159,2021-07-29,Montgomery,1,4291,73,119356,0.0136986301369863,1.0,0.01458492181980715
15160,2021-07-30,Montgomery,6,4297,101,119457,0.0594059405940594,1.0,0.018828203290811394
15161,2021-07-31,Montgomery,4,4301,113,119570,0.035398230088495575,1.0,0.019635477901263316
15162,2021-08-01,Montgomery,6,4307,66,119636,0.09090909090909091,1.0,0.021569713878052482
15163,2021-08-02,Montgomery,2,4309,61,119697,0.03278688524590164,2.0,0.023911634252759745
15164,2021-08-03,Montgomery,2,4311,95,119792,0.021052631578947368,1.0,0.022014033107038294
15165,2021-08-04,Montgomery,3,4314,101,119893,0.0297029702970297,1.0,0.02021102706075078
15166,2021-08-05,Montgomery,14,4328,136,120029,0.10294117647058823,2.0,0.02658549465600806
15167,2020-03-01,Nassau,0,0,0,0,,,
15168,2020-03-02,Nassau,0,0,0,0,,,
15169,2020-03-03,Nassau,0,0,0,0,,,
15170,2020-03-04,Nassau,0,0,0,0,,,
15171,2020-03-05,Nassau,1,1,1,1,1.0,,
15172,2020-03-06,Nassau,3,4,10,11,0.3,,
15173,2020-03-07,Nassau,2,6,5,16,0.4,0.0,
15174,2020-03-08,Nassau,4,10,11,27,0.36363636363636365,1.0,
15175,2020-03-09,Nassau,4,14,15,42,0.26666666666666666,2.0,
15176,2020-03-10,Nassau,6,20,22,64,0.2727272727272727,2.0,
15177,2020-03-11,Nassau,11,31,58,122,0.1896551724137931,4.0,0.39895506792058516
15178,2020-03-12,Nassau,14,45,86,208,0.16279069767441862,6.0,0.27935373901693067
15179,2020-03-13,Nassau,19,64,100,308,0.19,8.0,0.263639453302645
15180,2020-03-14,Nassau,20,84,82,390,0.24390243902439024,5.0,0.12066990086735034
15181,2020-03-15,Nassau,23,107,109,499,0.21100917431192662,6.0,0.10976795877274771
15182,2020-03-16,Nassau,24,131,112,611,0.21428571428571427,8.0,0.10602646217410826
15183,2020-03-17,Nassau,52,183,218,829,0.23853211009174313,11.0,0.10358395055728473
15184,2020-03-18,Nassau,186,369,632,1461,0.29430379746835444,24.0,0.11105885234689625
15185,2020-03-19,Nassau,385,754,1036,2497,0.3716216216216216,50.0,0.1259753469145536
15186,2020-03-20,Nassau,479,1233,1706,4203,0.28077373974208675,83.0,0.13245918546755978
15187,2020-03-21,Nassau,667,1900,1968,6171,0.3389227642276423,129.0,0.13924635155350634
15188,2020-03-22,Nassau,542,2442,1323,7494,0.40967498110355255,166.0,0.1534367663243368
15189,2020-03-23,Nassau,427,2869,993,8487,0.4300100704934542,195.0,0.1688456489106039
15190,2020-03-24,Nassau,416,3285,896,9383,0.4642857142857143,221.0,0.18497090635303046
15191,2020-03-25,Nassau,629,3914,1735,11118,0.362536023054755,253.0,0.18984463675205904
15192,2020-03-26,Nassau,743,4657,1412,12530,0.5262039660056658,278.0,0.20088623277949078
15193,2020-03-27,Nassau,880,5537,1827,14357,0.481663929939792,307.0,0.21523553207932689
15194,2020-03-28,Nassau,908,6445,2107,16464,0.43094447081158044,324.0,0.22180851112103675
15195,2020-03-29,Nassau,899,7344,1830,18294,0.4912568306010929,350.0,0.22763578608514676
15196,2020-03-30,Nassau,1200,8544,2261,20555,0.5307386112339673,405.0,0.23483068185232625
15197,2020-03-31,Nassau,1010,9554,1845,22400,0.5474254742547425,447.0,0.2407692361358283
15198,2020-04-01,Nassau,1033,10587,1908,24308,0.5414046121593291,476.0,0.2535455639290122
15199,2020-04-02,Nassau,1437,12024,2663,26971,0.5396169733383402,526.0,0.25450363588134606
15200,2020-04-03,Nassau,1322,13346,2694,29665,0.49072011878247956,557.0,0.25515050651296656
15201,2020-04-04,Nassau,1052,14398,2195,31860,0.47927107061503416,568.0,0.2586024064989276
15202,2020-04-05,Nassau,1218,15616,2363,34223,0.5154464663563267,590.0,0.2603302376243014
15203,2020-04-06,Nassau,994,16610,2097,36320,0.47401049117787314,576.0,0.2562782290488661
15204,2020-04-07,Nassau,1938,18548,4179,40499,0.4637473079684135,642.0,0.2503012171712712
15205,2020-04-08,Nassau,1592,20140,3598,44097,0.4424680377987771,682.0,0.2432343190026603
15206,2020-04-09,Nassau,1372,21512,3021,47118,0.45415425355842437,677.0,0.2371298390183806
15207,2020-04-10,Nassau,1072,22584,2527,49645,0.42421844083893945,659.0,0.2323797191652706
15208,2020-04-11,Nassau,969,23553,2307,51952,0.42002600780234073,653.0,0.22814792896436395
15209,2020-04-12,Nassau,805,24358,2072,54024,0.3885135135135135,624.0,0.21908128947559155
15210,2020-04-13,Nassau,892,25250,2283,56307,0.3907139728427508,617.0,0.21313153816593997
15211,2020-04-14,Nassau,1465,26715,3155,59462,0.4643423137876387,583.0,0.21317403858159892
15212,2020-04-15,Nassau,1057,27772,2814,62276,0.3756218905472637,545.0,0.20839931377791937
15213,2020-04-16,Nassau,767,28539,2386,64662,0.3214585079631182,501.0,0.19892104623539747
15214,2020-04-17,Nassau,641,29180,1973,66635,0.324885960466295,471.0,0.1918258690659229
15215,2020-04-18,Nassau,833,30013,2658,69293,0.31339352896914974,461.0,0.1842092634349807
15216,2020-04-19,Nassau,664,30677,2196,71489,0.302367941712204,451.0,0.1780560083063157
15217,2020-04-20,Nassau,402,31079,1385,72874,0.29025270758122745,416.0,0.17088020364477832
15218,2020-04-21,Nassau,476,31555,1697,74571,0.2804949911608721,345.0,0.15774825202858075
15219,2020-04-22,Nassau,569,32124,1980,76551,0.2873737373737374,310.0,0.151444812516186
15220,2020-04-23,Nassau,641,32765,2787,79338,0.22999641191245065,301.0,0.14491180565542403
15221,2020-04-24,Nassau,1033,33798,4225,83563,0.24449704142011836,329.0,0.13916974000926857
15222,2020-04-25,Nassau,724,34522,3334,86897,0.21715656868626274,322.0,0.13229567141763376
15223,2020-04-26,Nassau,343,34865,1871,88768,0.18332442544094069,299.0,0.12379256311254354
15224,2020-04-27,Nassau,220,35085,1499,90267,0.1467645096731154,286.0,0.11354340611910696
15225,2020-04-28,Nassau,420,35505,2509,92776,0.16739736946990832,282.0,0.1054650045697524
15226,2020-04-29,Nassau,349,35854,2424,95200,0.14397689768976898,266.0,0.09522237316375466
15227,2020-04-30,Nassau,307,36161,2108,97308,0.14563567362428842,242.0,0.08919660614317163
15228,2020-05-01,Nassau,358,36519,2384,99692,0.15016778523489932,194.0,0.08245880212994171
15229,2020-05-02,Nassau,261,36780,2194,101886,0.11896080218778486,161.0,0.07544481880862186
15230,2020-05-03,Nassau,185,36965,1736,103622,0.10656682027649769,150.0,0.06996213272544735
15231,2020-05-04,Nassau,187,37152,1822,105444,0.1026344676180022,147.0,0.06680998686436784
15232,2020-05-05,Nassau,198,37350,1765,107209,0.11218130311614731,131.0,0.0628659821248135
15233,2020-05-06,Nassau,243,37593,2658,109867,0.09142212189616253,124.0,0.059112069568127305
15234,2020-05-07,Nassau,219,37812,2050,111917,0.10682926829268292,117.0,0.05634018347301263
15235,2020-05-08,Nassau,216,38028,2390,114307,0.09037656903765691,107.0,0.05206938231606674
15236,2020-05-09,Nassau,189,38217,2260,116567,0.0836283185840708,102.0,0.04954563348723002
15237,2020-05-10,Nassau,120,38337,1756,118323,0.0683371298405467,98.0,0.04681494131323353
15238,2020-05-11,Nassau,97,38434,1558,119881,0.06225930680359435,91.0,0.04393100125506154
15239,2020-05-12,Nassau,153,38587,2374,122255,0.06444818871103622,88.0,0.04052149308326788
15240,2020-05-13,Nassau,156,38743,2633,124888,0.059248006076718575,82.0,0.03822334195330761
15241,2020-05-14,Nassau,121,38864,2363,127251,0.051206093948370716,75.0,0.03425025807157102
15242,2020-05-15,Nassau,169,39033,2478,129729,0.06820016142050041,71.0,0.03266622895605984
15243,2020-05-16,Nassau,103,39136,2020,131749,0.05099009900990099,65.0,0.030334927557904855
15244,2020-05-17,Nassau,89,39225,1749,133498,0.05088622069754145,63.0,0.0290884340476902
15245,2020-05-18,Nassau,70,39295,1635,135133,0.04281345565749235,61.0,0.027699444680111485
15246,2020-05-19,Nassau,73,39368,2281,137414,0.032003507233669445,55.0,0.025381967431728138
15247,2020-05-20,Nassau,119,39487,3112,140526,0.03823907455012854,53.0,0.023881329465543135
15248,2020-05-21,Nassau,121,39608,3097,143623,0.039070067807555696,53.0,0.02301447045548492
15249,2020-05-22,Nassau,118,39726,4188,147811,0.028175740210124166,49.0,0.020155583226172332
15250,2020-05-23,Nassau,111,39837,3739,151550,0.02968708210751538,50.0,0.018633939161716215
15251,2020-05-24,Nassau,70,39907,2891,154441,0.024213075060532687,48.0,0.016728714473358445
15252,2020-05-25,Nassau,67,39974,2269,156710,0.029528426619656236,48.0,0.015779783827798727
15253,2020-05-26,Nassau,60,40034,2390,159100,0.02510460251046025,47.0,0.015287004918998068
15254,2020-05-27,Nassau,106,40140,4664,163764,0.022727272727272728,46.0,0.01417901907450837
15255,2020-05-28,Nassau,86,40226,4760,168524,0.018067226890756304,44.0,0.01267881615187984
15256,2020-05-29,Nassau,81,40307,4710,173234,0.017197452229299363,41.0,0.01189465272467807
15257,2020-05-30,Nassau,89,40396,4112,177346,0.02164396887159533,39.0,0.011320144636398063
15258,2020-05-31,Nassau,83,40479,3878,181224,0.021402784940691078,40.0,0.01111940962783795
15259,2020-06-01,Nassau,93,40572,3851,185075,0.024149571539859777,42.0,0.010735205693566773
15260,2020-06-02,Nassau,72,40644,4433,189508,0.016241822693435597,43.0,0.010102149992350725
15261,2020-06-03,Nassau,69,40713,5104,194612,0.013518808777429467,40.0,0.009444402567361922
15262,2020-06-04,Nassau,84,40797,5177,199789,0.016225613289549932,40.0,0.009312858738704324
15263,2020-06-05,Nassau,56,40853,5533,205322,0.010121091632026026,39.0,0.008807404410327657
15264,2020-06-06,Nassau,51,40904,4119,209441,0.012381646030589949,36.0,0.008145809921684417
15265,2020-06-07,Nassau,43,40947,4033,213474,0.010662038184973965,33.0,0.00737861372484748
15266,2020-06-08,Nassau,33,40980,3159,216633,0.010446343779677113,29.0,0.006399811741977289
15267,2020-06-09,Nassau,35,41015,4210,220843,0.00831353919239905,26.0,0.005833505777617536
15268,2020-06-10,Nassau,45,41060,4869,225712,0.009242144177449169,24.0,0.005528029734761801
15269,2020-06-11,Nassau,54,41114,4796,230508,0.011259382819015847,22.0,0.005173298986866508
15270,2020-06-12,Nassau,58,41172,5228,235736,0.011094108645753635,22.0,0.005242800202132766
15271,2020-06-13,Nassau,32,41204,4039,239775,0.007922753156721961,21.0,0.004924307853999338
15272,2020-06-14,Nassau,36,41240,3939,243714,0.00913937547600914,20.0,0.004815546231930422
15273,2020-06-15,Nassau,50,41290,4585,248299,0.010905125408942203,22.0,0.0048483163483065
15274,2020-06-16,Nassau,30,41320,4270,252569,0.00702576112412178,21.0,0.00475633220057241
15275,2020-06-17,Nassau,29,41349,5054,257623,0.005738029283735655,20.0,0.004506038279592873
15276,2020-06-18,Nassau,38,41387,5646,263269,0.006730428622033298,19.0,0.004182541551236977
15277,2020-06-19,Nassau,56,41443,4698,267967,0.011919965942954448,19.0,0.004241531358179891
15278,2020-06-20,Nassau,36,41479,5000,272967,0.0072,19.0,0.0041899061326997515
15279,2020-06-21,Nassau,34,41513,4104,277071,0.008284600389863547,19.0,0.004128850769403638
15280,2020-06-22,Nassau,31,41544,3374,280445,0.009187907528156491,18.0,0.004006192349347516
15281,2020-06-23,Nassau,41,41585,3983,284428,0.010293748430831032,18.0,0.004239620014112462
15282,2020-06-24,Nassau,61,41646,5618,290046,0.010857956568173727,21.0,0.0046053291058580385
15283,2020-06-25,Nassau,38,41684,3867,293913,0.00982673907421774,21.0,0.004826494138156927
15284,2020-06-26,Nassau,41,41725,5282,299195,0.007762211283604695,20.0,0.004529511662489089
15285,2020-06-27,Nassau,29,41754,5255,304450,0.005518553758325404,19.0,0.0044094083595123314
15286,2020-06-28,Nassau,26,41780,3856,308306,0.006742738589211619,19.0,0.00429927537375148
15287,2020-06-29,Nassau,27,41807,3478,311784,0.007763082231167337,18.0,0.004197502138252254
15288,2020-06-30,Nassau,46,41853,3842,315626,0.011972930765226444,19.0,0.004317443733566211
15289,2020-07-01,Nassau,57,41910,5297,320923,0.010760808004530867,18.0,0.004310504550448865
15290,2020-07-02,Nassau,37,41947,4562,325485,0.008110477860587462,18.0,0.004187914463760988
15291,2020-07-03,Nassau,41,41988,4709,330194,0.008706731790189,18.0,0.004255380214231295
15292,2020-07-04,Nassau,43,42031,6290,336484,0.006836248012718601,19.0,0.004349501232402238
15293,2020-07-05,Nassau,22,42053,3801,340285,0.005787950539331755,19.0,0.004281302085982248
15294,2020-07-06,Nassau,35,42088,4066,344351,0.008607968519429415,20.0,0.004341651106572396
15295,2020-07-07,Nassau,34,42122,3792,348143,0.008966244725738396,19.0,0.004126887818037535
15296,2020-07-08,Nassau,42,42164,5038,353181,0.00833664152441445,18.0,0.003953733069457791
15297,2020-07-09,Nassau,68,42232,6711,359892,0.010132618089703472,20.0,0.0040981716572517915
15298,2020-07-10,Nassau,35,42267,5718,365610,0.006121021336131515,19.0,0.003913478053390543
15299,2020-07-11,Nassau,40,42307,5168,370778,0.007739938080495356,19.0,0.003978027343946026
15300,2020-07-12,Nassau,47,42354,4319,375097,0.010882148645519797,21.0,0.004341898637245172
15301,2020-07-13,Nassau,69,42423,3898,378995,0.017701385325808106,23.0,0.004991428409129363
15302,2020-07-14,Nassau,39,42462,4295,383290,0.009080325960419092,24.0,0.004999577068749413
15303,2020-07-15,Nassau,44,42506,5979,389269,0.007359090148854323,24.0,0.004929751970495119
15304,2020-07-16,Nassau,49,42555,5567,394836,0.008801868151607687,23.0,0.004834698403488277
15305,2020-07-17,Nassau,39,42594,4695,399531,0.008306709265175719,23.0,0.0049908189698485775
15306,2020-07-18,Nassau,28,42622,3006,402537,0.009314703925482368,22.0,0.005103302244490507
15307,2020-07-19,Nassau,56,42678,3987,406524,0.014045648357160772,23.0,0.005329266509607719
15308,2020-07-20,Nassau,51,42729,4724,411248,0.010795935647756138,21.0,0.0048360201040325785
15309,2020-07-21,Nassau,36,42765,3991,415239,0.009020295665246805,21.0,0.004831732225805986
15310,2020-07-22,Nassau,51,42816,4594,419833,0.01110143665650849,22.0,0.005099042690638427
15311,2020-07-23,Nassau,44,42860,5798,425631,0.0075888237323214905,21.0,0.0050123966606894135
15312,2020-07-24,Nassau,55,42915,5712,431343,0.009628851540616247,22.0,0.005106835394649451
15313,2020-07-25,Nassau,45,42960,3752,435095,0.01199360341151386,24.0,0.0052981853579374145
15314,2020-07-26,Nassau,57,43017,4176,439271,0.013649425287356323,24.0,0.005269883710094238
15315,2020-07-27,Nassau,42,43059,4208,443479,0.009980988593155894,23.0,0.005211673206194221
15316,2020-07-28,Nassau,41,43100,4616,448095,0.00888214904679376,23.0,0.005201805590590433
15317,2020-07-29,Nassau,58,43158,5731,453826,0.010120397836328739,24.0,0.005131731389149022
15318,2020-07-30,Nassau,45,43203,5138,458964,0.008758271701050993,24.0,0.005215263386915416
15319,2020-07-31,Nassau,68,43271,7106,466070,0.009569377990430622,25.0,0.005211015276187871
15320,2020-08-01,Nassau,51,43322,4727,470797,0.010789083985614555,25.0,0.0051249781743379205
15321,2020-08-02,Nassau,58,43380,3808,474605,0.01523109243697479,25.0,0.005237954399310668
15322,2020-08-03,Nassau,56,43436,4606,479211,0.0121580547112462,26.0,0.005393459122031404
15323,2020-08-04,Nassau,46,43482,5492,484703,0.008375819373634377,27.0,0.005357292716805733
15324,2020-08-05,Nassau,52,43534,5304,490007,0.00980392156862745,26.0,0.005334687269112784
15325,2020-08-06,Nassau,46,43580,5019,495026,0.009165172345088663,26.0,0.005363751600829761
15326,2020-08-07,Nassau,48,43628,6525,501551,0.0073563218390804595,25.0,0.005205676161447606
15327,2020-08-08,Nassau,27,43655,5314,506865,0.005080918328942416,23.0,0.004797950043113883
15328,2020-08-09,Nassau,35,43690,3823,510688,0.009155113784985614,22.0,0.0043639515679717985
15329,2020-08-10,Nassau,34,43724,5273,515961,0.006447942347809596,20.0,0.0039560863991548985
15330,2020-08-11,Nassau,37,43761,5160,521121,0.007170542635658915,19.0,0.0038699952035852227
15331,2020-08-12,Nassau,34,43795,5534,526655,0.006143838091796169,18.0,0.003608560669525845
15332,2020-08-13,Nassau,45,43840,6693,533348,0.006723442402510085,18.0,0.0034341513879130895
15333,2020-08-14,Nassau,51,43891,6389,539737,0.007982469870089217,18.0,0.0034788762472708584
15334,2020-08-15,Nassau,38,43929,5833,545570,0.006514657980456026,19.0,0.0035812862223789732
15335,2020-08-16,Nassau,26,43955,4425,549995,0.005875706214689265,18.0,0.0033470428245006628
15336,2020-08-17,Nassau,46,44001,4460,554455,0.01031390134529148,19.0,0.0036231827528922255
15337,2020-08-18,Nassau,62,44063,7861,562316,0.007887037272611627,21.0,0.00367436094124599
15338,2020-08-19,Nassau,49,44112,5928,568244,0.008265856950067476,22.0,0.0038259337168367984
15339,2020-08-20,Nassau,50,44162,7190,575434,0.006954102920723227,23.0,0.0038424094681377375
15340,2020-08-21,Nassau,43,44205,6974,582408,0.0061657585316891314,22.0,0.0037126443725377313
15341,2020-08-22,Nassau,40,44245,5082,587490,0.007870916961826053,22.0,0.003809520014064162
15342,2020-08-23,Nassau,39,44284,4386,591876,0.008891928864569083,23.0,0.004024964489055577
15343,2020-08-24,Nassau,64,44348,5565,597441,0.011500449236298293,24.0,0.004109717909841778
15344,2020-08-25,Nassau,55,44403,5589,603030,0.009840758633029164,24.0,0.0042492694355858885
15345,2020-08-26,Nassau,47,44450,6294,609324,0.007467429297743883,24.0,0.004192238888991345
15346,2020-08-27,Nassau,53,44503,9814,619138,0.005400448339107398,24.0,0.004081263561733072
15347,2020-08-28,Nassau,51,44554,6780,625918,0.00752212389380531,24.0,0.004178146801884228
15348,2020-08-29,Nassau,56,44610,6719,632637,0.008334573597261497,26.0,0.004211265132986758
15349,2020-08-30,Nassau,67,44677,5442,638079,0.01231165012862918,28.0,0.00445553093756248
15350,2020-08-31,Nassau,84,44761,7238,645317,0.01160541586073501,29.0,0.0044630285535936735
15351,2020-09-01,Nassau,84,44845,10917,656234,0.007694421544380325,31.0,0.004309718761547328
15352,2020-09-02,Nassau,79,44924,6522,662756,0.012112848819380559,33.0,0.004641534441664234
15353,2020-09-03,Nassau,84,45008,7265,670021,0.011562284927735719,36.0,0.005081665626566258
15354,2020-09-04,Nassau,107,45115,6642,676663,0.01610960554049985,40.0,0.005695057172758725
15355,2020-09-05,Nassau,78,45193,6573,683236,0.011866727521679598,41.0,0.005947353881645732
15356,2020-09-06,Nassau,36,45229,4189,687425,0.008593936500358081,39.0,0.005681802908197795
15357,2020-09-07,Nassau,65,45294,4216,691641,0.015417457305502846,38.0,0.005954091582824069
15358,2020-09-08,Nassau,78,45372,4238,695879,0.018404907975460124,37.0,0.006719126327901198
15359,2020-09-09,Nassau,73,45445,6033,701912,0.012100116028509862,37.0,0.006718216842839005
15360,2020-09-10,Nassau,105,45550,7023,708935,0.0149508756941478,38.0,0.006960259040439869
15361,2020-09-11,Nassau,83,45633,5742,714677,0.014454893765238593,37.0,0.006842065342206922
15362,2020-09-12,Nassau,78,45711,5780,720457,0.013494809688581315,37.0,0.006958356925557045
15363,2020-09-13,Nassau,52,45763,4258,724715,0.012212306247064349,38.0,0.007216811907464635
15364,2020-09-14,Nassau,77,45840,6928,731643,0.011114318706697459,39.0,0.006909444864692822
15365,2020-09-15,Nassau,66,45906,4810,736453,0.013721413721413722,38.0,0.006574909560832364
15366,2020-09-16,Nassau,83,45989,6284,742737,0.013208147676639083,38.0,0.006654054678555879
15367,2020-09-17,Nassau,63,46052,6037,748774,0.010435646844459169,35.0,0.006331538332149549
15368,2020-09-18,Nassau,102,46154,8330,757104,0.012244897959183673,37.0,0.006173681488859912
15369,2020-09-19,Nassau,64,46218,6759,763863,0.009468856339695221,36.0,0.005886113392510905
15370,2020-09-20,Nassau,41,46259,4905,768768,0.00835881753312946,35.0,0.0056108641986584145
15371,2020-09-21,Nassau,66,46325,6020,774788,0.010963455149501661,34.0,0.005600088230287285
15372,2020-09-22,Nassau,63,46388,4360,779148,0.01444954128440367,34.0,0.005652097341929424
15373,2020-09-23,Nassau,46,46434,5634,784782,0.008164714235001775,31.0,0.005291852096098189
15374,2020-09-24,Nassau,71,46505,6406,791188,0.011083359350608805,32.0,0.0053381172751088765
15375,2020-09-25,Nassau,71,46576,6733,797921,0.010545076488935096,30.0,0.005216701455805405
15376,2020-09-26,Nassau,67,46643,5975,803896,0.011213389121338912,30.0,0.005341310940208528
15377,2020-09-27,Nassau,68,46711,4043,807939,0.016819193668068267,32.0,0.005945623521275584
15378,2020-09-28,Nassau,80,46791,5621,813560,0.014232342999466288,33.0,0.00617911551055877
15379,2020-09-29,Nassau,66,46857,4876,818436,0.013535684987694831,33.0,0.006113840060793856
15380,2020-09-30,Nassau,72,46929,5967,824403,0.012066365007541479,35.0,0.00639252940168955
15381,2020-10-01,Nassau,105,47034,7917,832320,0.013262599469496022,37.0,0.006548189410181494
15382,2020-10-02,Nassau,133,47167,9841,842161,0.01351488669850625,42.0,0.006760318710865146
15383,2020-10-03,Nassau,79,47246,7752,849913,0.01019091847265222,43.0,0.00668728509310181
15384,2020-10-04,Nassau,56,47302,5954,855867,0.009405441719852201,42.0,0.006157731382514949
15385,2020-10-05,Nassau,90,47392,7585,863452,0.011865524060646011,42.0,0.005988672886884929
15386,2020-10-06,Nassau,124,47516,7817,871269,0.015862862990917232,47.0,0.006154899887115101
15387,2020-10-07,Nassau,140,47656,11919,883188,0.011745951841597449,51.0,0.0061320132324048145
15388,2020-10-08,Nassau,80,47736,8320,891508,0.009615384615384616,50.0,0.0058714978856825705
15389,2020-10-09,Nassau,105,47841,8925,900433,0.011764705882352941,48.0,0.005746484970243048
15390,2020-10-10,Nassau,92,47933,8397,908830,0.010956293914493272,49.0,0.0058011546446602655
15391,2020-10-11,Nassau,65,47998,5181,914011,0.012545840571318278,49.0,0.006025468848336415
15392,2020-10-12,Nassau,101,48099,7833,921844,0.012894165709179114,50.0,0.006098943251803064
15393,2020-10-13,Nassau,85,48184,7559,929403,0.011244873660537108,47.0,0.005769086871061627
15394,2020-10-14,Nassau,88,48272,7980,937383,0.011027568922305764,44.0,0.0057177738053979365
15395,2020-10-15,Nassau,105,48377,9485,946868,0.01107011070110701,45.0,0.005821682811520963
15396,2020-10-16,Nassau,117,48494,11691,958559,0.010007698229407237,46.0,0.005696182264881984
15397,2020-10-17,Nassau,102,48596,9050,967609,0.011270718232044199,47.0,0.005718641144707049
15398,2020-10-18,Nassau,61,48657,5522,973131,0.011046722202100689,47.0,0.005611561261191509
15399,2020-10-19,Nassau,74,48731,6934,980065,0.010672050764349583,45.0,0.005452838765132257
15400,2020-10-20,Nassau,133,48864,7970,988035,0.01668757841907152,48.0,0.005841603390741857
15401,2020-10-21,Nassau,77,48941,7088,995123,0.010863431151241535,47.0,0.00582987926423727
15402,2020-10-22,Nassau,101,49042,8982,1004105,0.011244711645513248,47.0,0.005842350760266288
15403,2020-10-23,Nassau,161,49203,10153,1014258,0.015857382054565154,50.0,0.006260185319206138
15404,2020-10-24,Nassau,109,49312,8299,1022557,0.013134112543679962,51.0,0.006393284912894407
15405,2020-10-25,Nassau,65,49377,5041,1027598,0.012894267010513787,51.0,0.0065252523992096285
15406,2020-10-26,Nassau,119,49496,8086,1035684,0.014716794459559732,54.0,0.006814162663153211
15407,2020-10-27,Nassau,167,49663,8517,1044201,0.0196078431372549,57.0,0.007022753000166309
15408,2020-10-28,Nassau,178,49841,11971,1056172,0.014869267396207501,64.0,0.007308884160521021
15409,2020-10-29,Nassau,166,50007,10195,1066367,0.01628249141736145,68.0,0.007668725572795891
15410,2020-10-30,Nassau,146,50153,9758,1076125,0.014962082393933183,67.0,0.007604775597036465
15411,2020-10-31,Nassau,141,50294,9981,1086106,0.014126840997896002,70.0,0.007675684772337611
15412,2020-11-01,Nassau,113,50407,7240,1093346,0.015607734806629834,73.0,0.007869503900631614
15413,2020-11-02,Nassau,195,50602,10365,1103711,0.01881331403762663,79.0,0.008162112441922107
15414,2020-11-03,Nassau,100,50702,7707,1111418,0.01297521733489036,74.0,0.007688353456038925
15415,2020-11-04,Nassau,216,50918,9862,1121280,0.02190225106469276,76.0,0.0081907094323593
15416,2020-11-05,Nassau,246,51164,11881,1133161,0.020705327834357377,82.0,0.00850662631928758
15417,2020-11-06,Nassau,254,51418,10433,1143594,0.02434582574523148,90.0,0.009176893701523175
15418,2020-11-07,Nassau,264,51682,10193,1153787,0.025900127538506817,99.0,0.010017842740138233
15419,2020-11-08,Nassau,213,51895,7560,1161347,0.028174603174603175,106.0,0.01091547619499347
15420,2020-11-09,Nassau,278,52173,8264,1169611,0.03363988383349468,112.0,0.011974516894698332
15421,2020-11-10,Nassau,402,52575,12531,1182142,0.032080440507541295,133.0,0.013339175692744829
15422,2020-11-11,Nassau,322,52897,10104,1192246,0.03186856690419636,141.0,0.014051055395566513
15423,2020-11-12,Nassau,374,53271,12488,1204734,0.02994875080076874,150.0,0.014711299893167325
15424,2020-11-13,Nassau,417,53688,13724,1218458,0.030384727484698337,162.0,0.015142650017414957
15425,2020-11-14,Nassau,326,54014,13152,1231610,0.024787104622871047,166.0,0.01506314838058383
15426,2020-11-15,Nassau,295,54309,8711,1240321,0.0338652278728045,172.0,0.015469621573312498
15427,2020-11-16,Nassau,406,54715,11575,1251896,0.0350755939524838,181.0,0.015572172296097433
15428,2020-11-17,Nassau,397,55112,11920,1263816,0.033305369127516776,181.0,0.015659667197524256
15429,2020-11-18,Nassau,374,55486,12509,1276325,0.029898473099368456,184.0,0.015518946211465117
15430,2020-11-19,Nassau,389,55875,13145,1289470,0.029593001141118295,186.0,0.015493535521490086
15431,2020-11-20,Nassau,394,56269,13271,1302741,0.029688795117172782,184.0,0.015443826066666833
15432,2020-11-21,Nassau,437,56706,13335,1316076,0.03277090363704537,192.0,0.01601409742482214
15433,2020-11-22,Nassau,421,57127,13559,1329635,0.03104948742532635,201.0,0.01581297310714513
15434,2020-11-23,Nassau,362,57489,12900,1342535,0.028062015503875968,198.0,0.015312003217958859
15435,2020-11-24,Nassau,496,57985,13033,1355568,0.03805723931558352,205.0,0.015651422517106484
15436,2020-11-25,Nassau,582,58567,18620,1374188,0.03125671321160043,220.0,0.015748439667980195
15437,2020-11-26,Nassau,671,59238,17980,1392168,0.03731924360400445,240.0,0.01630031412961492
15438,2020-11-27,Nassau,462,59700,14896,1407064,0.03101503759398496,245.0,0.016395045735101504
15439,2020-11-28,Nassau,481,60181,14082,1421146,0.03415707996023292,248.0,0.0164940583296149
15440,2020-11-29,Nassau,520,60701,12689,1433835,0.04098037670423201,255.0,0.017203407563822447
15441,2020-11-30,Nassau,461,61162,11166,1445001,0.041286046928174815,262.0,0.018147981236986653
15442,2020-12-01,Nassau,826,61988,16130,1461131,0.05120892746435214,285.0,0.019087387533327272
15443,2020-12-02,Nassau,757,62745,14864,1475995,0.05092841765339074,298.0,0.020492509279169433
15444,2020-12-03,Nassau,916,63661,17140,1493135,0.053442240373395566,315.0,0.02164415190555451
15445,2020-12-04,Nassau,698,64359,14066,1507201,0.049623204891227075,332.0,0.022973306712500374
15446,2020-12-05,Nassau,739,65098,16123,1523324,0.04583514234323637,351.0,0.02380745402557205
15447,2020-12-06,Nassau,534,65632,11795,1535119,0.045273420941076725,352.0,0.024114100042489532
15448,2020-12-07,Nassau,863,66495,14754,1549873,0.05849261217297004,380.0,0.02534314041711776
15449,2020-12-08,Nassau,708,67203,14707,1564580,0.04814034133405861,372.0,0.025123955693525362
15450,2020-12-09,Nassau,775,67978,14953,1579533,0.05182906440179228,373.0,0.025188287604125476
15451,2020-12-10,Nassau,759,68737,16097,1595630,0.047151643163322356,362.0,0.02473895923197739
15452,2020-12-11,Nassau,899,69636,19405,1615035,0.04632826591084772,376.0,0.02450360644766458
15453,2020-12-12,Nassau,839,70475,16162,1631197,0.0519118920925628,384.0,0.024937660001187894
15454,2020-12-13,Nassau,739,71214,13826,1645023,0.053450021698249674,398.0,0.025521702912414533
15455,2020-12-14,Nassau,908,72122,17269,1662292,0.05257976721292489,401.0,0.02509935684383988
15456,2020-12-15,Nassau,782,72904,12606,1674898,0.06203395208630811,407.0,0.026091757611857704
15457,2020-12-16,Nassau,853,73757,13642,1688540,0.06252748863802962,412.0,0.02685593077158894
15458,2020-12-17,Nassau,901,74658,16677,1705217,0.05402650356778797,422.0,0.027346992229050772
15459,2020-12-18,Nassau,763,75421,14782,1719999,0.05161683128128805,413.0,0.027724746898367937
15460,2020-12-19,Nassau,901,76322,15937,1735936,0.05653510698374851,417.0,0.02805497653345263
15461,2020-12-20,Nassau,766,77088,12395,1748331,0.0617991125453812,419.0,0.028651340165390598
15462,2020-12-21,Nassau,880,77968,14387,1762718,0.06116633071522903,417.0,0.029264666129840893
15463,2020-12-22,Nassau,1015,78983,18240,1780958,0.0556469298245614,434.0,0.028808450254001843
15464,2020-12-23,Nassau,1020,80003,17407,1798365,0.0585971161027173,446.0,0.028527709358622394
15465,2020-12-24,Nassau,1096,81099,17700,1816065,0.06192090395480226,460.0,0.02909159510055198
15466,2020-12-25,Nassau,1134,82233,19879,1835944,0.05704512299411439,486.0,0.02947933022289672
15467,2020-12-26,Nassau,812,83045,13231,1849175,0.06137102259844305,480.0,0.02982475276680347
15468,2020-12-27,Nassau,999,84044,13683,1862858,0.07301030475772857,496.0,0.030625552210542566
15469,2020-12-28,Nassau,979,85023,14306,1877164,0.0684328253879491,503.0,0.03114458754430829
15470,2020-12-29,Nassau,1273,86296,12161,1889325,0.10467889153852479,522.0,0.034646870523877105
15471,2020-12-30,Nassau,1608,87904,18071,1907396,0.0889823474074484,564.0,0.036817244188500756
15472,2020-12-31,Nassau,1556,89460,19535,1926931,0.0796519068338879,597.0,0.03808374439414973
15473,2021-01-01,Nassau,1409,90869,17847,1944778,0.0789488429427915,616.0,0.03964829581905523
15474,2021-01-02,Nassau,1166,92035,15323,1960101,0.07609475951184494,642.0,0.04069999131286966
15475,2021-01-03,Nassau,1071,93106,12437,1972538,0.08611401463375412,647.0,0.04163597058972863
15476,2021-01-04,Nassau,1273,94379,13327,1985865,0.09552037217678397,668.0,0.04357079536035969
15477,2021-01-05,Nassau,1733,96112,17392,2003257,0.09964351425942962,701.0,0.043211125554710024
15478,2021-01-06,Nassau,1634,97746,18796,2022053,0.08693339008299639,703.0,0.04306477146010632
15479,2021-01-07,Nassau,1693,99439,19306,2041359,0.08769294519838393,712.0,0.04363913134328461
15480,2021-01-08,Nassau,1742,101181,21177,2062536,0.08225905463474524,736.0,0.043875575035567015
15481,2021-01-09,Nassau,1403,102584,18673,2081209,0.07513522197825738,753.0,0.04380703664031076
15482,2021-01-10,Nassau,1494,104078,21691,2102900,0.0688764925545157,783.0,0.0425757850632223
15483,2021-01-11,Nassau,1419,105497,16654,2119554,0.08520475561426684,794.0,0.041838955308756795
15484,2021-01-12,Nassau,1457,106954,16844,2136398,0.08649964379007362,774.0,0.040900107418088506
15485,2021-01-13,Nassau,1172,108126,16725,2153123,0.0700747384155456,741.0,0.03969591801327059
15486,2021-01-14,Nassau,1858,109984,27723,2180846,0.06702016376294052,753.0,0.03821929076788178
15487,2021-01-15,Nassau,1409,111393,20397,2201243,0.06907878609599451,729.0,0.03727784301511387
15488,2021-01-16,Nassau,1309,112702,21605,2222848,0.060587826891923165,722.0,0.036238743366089995
15489,2021-01-17,Nassau,1110,113812,17716,2240564,0.0626552269135245,695.0,0.035794367248876344
15490,2021-01-18,Nassau,1157,114969,16330,2256894,0.07085119412124924,676.0,0.03476911285651794
15491,2021-01-19,Nassau,1096,116065,14987,2271881,0.07313004603990125,650.0,0.03381414158864848
15492,2021-01-20,Nassau,1306,117371,17538,2289419,0.07446687193522637,660.0,0.03412786541148282
15493,2021-01-21,Nassau,1364,118735,20729,2310148,0.06580153408268609,625.0,0.03404082043432179
15494,2021-01-22,Nassau,1198,119933,19767,2329915,0.06060606060606061,610.0,0.03343562575646937
15495,2021-01-23,Nassau,1069,121002,18669,2348584,0.057260699555412714,592.0,0.03319797380386148
15496,2021-01-24,Nassau,1198,122200,19416,2368000,0.06170168932838896,599.0,0.0331298639763518
15497,2021-01-25,Nassau,942,123142,13428,2381428,0.07015192135835567,583.0,0.0330799159218594
15498,2021-01-26,Nassau,977,124119,14270,2395698,0.06846531184302733,575.0,0.0327467206220827
15499,2021-01-27,Nassau,1251,125370,19161,2414859,0.06528886801315172,571.0,0.03209114891336308
15500,2021-01-28,Nassau,1234,126604,22054,2436913,0.05595356851364832,562.0,0.03138772280128895
15501,2021-01-29,Nassau,1139,127743,20974,2457887,0.05430533040907791,557.0,0.030937670644361617
15502,2021-01-30,Nassau,992,128735,19361,2477248,0.05123702288104953,552.0,0.030507408024764242
15503,2021-01-31,Nassau,919,129654,16124,2493372,0.05699578268419747,532.0,0.03017127183589343
15504,2021-02-01,Nassau,732,130386,12109,2505481,0.06045090428606821,517.0,0.02947834204501575
15505,2021-02-02,Nassau,547,130933,9826,2515307,0.0556686342357012,486.0,0.028564293644492453
15506,2021-02-03,Nassau,611,131544,12379,2527686,0.049357783342757894,441.0,0.02742635902517861
15507,2021-02-04,Nassau,757,132301,14828,2542514,0.05105206366333963,406.0,0.027076251535870847
15508,2021-02-05,Nassau,1056,133357,19272,2561786,0.0547945205479452,401.0,0.027111193688647083
15509,2021-02-06,Nassau,870,134227,17518,2579304,0.049663203562050465,392.0,0.02699877802300429
15510,2021-02-07,Nassau,664,134891,12764,2592068,0.05202130993418991,374.0,0.026643458540860893
15511,2021-02-08,Nassau,820,135711,14458,2606526,0.0567160049799419,380.0,0.02637668001899473
15512,2021-02-09,Nassau,566,136277,10493,2617019,0.05394072238635281,381.0,0.02625325774404127
15513,2021-02-10,Nassau,919,137196,19295,2636314,0.04762891940917336,403.0,0.026129767463070948
15514,2021-02-11,Nassau,748,137944,17201,2653515,0.04348584384628801,403.0,0.025589323190424403
15515,2021-02-12,Nassau,840,138784,19117,2672632,0.04393994873672647,387.0,0.02481399663248021
15516,2021-02-13,Nassau,732,139516,16923,2689555,0.0432547420670094,377.0,0.02435624938283442
15517,2021-02-14,Nassau,591,140107,12725,2702280,0.04644400785854617,372.0,0.02395787066314558
15518,2021-02-15,Nassau,579,140686,10457,2712737,0.055369608874438175,355.0,0.02386169951275246
15519,2021-02-16,Nassau,538,141224,12094,2724831,0.044484868529849515,353.0,0.023186281380145078
15520,2021-02-17,Nassau,514,141738,13946,2738777,0.03685644629284383,324.0,0.022416819014692967
15521,2021-02-18,Nassau,729,142467,16098,2754875,0.04528512858740216,323.0,0.02254533935334398
15522,2021-02-19,Nassau,602,143069,15021,2769896,0.0400772252180281,306.0,0.02226943053057981
15523,2021-02-20,Nassau,546,143615,11887,2781783,0.045932531336754436,292.0,0.022460701192704456
15524,2021-02-21,Nassau,516,144131,11210,2792993,0.046030330062444245,287.0,0.022431152778697172
15525,2021-02-22,Nassau,640,144771,14635,2807628,0.04373078237102836,291.0,0.021599808028453616
15526,2021-02-23,Nassau,519,145290,14538,2822166,0.03569954601733388,290.0,0.020972284991845357
15527,2021-02-24,Nassau,695,145985,16495,2838661,0.04213397999393756,303.0,0.021349251684780628
15528,2021-02-25,Nassau,742,146727,19670,2858331,0.03772241992882562,304.0,0.020809058209168015
15529,2021-02-26,Nassau,745,147472,18923,2877254,0.03937007874015748,314.0,0.02075854774646297
15530,2021-02-27,Nassau,638,148110,16990,2894244,0.03755150088287228,321.0,0.02015990271404281
15531,2021-02-28,Nassau,559,148669,12365,2906609,0.04520824909017388,324.0,0.02010118264459493
15532,2021-03-01,Nassau,582,149251,9403,2916012,0.061895139848984364,320.0,0.021398636750163215
15533,2021-03-02,Nassau,600,149851,12795,2928807,0.04689331770222743,325.0,0.022198191870512758
15534,2021-03-03,Nassau,687,150538,16797,2945604,0.04090016074298982,325.0,0.022110061924016492
15535,2021-03-04,Nassau,789,151327,20134,2965738,0.03918744412436674,328.0,0.022214706509412284
15536,2021-03-05,Nassau,643,151970,16724,2982462,0.038447739775173406,321.0,0.02214882515477057
15537,2021-03-06,Nassau,676,152646,13612,2996074,0.0496620628856891,324.0,0.023013865297828912
15538,2021-03-07,Nassau,453,153099,9481,3005555,0.047779770066448686,316.0,0.023197545367562827
15539,2021-03-08,Nassau,612,153711,12239,3017794,0.05000408530108669,318.0,0.022348184328427275
15540,2021-03-09,Nassau,577,154288,12311,3030105,0.04686865404922427,316.0,0.02234642263892705
15541,2021-03-10,Nassau,579,154867,14282,3044387,0.04054054054054054,309.0,0.022320735481609243
15542,2021-03-11,Nassau,779,155646,19275,3063662,0.04041504539559014,308.0,0.02240842128669663
15543,2021-03-12,Nassau,663,156309,13983,3077645,0.04741471787170135,309.0,0.023048919722162914
15544,2021-03-13,Nassau,513,156822,11196,3088841,0.04581993569131833,298.0,0.022774482065422146
15545,2021-03-14,Nassau,540,157362,9827,3098668,0.054950646178894884,304.0,0.023286687502025442
15546,2021-03-15,Nassau,623,157985,10023,3108691,0.06215703881073531,305.0,0.024154755609857487
15547,2021-03-16,Nassau,784,158769,17754,3126445,0.04415906274642334,320.0,0.023961213373943135
15548,2021-03-17,Nassau,632,159401,16403,3142848,0.038529537279765894,323.0,0.023817570283887805
15549,2021-03-18,Nassau,702,160103,17551,3160399,0.03999772092758248,318.0,0.023787761393315832
15550,2021-03-19,Nassau,697,160800,16362,3176761,0.04259870431487593,320.0,0.023443760424971153
15551,2021-03-20,Nassau,608,161408,14056,3190817,0.043255549231644846,327.0,0.02326058996356591
15552,2021-03-21,Nassau,540,161948,11379,3202196,0.04745583970471922,327.0,0.022725246643981928
15553,2021-03-22,Nassau,533,162481,9192,3211388,0.0579852045256745,321.0,0.0224272584807633
15554,2021-03-23,Nassau,603,163084,13074,3224462,0.04612207434603029,308.0,0.022567473595020936
15555,2021-03-24,Nassau,701,163785,17184,3241646,0.0407937616387337,313.0,0.022729203906375783
15556,2021-03-25,Nassau,696,164481,20018,3261664,0.034768708162653615,312.0,0.02235570299459515
15557,2021-03-26,Nassau,614,165095,15947,3277611,0.03850253966263247,306.0,0.02206311980514919
15558,2021-03-27,Nassau,690,165785,14547,3292158,0.04743246030109301,312.0,0.022361470595824058
15559,2021-03-28,Nassau,580,166365,13278,3305436,0.043681277300798314,315.0,0.022091858995543993
15560,2021-03-29,Nassau,516,166881,10264,3315700,0.050272798129384254,314.0,0.021540972824380406
15561,2021-03-30,Nassau,676,167557,14127,3329827,0.047851631627380195,319.0,0.021664512630191115
15562,2021-03-31,Nassau,689,168246,16290,3346117,0.04229588704726826,318.0,0.021771807302229294
15563,2021-04-01,Nassau,638,168884,16340,3362457,0.0390452876376989,314.0,0.022077277264732527
15564,2021-04-02,Nassau,651,169535,17827,3380284,0.0365176417793235,317.0,0.021935498844496172
15565,2021-04-03,Nassau,644,170179,14335,3394619,0.04492500871991629,313.0,0.021756395160126406
15566,2021-04-04,Nassau,501,170680,11634,3406253,0.04306343476018566,308.0,0.02171226355008265
15567,2021-04-05,Nassau,505,171185,9348,3415601,0.054022250748823275,307.0,0.021980081594328293
15568,2021-04-06,Nassau,553,171738,13904,3429505,0.03977272727272727,298.0,0.021403016997567366
15569,2021-04-07,Nassau,810,172548,20531,3450036,0.039452535190687255,307.0,0.021199920436383007
15570,2021-04-08,Nassau,668,173216,19148,3469184,0.03488614998955505,309.0,0.020902839175801304
15571,2021-04-09,Nassau,556,173772,18267,3487451,0.030437400777358077,302.0,0.02046853624708949
15572,2021-04-10,Nassau,507,174279,14676,3502127,0.03454619787408013,292.0,0.01972719261524405
15573,2021-04-11,Nassau,394,174673,8947,3511074,0.04403710741030513,285.0,0.019796740661681158
15574,2021-04-12,Nassau,350,175023,8491,3519565,0.041220115416323165,274.0,0.018882302423645435
15575,2021-04-13,Nassau,369,175392,12222,3531787,0.030191458026509573,261.0,0.0181979260489156
15576,2021-04-14,Nassau,527,175919,18603,3550390,0.028328764177820782,240.0,0.01740337097656799
15577,2021-04-15,Nassau,480,176399,15317,3565707,0.031337729320362995,227.0,0.017149912357339987
15578,2021-04-16,Nassau,602,177001,23614,3589321,0.02549335140171085,230.0,0.01679676597336519
15579,2021-04-17,Nassau,343,177344,14271,3603592,0.024034755798472425,218.0,0.01604594868225035
15580,2021-04-18,Nassau,312,177656,9385,3612977,0.03324453915823122,213.0,0.01527505094995936
15581,2021-04-19,Nassau,277,177933,7467,3620444,0.037096558189366545,207.0,0.014980511148033887
15582,2021-04-20,Nassau,302,178235,11718,3632162,0.02577231609489674,203.0,0.014664858152918684
15583,2021-04-21,Nassau,277,178512,14787,3646949,0.018732670589030904,185.0,0.01397942289657655
15584,2021-04-22,Nassau,322,178834,15645,3662594,0.02058165548098434,173.0,0.013211131908049501
15585,2021-04-23,Nassau,283,179117,14351,3676945,0.019719880147724897,151.0,0.012798741104193363
15586,2021-04-24,Nassau,233,179350,13063,3690008,0.017836637832044706,143.0,0.012356018392305669
15587,2021-04-25,Nassau,222,179572,8872,3698880,0.02502254283137962,136.0,0.011768732940387697
15588,2021-04-26,Nassau,152,179724,6034,3704914,0.02519058667550547,127.0,0.010918306403683334
15589,2021-04-27,Nassau,171,179895,9722,3714636,0.017588973462250565,118.0,0.010333781929922892
15590,2021-04-28,Nassau,249,180144,14014,3728650,0.01776794633937491,116.0,0.010264873054947462
15591,2021-04-29,Nassau,229,180373,12882,3741532,0.017776742741810278,109.0,0.01006452214500646
15592,2021-04-30,Nassau,232,180605,14933,3756465,0.015536061072791804,106.0,0.009765677925368381
15593,2021-05-01,Nassau,125,180730,10684,3767149,0.01169973792587046,98.0,0.009327327932070223
15594,2021-05-02,Nassau,130,180860,8569,3775718,0.015170965106780255,92.0,0.008623643808884553
15595,2021-05-03,Nassau,132,180992,6308,3782026,0.02092580849714648,90.0,0.008319016796144624
15596,2021-05-04,Nassau,116,181108,9245,3791271,0.012547322877230935,86.0,0.007958898897214652
15597,2021-05-05,Nassau,145,181253,12303,3803574,0.011785743314638705,79.0,0.007531598681162066
15598,2021-05-06,Nassau,122,181375,12287,3815861,0.00992919345649874,71.0,0.0069710594464969565
15599,2021-05-07,Nassau,178,181553,14692,3830553,0.012115436972502043,67.0,0.006726729153619116
15600,2021-05-08,Nassau,86,181639,9677,3840230,0.008887051772243464,64.0,0.006525822999788615
15601,2021-05-09,Nassau,88,181727,8756,3848986,0.010050251256281407,61.0,0.006160057724752984
15602,2021-05-10,Nassau,77,181804,7003,3855989,0.010995287733828359,58.0,0.005450734813087404
15603,2021-05-11,Nassau,116,181920,11249,3867238,0.010312027735798738,58.0,0.005291070874413675
15604,2021-05-12,Nassau,107,182027,12275,3879513,0.008716904276985743,55.0,0.005071868086009893
15605,2021-05-13,Nassau,112,182139,12584,3892097,0.008900190718372537,54.0,0.004998367890429449
15606,2021-05-14,Nassau,114,182253,12079,3904176,0.009437867373126914,50.0,0.004807112919045511
15607,2021-05-15,Nassau,90,182343,10666,3914842,0.008438027376711045,50.0,0.004775039747936053
15608,2021-05-16,Nassau,79,182422,6619,3921461,0.011935337664299743,49.0,0.00490968877708022
15609,2021-05-17,Nassau,69,182491,9369,3930830,0.007364713416586615,49.0,0.004650362040134381
15610,2021-05-18,Nassau,74,182565,8809,3939639,0.008400499489158815,46.0,0.004513824308231529
15611,2021-05-19,Nassau,91,182656,11937,3951576,0.0076233559520817624,44.0,0.004435713713595531
15612,2021-05-20,Nassau,83,182739,12085,3963661,0.006868018204385602,42.0,0.004290558534025035
15613,2021-05-21,Nassau,71,182810,10827,3974488,0.006557679874388104,39.0,0.004084830855543692
15614,2021-05-22,Nassau,49,182859,8694,3983182,0.005636070853462158,36.0,0.003884691103883057
15615,2021-05-23,Nassau,43,182902,6674,3989856,0.006442912795924483,34.0,0.003492375041856253
15616,2021-05-24,Nassau,43,182945,5436,3995292,0.007910228108903605,32.0,0.003531340377021752
15617,2021-05-25,Nassau,56,183001,8213,4003505,0.006818458541336905,31.0,0.00341833745217733
15618,2021-05-26,Nassau,55,183056,10418,4013923,0.005279324246496448,28.0,0.003250906616064093
15619,2021-05-27,Nassau,52,183108,10004,4023927,0.005197920831667333,26.0,0.003131613946584216
15620,2021-05-28,Nassau,37,183145,8743,4032670,0.004231956994166762,23.0,0.0029654908837112638
15621,2021-05-29,Nassau,24,183169,7184,4039854,0.0033407572383073497,22.0,0.0028015399112002065
15622,2021-05-30,Nassau,26,183195,5292,4045146,0.0049130763416477706,20.0,0.0026922658787518696
15623,2021-05-31,Nassau,17,183212,3744,4048890,0.004540598290598291,19.0,0.0024515780345872045
15624,2021-06-01,Nassau,21,183233,4011,4052901,0.005235602094240838,16.0,0.002338516859794628
15625,2021-06-02,Nassau,33,183266,7698,4060599,0.004286827747466875,15.0,0.002267624252721087
15626,2021-06-03,Nassau,43,183309,11532,4072131,0.0037287547693374955,14.0,0.002162683819697527
15627,2021-06-04,Nassau,51,183360,9586,4081717,0.005320258710619654,15.0,0.00224041965658702
15628,2021-06-05,Nassau,32,183392,7657,4089374,0.004179182447433721,15.0,0.0023003071715246176
15629,2021-06-06,Nassau,30,183422,5816,4095190,0.00515818431911967,16.0,0.0023178148842011815
15630,2021-06-07,Nassau,27,183449,5086,4100276,0.005308690523004325,16.0,0.002372678615087327
15631,2021-06-08,Nassau,19,183468,6907,4107183,0.002750832488779499,16.0,0.0021951950718400886
15632,2021-06-09,Nassau,43,183511,9135,4116318,0.004707170224411604,17.0,0.0022252195344789976
15633,2021-06-10,Nassau,34,183545,9233,4125551,0.0036824434095093688,16.0,0.0022219115802055603
15634,2021-06-11,Nassau,33,183578,9951,4135502,0.003316249623153452,15.0,0.0020787680739579747
15635,2021-06-12,Nassau,23,183601,6757,4142259,0.003403877460411425,14.0,0.0020233891463135242
15636,2021-06-13,Nassau,23,183624,4380,4146639,0.005251141552511416,14.0,0.0020300289486986493
15637,2021-06-14,Nassau,25,183649,4364,4151003,0.0057286892758936754,14.0,0.002060028859619317
15638,2021-06-15,Nassau,24,183673,6234,4157237,0.0038498556304138597,14.0,0.0021385305125932
15639,2021-06-16,Nassau,24,183697,8423,4165660,0.0028493410898729667,13.0,0.002005828431554726
15640,2021-06-17,Nassau,30,183727,7115,4172775,0.004216444132115249,13.0,0.0020439713403122887
15641,2021-06-18,Nassau,26,183753,6329,4179104,0.004108073945331016,12.0,0.002100530220467829
15642,2021-06-19,Nassau,15,183768,6050,4185154,0.0024793388429752068,11.0,0.0020344917477938137
15643,2021-06-20,Nassau,19,183787,4892,4190046,0.003883892068683565,11.0,0.0019368310703775384
15644,2021-06-21,Nassau,22,183809,4209,4194255,0.005226894749346638,11.0,0.0019009886041956071
15645,2021-06-22,Nassau,16,183825,6615,4200870,0.002418745275888133,10.0,0.0017987664360151984
15646,2021-06-23,Nassau,27,183852,8199,4209069,0.003293084522502744,11.0,0.0018304623954887539
15647,2021-06-24,Nassau,27,183879,7817,4216886,0.0034540104899577844,10.0,0.0017760028496203635
15648,2021-06-25,Nassau,28,183907,7762,4224648,0.003607317701623293,11.0,0.0017402345464983834
15649,2021-06-26,Nassau,19,183926,6824,4231472,0.002784290738569754,11.0,0.0017620168247551367
15650,2021-06-27,Nassau,22,183948,4603,4236075,0.004779491635889637,11.0,0.0018259882224127128
15651,2021-06-28,Nassau,15,183963,4610,4240685,0.0032537960954446853,11.0,0.0016850526042768593
15652,2021-06-29,Nassau,17,183980,5755,4246440,0.002953953084274544,11.0,0.0017232817334473173
15653,2021-06-30,Nassau,37,184017,5898,4252338,0.006273312987453374,11.0,0.001936155195229505
15654,2021-07-01,Nassau,39,184056,5525,4257863,0.007058823529411765,12.0,0.0021936418409047895
15655,2021-07-02,Nassau,28,184084,5539,4263402,0.005055064090991154,12.0,0.0022970522972882083
15656,2021-07-03,Nassau,38,184122,5136,4268538,0.007398753894080997,14.0,0.002626656808396154
15657,2021-07-04,Nassau,31,184153,3970,4272508,0.0078085642317380355,14.0,0.002843019136671039
15658,2021-07-05,Nassau,29,184182,2820,4275328,0.01028368794326241,15.0,0.00334515426865802
15659,2021-07-06,Nassau,37,184219,3142,4278470,0.011775938892425206,17.0,0.003975296112097353
15660,2021-07-07,Nassau,64,184283,6430,4284900,0.009953343701399688,19.0,0.004238155448807805
15661,2021-07-08,Nassau,68,184351,5588,4290488,0.012168933428775949,21.0,0.004603163298762389
15662,2021-07-09,Nassau,57,184408,5389,4295877,0.010577101503061792,23.0,0.00499759454248172
15663,2021-07-10,Nassau,64,184472,5216,4301093,0.012269938650306749,25.0,0.005345536310783559
15664,2021-07-11,Nassau,42,184514,3732,4304825,0.011254019292604502,25.0,0.005591640243702593
15665,2021-07-12,Nassau,66,184580,3514,4308339,0.018782014797951052,28.0,0.006198663590466067
15666,2021-07-13,Nassau,72,184652,4888,4313227,0.014729950900163666,30.0,0.006409664448161672
15667,2021-07-14,Nassau,91,184743,5435,4318662,0.016743330266789327,32.0,0.0068946634885466455
15668,2021-07-15,Nassau,87,184830,5500,4324162,0.015818181818181818,34.0,0.007155324087789921
15669,2021-07-16,Nassau,106,184936,6026,4330188,0.017590441420511117,37.0,0.007656276939036303
15670,2021-07-17,Nassau,99,185035,5212,4335400,0.018994627782041442,40.0,0.008136611877017351
15671,2021-07-18,Nassau,99,185134,4094,4339494,0.02418172936003908,44.0,0.009060019738976965
15672,2021-07-19,Nassau,101,185235,4947,4344441,0.020416413988275723,46.0,0.009176762538285869
15673,2021-07-20,Nassau,138,185373,5794,4350235,0.023817742492233344,51.0,0.00982589050914799
15674,2021-07-21,Nassau,152,185525,7677,4357912,0.01979940080760714,55.0,0.010044181262063547
15675,2021-07-22,Nassau,167,185692,7014,4364926,0.023809523809523808,61.0,0.01061499140430226
15676,2021-07-23,Nassau,174,185866,8109,4373035,0.02145763965963744,66.0,0.01089121984995414
15677,2021-07-24,Nassau,220,186086,7211,4380246,0.030508944667868534,75.0,0.01171367105608465
15678,2021-07-25,Nassau,123,186209,5089,4385335,0.02416977795244645,76.0,0.011712817384113746
15679,2021-07-26,Nassau,162,186371,5362,4390697,0.03021260723610593,81.0,0.012412545473244474
15680,2021-07-27,Nassau,185,186556,7120,4397817,0.02598314606741573,84.0,0.012567217157186074
15681,2021-07-28,Nassau,252,186808,7835,4405652,0.03216336949585195,91.0,0.01345035777777499
15682,2021-07-29,Nassau,243,187051,8595,4414247,0.028272251308900525,97.0,0.013769124027730466
15683,2021-07-30,Nassau,251,187302,8914,4423161,0.02815795378056989,102.0,0.014247717893511357
15684,2021-07-31,Nassau,213,187515,7222,4430383,0.029493215175851566,102.0,0.014175165786938717
15685,2021-08-01,Nassau,220,187735,6324,4436707,0.03478810879190386,109.0,0.014933617989757104
15686,2021-08-02,Nassau,315,188050,7353,4444060,0.042839657282741736,119.0,0.015835550135945373
15687,2021-08-03,Nassau,279,188329,8175,4452235,0.034128440366972476,126.0,0.016417356871628
15688,2021-08-04,Nassau,297,188626,9837,4462072,0.03019213174748399,129.0,0.016276554175316003
15689,2021-08-05,Nassau,318,188944,10748,4472820,0.029586899888351323,135.0,0.016370457645276774
15690,2020-03-01,New York,0,0,0,0,,,
15691,2020-03-02,New York,0,0,0,0,,,
15692,2020-03-03,New York,0,0,3,3,0.0,,
15693,2020-03-04,New York,1,1,4,7,0.25,,
15694,2020-03-05,New York,1,2,18,25,0.05555555555555555,,
15695,2020-03-06,New York,3,5,14,39,0.21428571428571427,,
15696,2020-03-07,New York,0,5,22,61,0.0,0.0,
15697,2020-03-08,New York,0,5,24,85,0.0,0.0,
15698,2020-03-09,New York,7,12,47,132,0.14893617021276595,1.0,0.09553963429343369
15699,2020-03-10,New York,12,24,78,210,0.15384615384615385,3.0,0.11751765627145568
15700,2020-03-11,New York,3,27,70,280,0.04285714285714286,3.0,0.08792581953676179
15701,2020-03-12,New York,18,45,186,466,0.0967741935483871,6.0,0.09381419639288058
15702,2020-03-13,New York,39,84,268,734,0.1455223880597015,11.0,0.08399086407487875
15703,2020-03-14,New York,28,112,193,927,0.14507772020725387,7.0,0.052358126337957514
15704,2020-03-15,New York,60,172,317,1244,0.1892744479495268,11.0,0.0658777297629237
15705,2020-03-16,New York,69,241,398,1642,0.17336683417085427,16.0,0.06762277718850145
15706,2020-03-17,New York,161,402,598,2240,0.2692307692307692,27.0,0.07586453543025969
15707,2020-03-18,New York,335,737,1074,3314,0.31191806331471134,50.0,0.09508317260580028
15708,2020-03-19,New York,437,1174,1235,4549,0.35384615384615387,80.0,0.11344545548421221
15709,2020-03-20,New York,370,1544,1263,5812,0.2929532858273951,104.0,0.12397623389619032
15710,2020-03-21,New York,522,2066,1370,7182,0.381021897810219,139.0,0.14082938943925924
15711,2020-03-22,New York,607,2673,1367,8549,0.4440380395025604,178.0,0.15902678883590451
15712,2020-03-23,New York,405,3078,990,9539,0.4090909090909091,202.0,0.1758642227587656
15713,2020-03-24,New York,442,3520,1065,10604,0.41502347417840374,222.0,0.18627798739788232
15714,2020-03-25,New York,542,4062,1232,11836,0.43993506493506496,237.0,0.19542205894219333
15715,2020-03-26,New York,523,4585,1062,12898,0.4924670433145009,243.0,0.20532355104707525
15716,2020-03-27,New York,631,5216,1314,14212,0.4802130898021309,262.0,0.21869925133098492
15717,2020-03-28,New York,590,5806,1160,15372,0.5086206896551724,267.0,0.2278134507484816
15718,2020-03-29,New York,422,6228,788,16160,0.5355329949238579,253.0,0.23434880470714572
15719,2020-03-30,New York,648,6876,1422,17582,0.45569620253164556,271.0,0.2376777542386269
15720,2020-03-31,New York,497,7373,1015,18597,0.4896551724137931,275.0,0.243008589826869
15721,2020-04-01,New York,470,7843,1002,19599,0.469061876247505,270.0,0.24508907634918614
15722,2020-04-02,New York,609,8452,1294,20893,0.4706336939721793,276.0,0.2435295513961632
15723,2020-04-03,New York,848,9300,1820,22713,0.46593406593406594,291.0,0.24250962111987281
15724,2020-04-04,New York,598,9898,1278,23991,0.4679186228482003,292.0,0.2396023306336605
15725,2020-04-05,New York,542,10440,1162,25153,0.4664371772805508,300.0,0.23466691508771
15726,2020-04-06,New York,572,11012,1249,26402,0.45796637309847876,295.0,0.2348290701281981
15727,2020-04-07,New York,492,11504,1257,27659,0.3914081145584726,295.0,0.22781142313853234
15728,2020-04-08,New York,602,12106,1424,29083,0.42275280898876405,304.0,0.22450363262005082
15729,2020-04-09,New York,616,12722,1659,30742,0.37130801687763715,305.0,0.2174089413990121
15730,2020-04-10,New York,715,13437,1685,32427,0.42433234421364985,295.0,0.21443738984755378
15731,2020-04-11,New York,708,14145,1783,34210,0.39708356702187325,303.0,0.20937774300281614
15732,2020-04-12,New York,356,14501,1033,35243,0.34462729912875123,290.0,0.20067703742054474
15733,2020-04-13,New York,379,14880,1206,36449,0.3142620232172471,276.0,0.19041244100045682
15734,2020-04-14,New York,1737,16617,4068,40517,0.4269911504424779,365.0,0.19295408642074288
15735,2020-04-15,New York,474,17091,1533,42050,0.30919765166340507,356.0,0.1848430037546458
15736,2020-04-16,New York,399,17490,1476,43526,0.2703252032520325,340.0,0.1776299456385312
15737,2020-04-17,New York,442,17932,1585,45111,0.27886435331230286,321.0,0.16723937485986357
15738,2020-04-18,New York,288,18220,1093,46204,0.26349496797804206,291.0,0.1576973320710185
15739,2020-04-19,New York,248,18468,954,47158,0.259958071278826,283.0,0.15164953008173812
15740,2020-04-20,New York,231,18699,1099,48257,0.21019108280254778,272.0,0.14421589148068814
15741,2020-04-21,New York,326,19025,1430,49687,0.22797202797202798,172.0,0.13000023987565598
15742,2020-04-22,New York,323,19348,1581,51268,0.20430107526881722,161.0,0.1225076272760426
15743,2020-04-23,New York,506,19854,2654,53922,0.19065561416729465,168.0,0.11681694234141846
15744,2020-04-24,New York,426,20280,2110,56032,0.2018957345971564,167.0,0.11131918386176513
15745,2020-04-25,New York,493,20773,2354,58386,0.20943075615972812,182.0,0.10745745444617127
15746,2020-04-26,New York,324,21097,2007,60393,0.16143497757847533,187.0,0.10042009061043196
15747,2020-04-27,New York,215,21312,1650,62043,0.1303030303030303,186.0,0.0947138011461807
15748,2020-04-28,New York,292,21604,2260,64303,0.12920353982300886,184.0,0.08765890913553649
15749,2020-04-29,New York,316,21920,2299,66602,0.13745106568073076,183.0,0.08288390845067317
15750,2020-04-30,New York,255,22175,2205,68807,0.11564625850340136,165.0,0.07752609733182365
15751,2020-05-01,New York,321,22496,2606,71413,0.12317728319263238,158.0,0.07190335080292909
15752,2020-05-02,New York,245,22741,2214,73627,0.11065943992773261,140.0,0.06484825678635797
15753,2020-05-03,New York,159,22900,1524,75151,0.10433070866141732,128.0,0.06076938043513954
15754,2020-05-04,New York,154,23054,2246,77397,0.06856634016028496,124.0,0.05635961685351487
15755,2020-05-05,New York,203,23257,2499,79896,0.08123249299719888,118.0,0.052933113508814154
15756,2020-05-06,New York,272,23529,2966,82862,0.09170600134861767,114.0,0.04966560891366322
15757,2020-05-07,New York,201,23730,3036,85898,0.06620553359683795,111.0,0.04613412856319442
15758,2020-05-08,New York,151,23881,2633,88531,0.057349031522977593,98.0,0.04143211058679049
15759,2020-05-09,New York,96,23977,2336,90867,0.0410958904109589,88.0,0.036463285621306664
15760,2020-05-10,New York,85,24062,1496,92363,0.056818181818181816,83.0,0.033069533703932695
15761,2020-05-11,New York,129,24191,1984,94347,0.06502016129032258,81.0,0.0328162352132211
15762,2020-05-12,New York,157,24348,2825,97172,0.05557522123893805,77.0,0.030983572944773895
15763,2020-05-13,New York,177,24525,3697,100869,0.04787665674871518,71.0,0.027852905473352292
15764,2020-05-14,New York,307,24832,3933,104802,0.07805746249682176,78.0,0.028699471823351135
15765,2020-05-15,New York,150,24982,3469,108271,0.04324012683770539,78.0,0.02769169291726026
15766,2020-05-16,New York,148,25130,3096,111367,0.04780361757105943,82.0,0.028170816285838868
15767,2020-05-17,New York,86,25216,2019,113386,0.04259534422981674,82.0,0.027154899315241364
15768,2020-05-18,New York,77,25293,2830,116216,0.027208480565371024,78.0,0.024454064977744824
15769,2020-05-19,New York,98,25391,3685,119901,0.02659430122116689,74.0,0.02238399926218974
15770,2020-05-20,New York,131,25522,4219,124120,0.031050011851149563,71.0,0.021182096055220773
15771,2020-05-21,New York,150,25672,4363,128483,0.0343800137520055,60.0,0.018062278287733897
15772,2020-05-22,New York,134,25806,4582,133065,0.029244871235268442,58.0,0.017062617173274116
15773,2020-05-23,New York,103,25909,4187,137252,0.02459995223310246,55.0,0.015405212506277188
15774,2020-05-24,New York,100,26009,3356,140608,0.029797377830750895,56.0,0.014491072049201055
15775,2020-05-25,New York,83,26092,3635,144243,0.02283356258596974,57.0,0.01417857790781525
15776,2020-05-26,New York,121,26213,3599,147842,0.03362045012503473,58.0,0.01468044568666295
15777,2020-05-27,New York,134,26347,6888,154730,0.019454123112659698,58.0,0.013852167919627961
15778,2020-05-28,New York,133,26480,7418,162148,0.017929361013750336,57.0,0.012677121295466878
15779,2020-05-29,New York,96,26576,5678,167826,0.016907361747094046,55.0,0.011795870617740137
15780,2020-05-30,New York,77,26653,4425,172251,0.017401129943502826,53.0,0.011281669025625876
15781,2020-05-31,New York,68,26721,4385,176636,0.015507411630558724,50.0,0.01026095715418358
15782,2020-06-01,New York,93,26814,5161,181797,0.018019763611703158,51.0,0.009917114370307395
15783,2020-06-02,New York,72,26886,4211,186008,0.017098076466397532,48.0,0.00873694482326188
15784,2020-06-03,New York,82,26968,4377,190385,0.018734292894676718,44.0,0.00868552837912024
15785,2020-06-04,New York,69,27037,4416,194801,0.015625,39.0,0.00852093116385236
15786,2020-06-05,New York,85,27122,5322,200123,0.01597143930853063,39.0,0.008454079561097828
15787,2020-06-06,New York,56,27178,4711,204834,0.01188707280832095,37.0,0.008060218337156266
15788,2020-06-07,New York,39,27217,4045,208879,0.009641532756489494,35.0,0.007641226989008464
15789,2020-06-08,New York,41,27258,3953,212832,0.010371869466228182,31.0,0.00709494883576025
15790,2020-06-09,New York,66,27324,5433,218265,0.012147984538928768,31.0,0.006741370840941052
15791,2020-06-10,New York,60,27384,4991,223256,0.012021638950110198,29.0,0.006261895559186302
15792,2020-06-11,New York,68,27452,5660,228916,0.012014134275618375,29.0,0.006003976578873328
15793,2020-06-12,New York,77,27529,6296,235212,0.012229987293519696,29.0,0.005736730006372548
15794,2020-06-13,New York,44,27573,5525,240737,0.007963800904977376,28.0,0.005456496298990863
15795,2020-06-14,New York,54,27627,6036,246773,0.008946322067594433,29.0,0.005406838392641216
15796,2020-06-15,New York,50,27677,6158,252931,0.008119519324455992,29.0,0.005245956239657489
15797,2020-06-16,New York,31,27708,5830,258761,0.005317324185248714,27.0,0.004758051928680341
15798,2020-06-17,New York,52,27760,6701,265462,0.007760035815549918,26.0,0.004453651704783178
15799,2020-06-18,New York,64,27824,7866,273328,0.00813628273582507,26.0,0.004176662309083657
15800,2020-06-19,New York,67,27891,7972,281300,0.008404415454089313,25.0,0.0039034071776957724
15801,2020-06-20,New York,75,27966,7602,288902,0.009865824782951855,28.0,0.004039266026122521
15802,2020-06-21,New York,51,28017,4871,293773,0.01047012933689181,27.0,0.0041481094025009055
15803,2020-06-22,New York,58,28075,4887,298660,0.011868221812973194,28.0,0.004415873865966419
15804,2020-06-23,New York,57,28132,4933,303593,0.011554834786134198,30.0,0.004861410337458239
15805,2020-06-24,New York,60,28192,6494,310087,0.009239297813366184,30.0,0.00496707190873083
15806,2020-06-25,New York,58,28250,6504,316591,0.00891758917589176,30.0,0.005022879511592736
15807,2020-06-26,New York,81,28331,8749,325340,0.009258200937249971,31.0,0.005083864188961355
15808,2020-06-27,New York,49,28380,5886,331226,0.008324838600067958,29.0,0.0049737937473267905
15809,2020-06-28,New York,21,28401,4009,335235,0.005238214018458469,27.0,0.004600085510295839
15810,2020-06-29,New York,46,28447,5287,340522,0.008700586343862303,26.0,0.004373825833930775
15811,2020-06-30,New York,71,28518,6206,346728,0.011440541411537221,27.0,0.004365662021459562
15812,2020-07-01,New York,78,28596,7185,353913,0.010855949895615866,28.0,0.004481137170191682
15813,2020-07-02,New York,102,28698,7062,360975,0.014443500424808835,32.0,0.004875845116542901
15814,2020-07-03,New York,62,28760,6201,367176,0.009998387356877922,30.0,0.004928715575087755
15815,2020-07-04,New York,44,28804,5736,372912,0.007670850767085077,30.0,0.0048820021584461215
15816,2020-07-05,New York,66,28870,7734,380646,0.008533747090768037,33.0,0.005117397377896805
15817,2020-07-06,New York,50,28920,6251,386897,0.007998720204767237,33.0,0.005067264082247156
15818,2020-07-07,New York,53,28973,6976,393873,0.007597477064220184,32.0,0.004792759486010226
15819,2020-07-08,New York,56,29029,6504,400377,0.008610086100861008,30.0,0.004632340643527736
15820,2020-07-09,New York,80,29109,8363,408740,0.00956594523496353,29.0,0.00428394384425307
15821,2020-07-10,New York,56,29165,8216,416956,0.006815968841285297,28.0,0.004056628235996455
15822,2020-07-11,New York,72,29237,6860,423816,0.010495626822157435,30.0,0.004258397954215909
15823,2020-07-12,New York,65,29302,5419,429235,0.01199483299501753,30.0,0.004505618375948016
15824,2020-07-13,New York,61,29363,5426,434661,0.01124216734242536,31.0,0.004737293171495025
15825,2020-07-14,New York,79,29442,6910,441571,0.011432706222865413,33.0,0.005011238111398255
15826,2020-07-15,New York,74,29516,7547,449118,0.009805220617463892,34.0,0.005096604862584175
15827,2020-07-16,New York,74,29590,8266,457384,0.008952334865714976,34.0,0.005052775550494993
15828,2020-07-17,New York,85,29675,7329,464713,0.011597762314094692,36.0,0.005394332227124236
15829,2020-07-18,New York,56,29731,5436,470149,0.010301692420897719,35.0,0.0053804797698913985
15830,2020-07-19,New York,65,29796,5935,476084,0.010951979780960405,35.0,0.005305990254601605
15831,2020-07-20,New York,71,29867,6705,482789,0.010589112602535422,36.0,0.005259343487466608
15832,2020-07-21,New York,76,29943,7540,490329,0.010079575596816976,35.0,0.0051626912998917205
15833,2020-07-22,New York,90,30033,7521,497850,0.011966493817311527,36.0,0.005317067957023694
15834,2020-07-23,New York,64,30097,7406,505256,0.008641641911963273,36.0,0.0052948756031842865
15835,2020-07-24,New York,64,30161,7262,512518,0.008812999173781328,34.0,0.0050959639503047605
15836,2020-07-25,New York,32,30193,4957,517475,0.0064555174500706075,33.0,0.0048212371666742524
15837,2020-07-26,New York,57,30250,5377,522852,0.01060070671378092,32.0,0.004796146233304289
15838,2020-07-27,New York,30,30280,5657,528509,0.00530316422131872,29.0,0.004418578491788811
15839,2020-07-28,New York,49,30329,6548,535057,0.007483200977397679,27.0,0.004233123161830289
15840,2020-07-29,New York,70,30399,7387,542444,0.009476106673886557,26.0,0.004055238365871363
15841,2020-07-30,New York,59,30458,7859,550303,0.007507316452474869,25.0,0.003974215118765049
15842,2020-07-31,New York,60,30518,9505,559808,0.00631246712256707,25.0,0.0037956056865354583
15843,2020-08-01,New York,46,30564,6825,566633,0.00673992673992674,26.0,0.0038159206358108965
15844,2020-08-02,New York,57,30621,6704,573337,0.008502386634844868,26.0,0.0036660406301726074
15845,2020-08-03,New York,56,30677,6757,580094,0.008287701642740862,28.0,0.003879221874559903
15846,2020-08-04,New York,57,30734,6803,586897,0.008378656475084522,28.0,0.003943182981537534
15847,2020-08-05,New York,65,30799,7634,594531,0.008514540214828399,28.0,0.003874499663033381
15848,2020-08-06,New York,60,30859,7423,601954,0.008082985315910009,28.0,0.003915618867564462
15849,2020-08-07,New York,62,30921,7852,609806,0.007896077432501274,28.0,0.004028733889702619
15850,2020-08-08,New York,43,30964,7178,616984,0.00599052660908331,28.0,0.003975205308928089
15851,2020-08-09,New York,52,31016,6513,623497,0.007984031936127744,28.0,0.003938179973305437
15852,2020-08-10,New York,55,31071,6639,630136,0.00828438017773761,28.0,0.003937942725805205
15853,2020-08-11,New York,76,31147,11421,641557,0.006654408545661501,29.0,0.003814782159417846
15854,2020-08-12,New York,70,31217,10009,651566,0.006993705664901589,29.0,0.0037061511201373597
15855,2020-08-13,New York,62,31279,9097,660663,0.00681543365944817,30.0,0.003615611716104371
15856,2020-08-14,New York,63,31342,10048,670711,0.0062699044585987265,30.0,0.00349945650368276
15857,2020-08-15,New York,56,31398,8885,679596,0.006302757456387169,31.0,0.0035217587070616074
15858,2020-08-16,New York,43,31441,6499,686095,0.006616402523465148,30.0,0.0034240708918714226
15859,2020-08-17,New York,64,31505,6304,692399,0.01015228426395939,31.0,0.003557492612315836
15860,2020-08-18,New York,36,31541,7227,699626,0.0049813200498132005,28.0,0.003437986291183814
15861,2020-08-19,New York,62,31603,8868,708494,0.006991429860171402,27.0,0.0034378237337030866
15862,2020-08-20,New York,58,31661,13086,721580,0.004432217637169494,27.0,0.003267594017826038
15863,2020-08-21,New York,47,31708,10873,732453,0.0043226340476409456,26.0,0.0031285032741861962
15864,2020-08-22,New York,44,31752,8758,741211,0.005023978077186572,25.0,0.003037161889957582
15865,2020-08-23,New York,44,31796,7076,748287,0.006218202374222725,25.0,0.003008719022154552
15866,2020-08-24,New York,41,31837,6310,754597,0.006497622820919176,23.0,0.002747671776223108
15867,2020-08-25,New York,48,31885,6958,761555,0.006898534061511929,24.0,0.0028846156342015885
15868,2020-08-26,New York,50,31935,8610,770165,0.005807200929152149,23.0,0.0028000278534144993
15869,2020-08-27,New York,42,31977,10799,780964,0.0038892490045374572,22.0,0.0027612443796550677
15870,2020-08-28,New York,36,32013,10387,791351,0.0034658708000385096,21.0,0.002700047004826323
15871,2020-08-29,New York,62,32075,12710,804061,0.004878048780487805,23.0,0.002689623483633554
15872,2020-08-30,New York,44,32119,8524,812585,0.005161895823557016,23.0,0.00261417301572886
15873,2020-08-31,New York,46,32165,8300,820885,0.005542168674698795,23.0,0.002545926290998833
15874,2020-09-01,New York,53,32218,9626,830511,0.005505921462705173,23.0,0.0024464539625126363
15875,2020-09-02,New York,33,32251,10431,840942,0.0031636468219729654,22.0,0.002257628669142694
15876,2020-09-03,New York,59,32310,11922,852864,0.0049488340882402285,23.0,0.002333313317978606
15877,2020-09-04,New York,62,32372,11623,864487,0.005334251053944764,25.0,0.0024667690504004817
15878,2020-09-05,New York,54,32426,10016,874503,0.005391373801916933,25.0,0.0025034351233597053
15879,2020-09-06,New York,16,32442,5522,880025,0.002897500905469033,23.0,0.002341692629210564
15880,2020-09-07,New York,19,32461,5232,885257,0.0036314984709480123,21.0,0.0022052161860855075
15881,2020-09-08,New York,39,32500,6601,891858,0.005908195727920012,20.0,0.0022339500621722823
15882,2020-09-09,New York,51,32551,7682,899540,0.006638896120801875,21.0,0.0024821821549457757
15883,2020-09-10,New York,52,32603,10273,909813,0.005061812518251728,20.0,0.0024902520428037402
15884,2020-09-11,New York,40,32643,11620,921433,0.0034423407917383822,19.0,0.002355115595503284
15885,2020-09-12,New York,34,32677,7538,928971,0.004510480233483683,17.0,0.00229219462632948
15886,2020-09-13,New York,51,32728,8093,937064,0.006301742246385766,20.0,0.002535354722109247
15887,2020-09-14,New York,44,32772,6557,943621,0.006710385847186213,22.0,0.0027552752489834044
15888,2020-09-15,New York,63,32835,8840,952461,0.007126696832579185,23.0,0.002842311042173345
15889,2020-09-16,New York,57,32892,8958,961419,0.006363027461486939,24.0,0.0028226061379365637
15890,2020-09-17,New York,46,32938,10383,971802,0.004430318790330348,23.0,0.002777499443085037
15891,2020-09-18,New York,73,33011,11603,983405,0.006291476342325261,26.0,0.002981009125269814
15892,2020-09-19,New York,59,33070,10763,994168,0.005481743008454892,28.0,0.0030503850377677573
15893,2020-09-20,New York,35,33105,7038,1001206,0.004973003694231316,26.0,0.0029554751411852965
15894,2020-09-21,New York,41,33146,8274,1009480,0.004955281605027798,26.0,0.002830110552459696
15895,2020-09-22,New York,41,33187,6599,1016079,0.006213062585240188,25.0,0.002764850963364053
15896,2020-09-23,New York,50,33237,8567,1024646,0.005836348780203105,24.0,0.0027272310575580648
15897,2020-09-24,New York,50,33287,9692,1034338,0.005158893933140734,24.0,0.0027792721391873784
15898,2020-09-25,New York,48,33335,10299,1044637,0.00466064666472473,23.0,0.0026627843050730546
15899,2020-09-26,New York,36,33371,9082,1053719,0.003963884606914776,21.0,0.002554365847820189
15900,2020-09-27,New York,47,33418,5700,1059419,0.00824561403508772,22.0,0.0027881237293099323
15901,2020-09-28,New York,79,33497,10863,1070282,0.0072723925250851515,25.0,0.002953631652171172
15902,2020-09-29,New York,64,33561,11148,1081430,0.0057409400789379264,26.0,0.0029199086160067245
15903,2020-09-30,New York,65,33626,9545,1090975,0.006809848088004191,27.0,0.0029894442808496595
15904,2020-10-01,New York,72,33698,10456,1101431,0.006885998469778117,29.0,0.0031128088906094723
15905,2020-10-02,New York,93,33791,13510,1114941,0.006883789785344189,32.0,0.003271604827796576
15906,2020-10-03,New York,72,33863,10817,1125758,0.006656189331607654,35.0,0.0034639123081317827
15907,2020-10-04,New York,72,33935,10249,1136007,0.007025075617133379,36.0,0.0033767309925636147
15908,2020-10-05,New York,70,34005,9469,1145476,0.007392544091245116,36.0,0.0033853132472893266
15909,2020-10-06,New York,46,34051,8754,1154230,0.0052547406899703,35.0,0.0033505847195059247
15910,2020-10-07,New York,93,34144,12926,1167156,0.0071948011759244935,37.0,0.003378081368643089
15911,2020-10-08,New York,73,34217,14289,1181445,0.005108824970256841,37.0,0.003251140404391569
15912,2020-10-09,New York,79,34296,13048,1194493,0.00605456774984672,36.0,0.003191910258998893
15913,2020-10-10,New York,46,34342,11342,1205835,0.00405572209486863,34.0,0.0030061625992318197
15914,2020-10-11,New York,66,34408,10326,1216161,0.006391632771644393,33.0,0.002960916681696892
15915,2020-10-12,New York,93,34501,10160,1226321,0.009153543307086615,35.0,0.003086702339971285
15916,2020-10-13,New York,68,34569,9044,1235365,0.007518796992481203,37.0,0.0032484206472934915
15917,2020-10-14,New York,68,34637,12332,1247697,0.005514109633473889,35.0,0.0031283712514041636
15918,2020-10-15,New York,98,34735,13546,1261243,0.007234608002362321,37.0,0.0032802128965545552
15919,2020-10-16,New York,136,34871,18142,1279385,0.00749641715356631,41.0,0.003383202139677383
15920,2020-10-17,New York,120,34991,18831,1298216,0.006372470925601402,46.0,0.003548684199015438
15921,2020-10-18,New York,63,35054,8282,1306498,0.00760685824680029,46.0,0.003635486018669431
15922,2020-10-19,New York,71,35125,7273,1313771,0.009762133919978001,44.0,0.003678956776733101
15923,2020-10-20,New York,124,35249,13942,1327713,0.008893989384593315,48.0,0.003777184804741109
15924,2020-10-21,New York,96,35345,11839,1339552,0.008108792972379424,50.0,0.003962519328948647
15925,2020-10-22,New York,114,35459,13307,1352859,0.008566919666341023,51.0,0.004057684447804269
15926,2020-10-23,New York,151,35610,15257,1368116,0.009897096414760437,52.0,0.004229161537889563
15927,2020-10-24,New York,113,35723,12193,1380309,0.009267612564586239,52.0,0.004435957369245624
15928,2020-10-25,New York,66,35789,7380,1387689,0.00894308943089431,52.0,0.004531402453823767
15929,2020-10-26,New York,108,35897,9720,1397409,0.011111111111111112,55.0,0.004627757967476133
15930,2020-10-27,New York,179,36076,13877,1411286,0.012899041579592131,59.0,0.004913833124261762
15931,2020-10-28,New York,148,36224,20355,1431641,0.007270940800786048,62.0,0.00485398654057652
15932,2020-10-29,New York,176,36400,15072,1446713,0.01167728237791932,67.0,0.005076155305689257
15933,2020-10-30,New York,115,36515,14447,1461160,0.007960130130823008,64.0,0.004937800571122297
15934,2020-10-31,New York,197,36712,22188,1483348,0.008878673156661259,70.0,0.004910019184841942
15935,2020-11-01,New York,102,36814,11785,1495133,0.008655070004242682,73.0,0.0048894463686525395
15936,2020-11-02,New York,166,36980,15443,1510576,0.010749206760344493,77.0,0.004863596057883495
15937,2020-11-03,New York,120,37100,13877,1524453,0.008647402176262881,73.0,0.004559907529074264
15938,2020-11-04,New York,178,37278,15464,1539917,0.011510605276771857,75.0,0.004862740705930393
15939,2020-11-05,New York,152,37430,15129,1555046,0.010046929737590058,73.0,0.004746286945906874
15940,2020-11-06,New York,211,37641,16536,1571582,0.01276003870343493,80.0,0.005089137558236298
15941,2020-11-07,New York,299,37940,17972,1589554,0.016636990874693967,87.0,0.005643303109524348
15942,2020-11-08,New York,231,38171,11886,1601440,0.019434628975265017,96.0,0.0064132716074545145
15943,2020-11-09,New York,213,38384,11968,1613408,0.017797459893048127,100.0,0.006916718259790488
15944,2020-11-10,New York,284,38668,14826,1628234,0.0191555375691353,112.0,0.007667299359281375
15945,2020-11-11,New York,338,39006,17687,1645921,0.01911008085034206,123.0,0.008210119043107816
15946,2020-11-12,New York,349,39355,20508,1666429,0.017017749171055196,137.0,0.008708034716926757
15947,2020-11-13,New York,345,39700,18804,1685233,0.018347160178685387,147.0,0.00910711482230179
15948,2020-11-14,New York,275,39975,16883,1702116,0.016288574305514423,145.0,0.00908222792450325
15949,2020-11-15,New York,251,40226,15673,1717789,0.01601480252663817,146.0,0.00883795460674419
15950,2020-11-16,New York,361,40587,15763,1733552,0.022901731903825415,157.0,0.009202545464656852
15951,2020-11-17,New York,321,40908,14303,1747855,0.02244284415856813,160.0,0.00943735307818777
15952,2020-11-18,New York,355,41263,19969,1767824,0.017777555210576394,161.0,0.009342172675347366
15953,2020-11-19,New York,357,41620,20972,1788796,0.017022696929238985,161.0,0.009342526086646208
15954,2020-11-20,New York,376,41996,18975,1807771,0.01981554677206851,164.0,0.00944741084331643
15955,2020-11-21,New York,358,42354,25139,1832910,0.01424082103504515,169.0,0.009301142752568626
15956,2020-11-22,New York,310,42664,21630,1854540,0.014331946370781322,174.0,0.009180938741435994
15957,2020-11-23,New York,317,42981,18411,1872951,0.01721796751941774,171.0,0.00877495557112116
15958,2020-11-24,New York,302,43283,19753,1892704,0.015288816888573888,169.0,0.008263953623264427
15959,2020-11-25,New York,464,43747,30490,1923194,0.015218104296490653,177.0,0.008081135700829732
15960,2020-11-26,New York,471,44218,28017,1951211,0.016811221758218226,185.0,0.008066030331471106
15961,2020-11-27,New York,384,44602,17701,1968912,0.02169368962205525,186.0,0.008200183392184444
15962,2020-11-28,New York,428,45030,15602,1984514,0.02743238046404307,191.0,0.009142437637112867
15963,2020-11-29,New York,412,45442,13274,1997788,0.031038119632364018,198.0,0.010335735727225917
15964,2020-11-30,New York,429,45871,14565,2012353,0.02945417095777549,206.0,0.011209750258537186
15965,2020-12-01,New York,457,46328,18739,2031092,0.024387640749239554,217.0,0.011859666248584732
15966,2020-12-02,New York,530,46858,20304,2051396,0.026103230890464933,222.0,0.012637175291011467
15967,2020-12-03,New York,593,47451,20865,2072261,0.028420800383417207,230.0,0.013466430907097107
15968,2020-12-04,New York,543,47994,23032,2095293,0.02357589440778048,242.0,0.013600874106077483
15969,2020-12-05,New York,527,48521,25406,2120699,0.020743131543729827,249.0,0.013123070611769394
15970,2020-12-06,New York,441,48962,17668,2138367,0.02496038034865293,251.0,0.012688946377218601
15971,2020-12-07,New York,410,49372,14257,2152624,0.028757803184400646,250.0,0.01263920582197754
15972,2020-12-08,New York,535,49907,20681,2173305,0.02586915526328514,255.0,0.012745028287266511
15973,2020-12-09,New York,512,50419,19269,2192574,0.026571176501115783,254.0,0.012778452973741573
15974,2020-12-10,New York,560,50979,22758,2215332,0.0246067316987433,252.0,0.012506019496264866
15975,2020-12-11,New York,685,51664,26286,2241618,0.0260594993532679,262.0,0.012683419849513966
15976,2020-12-12,New York,539,52203,22650,2264268,0.02379690949227373,263.0,0.012901546845838533
15977,2020-12-13,New York,522,52725,17272,2281540,0.030222325150532654,268.0,0.0132774000459728
15978,2020-12-14,New York,620,53345,18997,2300537,0.0326367321155972,283.0,0.013554466398201123
15979,2020-12-15,New York,527,53872,15895,2316432,0.033155080213903745,283.0,0.014074889608959595
15980,2020-12-16,New York,554,54426,20807,2337239,0.026625654827702214,286.0,0.014078780918001481
15981,2020-12-17,New York,732,55158,29963,2367202,0.024430130494276274,298.0,0.014066166546253837
15982,2020-12-18,New York,515,55673,19165,2386367,0.026871901904513436,286.0,0.014124195299914233
15983,2020-12-19,New York,486,56159,23257,2409624,0.020896934256352927,282.0,0.013917054211634177
15984,2020-12-20,New York,621,56780,19393,2429017,0.03202186355901614,289.0,0.014045592669382998
15985,2020-12-21,New York,593,57373,17901,2446918,0.03312664096977822,287.0,0.014080586158967354
15986,2020-12-22,New York,624,57997,23934,2470852,0.026071697167209827,294.0,0.013574630227060647
15987,2020-12-23,New York,641,58638,25796,2496648,0.024848813769576678,300.0,0.013447713008623107
15988,2020-12-24,New York,628,59266,25028,2521676,0.02509189707527569,293.0,0.013494982050123065
15989,2020-12-25,New York,581,59847,22796,2544472,0.025486927531145814,298.0,0.013396055309168233
15990,2020-12-26,New York,410,60257,10883,2555355,0.03767343563355692,292.0,0.014594376836111379
15991,2020-12-27,New York,389,60646,10177,2565532,0.03822344502309129,276.0,0.015037346940688175
15992,2020-12-28,New York,559,61205,15259,2580791,0.03663411756995871,273.0,0.01528788098355821
15993,2020-12-29,New York,589,61794,14412,2595203,0.04086872051068554,271.0,0.0163448112223779
15994,2020-12-30,New York,768,62562,21751,2616954,0.0353087214380948,280.0,0.01709194748441491
15995,2020-12-31,New York,736,63298,22258,2639212,0.03306676251235511,288.0,0.017661580729920585
15996,2021-01-01,New York,744,64042,19366,2658578,0.03841784570897449,299.0,0.018585217742622635
15997,2021-01-02,New York,416,64458,10376,2668954,0.040092521202775636,300.0,0.0187580095689954
15998,2021-01-03,New York,441,64899,11236,2680190,0.039248843004627984,303.0,0.018831252281962307
15999,2021-01-04,New York,645,65544,13666,2693856,0.047197424264598276,309.0,0.01958577418872227
16000,2021-01-05,New York,826,66370,17028,2710884,0.04850833920601363,326.0,0.020131461238388566
16001,2021-01-06,New York,906,67276,23741,2734625,0.03816182974600901,336.0,0.020335254688953867
16002,2021-01-07,New York,978,68254,26143,2760768,0.037409631641357154,354.0,0.020645459626739728
16003,2021-01-08,New York,854,69108,27881,2788649,0.030630178257594776,361.0,0.02008919766592689
16004,2021-01-09,New York,873,69981,28118,2816767,0.03104772743438367,394.0,0.019443140968184607
16005,2021-01-10,New York,825,70806,22201,2838968,0.03716048826629431,421.0,0.019293972772589343
16006,2021-01-11,New York,793,71599,17061,2856029,0.046480276654357895,432.0,0.01924274794328646
16007,2021-01-12,New York,754,72353,16902,2872931,0.044610105312980715,427.0,0.018964302665212682
16008,2021-01-13,New York,796,73149,22169,2895100,0.035905994857684156,419.0,0.018803171601760905
16009,2021-01-14,New York,1066,74215,32603,2927703,0.032696377633960064,425.0,0.018466510601232538
16010,2021-01-15,New York,997,75212,29886,2957589,0.033360101719868834,436.0,0.018661505134252115
16011,2021-01-16,New York,870,76082,27827,2985416,0.031264599130341034,435.0,0.018676995969677642
16012,2021-01-17,New York,671,76753,19218,3004634,0.03491518368196483,424.0,0.018516617070796965
16013,2021-01-18,New York,688,77441,16539,3021173,0.041598645625491266,417.0,0.018167929140163634
16014,2021-01-19,New York,722,78163,14336,3035509,0.05036272321428571,415.0,0.01857883041882828
16015,2021-01-20,New York,717,78880,18234,3053743,0.039322145442579795,409.0,0.018822841174892253
16016,2021-01-21,New York,932,79812,28980,3082723,0.032160110420979986,399.0,0.018784536373965106
16017,2021-01-22,New York,856,80668,28276,3110999,0.030273023058424105,389.0,0.018564030755290478
16018,2021-01-23,New York,814,81482,28900,3139899,0.028166089965397923,385.0,0.01834270867208026
16019,2021-01-24,New York,916,82398,24684,3164583,0.03710905849943283,403.0,0.01849941401618511
16020,2021-01-25,New York,850,83248,18151,3182734,0.04682937579196739,414.0,0.018873037599504837
16021,2021-01-26,New York,686,83934,20554,3203288,0.033375498686387076,412.0,0.01765966441894065
16022,2021-01-27,New York,923,84857,26040,3229328,0.03544546850998464,426.0,0.017382758923755282
16023,2021-01-28,New York,883,85740,29001,3258329,0.030447225957725595,423.0,0.017260410033522824
16024,2021-01-29,New York,903,86643,30440,3288769,0.02966491458607096,426.0,0.01721697371406903
16025,2021-01-30,New York,776,87419,24445,3313214,0.03174473307424831,424.0,0.017472591078986917
16026,2021-01-31,New York,632,88051,19838,3333052,0.03185805020667406,403.0,0.017097519058075574
16027,2021-02-01,New York,567,88618,13091,3346143,0.043312199220838746,383.0,0.01684629216013781
16028,2021-02-02,New York,381,88999,10959,3357102,0.03476594579797427,361.0,0.01694560981096547
16029,2021-02-03,New York,508,89507,14765,3371867,0.03440568912969861,332.0,0.016871339855230753
16030,2021-02-04,New York,688,90195,16496,3388363,0.041707080504364696,318.0,0.01767561517999069
16031,2021-02-05,New York,872,91067,25765,3414128,0.03384436250727731,316.0,0.017974147174362572
16032,2021-02-06,New York,826,91893,29701,3443829,0.027810511430591562,319.0,0.017693131342672804
16033,2021-02-07,New York,656,92549,22439,3466268,0.02923481438566781,321.0,0.01750575735545807
16034,2021-02-08,New York,555,93104,14620,3480888,0.03796169630642955,320.0,0.017123578575857414
16035,2021-02-09,New York,531,93635,15697,3496585,0.03382812002293432,331.0,0.01705659102049742
16036,2021-02-10,New York,689,94324,29504,3526089,0.02335276572668113,344.0,0.016267096491710455
16037,2021-02-11,New York,645,94969,27346,3553435,0.02358663058582608,341.0,0.01497277864038627
16038,2021-02-12,New York,764,95733,26599,3580034,0.02872288431895936,333.0,0.01460695876979213
16039,2021-02-13,New York,689,96422,25380,3605414,0.02714736012608353,323.0,0.014559590819470128
16040,2021-02-14,New York,516,96938,19306,3624720,0.026727442245933906,313.0,0.014380492809489134
16041,2021-02-15,New York,517,97455,13207,3637927,0.03914590747330961,310.0,0.014465079321409138
16042,2021-02-16,New York,422,97877,16332,3654259,0.025838843987264267,303.0,0.013894416747432706
16043,2021-02-17,New York,532,98409,19479,3673738,0.027311463627496278,291.0,0.014177180883205217
16044,2021-02-18,New York,785,99194,26028,3699766,0.0301598278776702,301.0,0.014646694975479798
16045,2021-02-19,New York,699,99893,23897,3723663,0.029250533539774866,297.0,0.014684384205538048
16046,2021-02-20,New York,540,100433,25071,3748734,0.021538829723585017,286.0,0.014283774891073867
16047,2021-02-21,New York,547,100980,15921,3764655,0.03435713837070536,288.0,0.0148287531857004
16048,2021-02-22,New York,519,101499,14566,3779221,0.035630921323630375,288.0,0.014577682746437597
16049,2021-02-23,New York,456,101955,19444,3798665,0.023451964616334087,291.0,0.014407191362799726
16050,2021-02-24,New York,711,102666,26102,3824767,0.02723929200827523,304.0,0.01440203624714108
16051,2021-02-25,New York,723,103389,30870,3855637,0.023420796890184645,299.0,0.013920676890892113
16052,2021-02-26,New York,693,104082,31224,3886861,0.02219446579554189,299.0,0.013416672052018328
16053,2021-02-27,New York,647,104729,29296,3916157,0.022084926269797925,306.0,0.013455678948176394
16054,2021-02-28,New York,566,105295,19262,3935419,0.029384279929394665,308.0,0.013100474773797059
16055,2021-03-01,New York,419,105714,11190,3946609,0.037444146559428064,301.0,0.013229990862068322
16056,2021-03-02,New York,644,106358,21218,3967827,0.03035158827410689,314.0,0.013722821123337808
16057,2021-03-03,New York,624,106982,26828,3994655,0.023259281347845533,308.0,0.013438534647592827
16058,2021-03-04,New York,805,107787,30981,4025636,0.025983667409057165,314.0,0.013621596827512293
16059,2021-03-05,New York,721,108508,30399,4056035,0.023717885456758445,316.0,0.013730412517599192
16060,2021-03-06,New York,544,109052,20887,4076922,0.026044908316177527,308.0,0.014013268378054878
16061,2021-03-07,New York,418,109470,19098,4096020,0.021887108597758928,298.0,0.013477756140080899
16062,2021-03-08,New York,562,110032,16594,4112614,0.033867663010726766,308.0,0.013222293029459374
16063,2021-03-09,New York,575,110607,18349,4130963,0.031336857594419315,303.0,0.013292669409481692
16064,2021-03-10,New York,563,111170,21993,4152956,0.025599054244532352,299.0,0.013459796044959322
16065,2021-03-11,New York,808,111978,30333,4183289,0.0266376553588501,299.0,0.013506509469944531
16066,2021-03-12,New York,522,112500,21329,4204618,0.02447372122462375,285.0,0.013560497739077765
16067,2021-03-13,New York,524,113024,22492,4227110,0.023297172327938823,283.0,0.013364230882775
16068,2021-03-14,New York,458,113482,12151,4239261,0.037692370998271746,286.0,0.014493178197097348
16069,2021-03-15,New York,389,113871,14301,4253562,0.027200895042304735,274.0,0.014016980485067202
16070,2021-03-16,New York,834,114705,24715,4278277,0.0337446894598422,292.0,0.014188968475454549
16071,2021-03-17,New York,661,115366,32196,4310473,0.020530500683314697,299.0,0.013826928935367576
16072,2021-03-18,New York,690,116056,29754,4340227,0.023190159306311756,291.0,0.013580679217329122
16073,2021-03-19,New York,657,116713,27758,4367985,0.023668852222782623,300.0,0.01352318857434047
16074,2021-03-20,New York,672,117385,23551,4391536,0.028533820219948196,311.0,0.013897234852341138
16075,2021-03-21,New York,519,117904,15157,4406693,0.034241604539156825,315.0,0.013650751533832934
16076,2021-03-22,New York,451,118355,12680,4419373,0.03556782334384858,320.0,0.014248389269657491
16077,2021-03-23,New York,631,118986,17375,4436748,0.03631654676258993,305.0,0.0144320933627109
16078,2021-03-24,New York,595,119581,25901,4462649,0.022972086019844795,301.0,0.014606492315320189
16079,2021-03-25,New York,649,120230,26648,4489297,0.02435454818372861,298.0,0.014689662949421395
16080,2021-03-26,New York,662,120892,25258,4514555,0.026209517776546044,298.0,0.014871139060404498
16081,2021-03-27,New York,760,121652,24724,4539279,0.03073936256269212,304.0,0.015028677799171922
16082,2021-03-28,New York,619,122271,17705,4556984,0.034961875176503815,311.0,0.015080125701839564
16083,2021-03-29,New York,488,122759,12858,4569842,0.0379530253538653,314.0,0.015250497273983615
16084,2021-03-30,New York,604,123363,18437,4588279,0.03276021044638499,312.0,0.01499647325139755
16085,2021-03-31,New York,657,124020,24514,4612793,0.026801011666802644,317.0,0.015269967940465964
16086,2021-04-01,New York,636,124656,27072,4639865,0.02349290780141844,316.0,0.01520842219887238
16087,2021-04-02,New York,603,125259,23011,4662876,0.026204858545912823,311.0,0.015208089396684296
16088,2021-04-03,New York,592,125851,24384,4687260,0.024278215223097113,299.0,0.014746578872427507
16089,2021-04-04,New York,465,126316,16263,4703523,0.028592510606899095,288.0,0.014291624260312887
16090,2021-04-05,New York,370,126686,10706,4714229,0.03456005977956286,280.0,0.014049269576434141
16091,2021-04-06,New York,527,127213,20306,4734535,0.0259529203191175,275.0,0.013563034567343606
16092,2021-04-07,New York,604,127817,27589,4762124,0.021892783355685237,271.0,0.01321244683083522
16093,2021-04-08,New York,666,128483,29351,4791475,0.022690879356751046,273.0,0.013155159084787548
16094,2021-04-09,New York,530,129013,26594,4818069,0.019929307362562983,268.0,0.012706905428833988
16095,2021-04-10,New York,475,129488,24480,4842549,0.01940359477124183,259.0,0.012358718253701469
16096,2021-04-11,New York,293,129781,12820,4855369,0.022854914196567863,247.0,0.011948889938677808
16097,2021-04-12,New York,274,130055,10902,4866271,0.025133003118693816,240.0,0.011275528748615734
16098,2021-04-13,New York,329,130384,18271,4884542,0.01800667724809808,226.0,0.010707939957828634
16099,2021-04-14,New York,403,130787,22079,4906621,0.01825263825354409,212.0,0.010447929593389981
16100,2021-04-15,New York,541,131328,22409,4929030,0.024142085769110627,203.0,0.010551587194272807
16101,2021-04-16,New York,567,131895,30977,4960007,0.01830390289569681,205.0,0.010435486875210937
16102,2021-04-17,New York,401,132296,24448,4984455,0.016402159685863876,200.0,0.010221098654826798
16103,2021-04-18,New York,255,132551,13841,4998296,0.01842352431182718,197.0,0.009904570805916748
16104,2021-04-19,New York,209,132760,9389,5007685,0.022260091596549153,193.0,0.009699362840049271
16105,2021-04-20,New York,282,133042,18474,5026159,0.015264696329977265,189.0,0.0095035070601835
16106,2021-04-21,New York,264,133306,21520,5047679,0.012267657992565056,179.0,0.00907600847011357
16107,2021-04-22,New York,288,133594,27008,5074687,0.01066350710900474,161.0,0.008113252851534577
16108,2021-04-23,New York,224,133818,23233,5097920,0.009641458270563423,137.0,0.007494506806882193
16109,2021-04-24,New York,252,134070,22796,5120716,0.01105457097736445,126.0,0.0071125361848465175
16110,2021-04-25,New York,130,134200,10912,5131628,0.011913489736070381,117.0,0.006647533715149604
16111,2021-04-26,New York,160,134360,7483,5139111,0.021381798743819323,114.0,0.006584798511383189
16112,2021-04-27,New York,181,134541,14492,5153603,0.012489649461772011,107.0,0.006386580877939957
16113,2021-04-28,New York,210,134751,22826,5176429,0.009200035047752563,103.0,0.006167464953310492
16114,2021-04-29,New York,205,134956,22907,5199336,0.008949229493168027,97.0,0.006045016552179298
16115,2021-04-30,New York,237,135193,23962,5223298,0.009890660212002337,98.0,0.006062816690853507
16116,2021-05-01,New York,173,135366,18920,5242218,0.009143763213530656,92.0,0.005926330422008235
16117,2021-05-02,New York,101,135467,11222,5253440,0.009000178221350918,90.0,0.005718236742385417
16118,2021-05-03,New York,92,135559,7834,5261274,0.011743681388817973,85.0,0.005029799788456748
16119,2021-05-04,New York,120,135679,14786,5276060,0.008115785202218315,81.0,0.0047173809127743415
16120,2021-05-05,New York,158,135837,20532,5296592,0.007695304889927917,77.0,0.004609900187215439
16121,2021-05-06,New York,119,135956,19835,5316427,0.005999495840685657,71.0,0.004399204926323841
16122,2021-05-07,New York,193,136149,25750,5342177,0.007495145631067961,68.0,0.004228096741971385
16123,2021-05-08,New York,104,136253,18984,5361161,0.005478297513695744,63.0,0.003966277763411749
16124,2021-05-09,New York,77,136330,9946,5371107,0.007741805751055701,61.0,0.0038763940155335194
16125,2021-05-10,New York,69,136399,8347,5379454,0.008266443033425183,60.0,0.003628019847291177
16126,2021-05-11,New York,108,136507,15621,5395075,0.006913769925100826,59.0,0.003542161613211356
16127,2021-05-12,New York,93,136600,20020,5415095,0.004645354645354646,54.0,0.0033243080243132656
16128,2021-05-13,New York,124,136724,21658,5436753,0.005725367069904885,54.0,0.003304727397828925
16129,2021-05-14,New York,104,136828,19617,5456370,0.005301524188204109,48.0,0.0031480401519100782
16130,2021-05-15,New York,93,136921,16183,5472553,0.005746771303219428,47.0,0.00316721685116177
16131,2021-05-16,New York,56,136977,9964,5482517,0.005620232838217583,46.0,0.0030156759288161904
16132,2021-05-17,New York,42,137019,8464,5490981,0.00496219281663516,44.0,0.0027796580561883313
16133,2021-05-18,New York,60,137079,13375,5504356,0.004485981308411215,40.0,0.002606244583567644
16134,2021-05-19,New York,92,137171,19593,5523949,0.00469555453478283,40.0,0.002609830289955372
16135,2021-05-20,New York,67,137238,18463,5542412,0.0036288793803823864,36.0,0.0024600811692751935
16136,2021-05-21,New York,74,137312,17632,5560044,0.004196914700544465,34.0,0.0023811804915852192
16137,2021-05-22,New York,67,137379,16424,5576468,0.004079396005845105,32.0,0.0022620822560584816
16138,2021-05-23,New York,45,137424,8585,5585053,0.0052417006406523005,31.0,0.002235044241946676
16139,2021-05-24,New York,27,137451,7849,5592902,0.0034399286533316345,30.0,0.0021263110874249957
16140,2021-05-25,New York,45,137496,13747,5606649,0.0032734414781406852,29.0,0.0020397010995485292
16141,2021-05-26,New York,65,137561,18262,5624911,0.003559303471689848,27.0,0.001958540309327602
16142,2021-05-27,New York,57,137618,16996,5641907,0.0033537302894798776,27.0,0.0019388868028345654
16143,2021-05-28,New York,58,137676,16042,5657949,0.0036155092881186885,26.0,0.0018973578448041528
16144,2021-05-29,New York,34,137710,12986,5670935,0.0026182042199291546,23.0,0.0017929870029530135
16145,2021-05-30,New York,32,137742,7011,5677946,0.004564256168877478,22.0,0.0017445981121119547
16146,2021-05-31,New York,24,137766,5100,5683046,0.004705882352941176,22.0,0.001835023376369779
16147,2021-06-01,New York,20,137786,5654,5688700,0.003537318712415989,20.0,0.0018538717502465864
16148,2021-06-02,New York,32,137818,12597,5701297,0.0025402873700087324,18.0,0.0017810848858407923
16149,2021-06-03,New York,68,137886,21422,5722719,0.0031743067874148074,19.0,0.0017682689214075732
16150,2021-06-04,New York,43,137929,15631,5738350,0.002750943637643145,18.0,0.0017065142320878916
16151,2021-06-05,New York,34,137963,13220,5751570,0.002571860816944024,18.0,0.001703203989017525
16152,2021-06-06,New York,27,137990,6919,5758489,0.003902298019945079,17.0,0.0016559212640937823
16153,2021-06-07,New York,37,138027,6967,5765456,0.005310750681785561,18.0,0.0016991261447255241
16154,2021-06-08,New York,33,138060,11529,5776985,0.0028623471246422066,19.0,0.0016509138884559685
16155,2021-06-09,New York,32,138092,15597,5792582,0.0020516766044752196,19.0,0.001616013119489289
16156,2021-06-10,New York,35,138127,13322,5805904,0.0026272331481759495,17.0,0.0015769364309722274
16157,2021-06-11,New York,50,138177,16486,5822390,0.0030328763799587527,17.0,0.001597074483994771
16158,2021-06-12,New York,35,138212,12137,5834527,0.0028837439235395897,17.0,0.001619351848751597
16159,2021-06-13,New York,32,138244,7069,5841596,0.0045268071863064085,18.0,0.001663959646348835
16160,2021-06-14,New York,28,138272,6203,5847799,0.004513944865387715,17.0,0.00160704494517756
16161,2021-06-15,New York,27,138299,10236,5858035,0.002637749120750293,17.0,0.001591002230613852
16162,2021-06-16,New York,38,138337,13698,5871733,0.002774127609870054,17.0,0.00164260587385634
16163,2021-06-17,New York,30,138367,12336,5884069,0.0024319066147859923,17.0,0.0016286539786142004
16164,2021-06-18,New York,37,138404,12426,5896495,0.002977627555126348,16.0,0.0016247076339833144
16165,2021-06-19,New York,25,138429,10839,5907334,0.0023064858381769537,15.0,0.001583474913600269
16166,2021-06-20,New York,21,138450,6404,5913738,0.003279200499687695,14.0,0.0014943601502703607
16167,2021-06-21,New York,21,138471,5956,5919694,0.003525856279382136,14.0,0.001423782394127105
16168,2021-06-22,New York,27,138498,10162,5929856,0.002656957291871679,14.0,0.0014251544063500613
16169,2021-06-23,New York,30,138528,13438,5943294,0.002232475070695044,13.0,0.0013864649392661321
16170,2021-06-24,New York,38,138566,12737,5956031,0.0029834340896600455,14.0,0.001425859758899993
16171,2021-06-25,New York,43,138609,11822,5967853,0.0036372864151581795,14.0,0.0014729782489022666
16172,2021-06-26,New York,40,138649,10285,5978138,0.003889158969372873,15.0,0.0015860263297019749
16173,2021-06-27,New York,25,138674,5751,5983889,0.004347070074769605,16.0,0.0016623027279221113
16174,2021-06-28,New York,24,138698,6112,5990001,0.003926701570680628,16.0,0.0016909345344434325
16175,2021-06-29,New York,44,138742,9851,5999852,0.004466551619124962,17.0,0.0018201912721043814
16176,2021-06-30,New York,31,138773,10772,6010624,0.002877831414779057,17.0,0.0018662881538246679
16177,2021-07-01,New York,68,138841,10444,6021068,0.0065109153581003444,19.0,0.0021182511015704034
16178,2021-07-02,New York,34,138875,9886,6030954,0.003439206959336435,19.0,0.0021041025690117076
16179,2021-07-03,New York,71,138946,9107,6040061,0.00779620072471725,21.0,0.0023831769801077344
16180,2021-07-04,New York,54,139000,5171,6045232,0.010442854380197254,23.0,0.0028185901447811378
16181,2021-07-05,New York,22,139022,3528,6048760,0.006235827664399093,23.0,0.0029835277229038853
16182,2021-07-06,New York,47,139069,5403,6054163,0.008698870997593929,23.0,0.003285836249937383
16183,2021-07-07,New York,91,139160,14600,6068763,0.006232876712328767,27.0,0.003525482342619505
16184,2021-07-08,New York,74,139234,11558,6080321,0.006402491780584876,28.0,0.0035177378013684
16185,2021-07-09,New York,86,139320,10584,6090905,0.008125472411186697,31.0,0.003852471047929133
16186,2021-07-10,New York,88,139408,8859,6099764,0.009933401061067841,33.0,0.004005128214811318
16187,2021-07-11,New York,76,139484,5798,6105562,0.013107968264918937,34.0,0.004195493492291439
16188,2021-07-12,New York,60,139544,6347,6111909,0.009453285016543248,37.0,0.00442531187458745
16189,2021-07-13,New York,87,139631,10940,6122849,0.007952468007312615,40.0,0.0043719973752816416
16190,2021-07-14,New York,107,139738,11249,6134098,0.009511956618366077,41.0,0.00460621736857002
16191,2021-07-15,New York,137,139875,11682,6145780,0.011727443930833761,45.0,0.0049865710935877985
16192,2021-07-16,New York,187,140062,13239,6159019,0.014124933907394818,53.0,0.0054151040576026635
16193,2021-07-17,New York,158,140220,9993,6169012,0.015811067747423198,58.0,0.0058349373923423315
16194,2021-07-18,New York,94,140314,6141,6175153,0.015306953264940564,59.0,0.0059920077494867345
16195,2021-07-19,New York,120,140434,9364,6184517,0.012815036309269542,63.0,0.006232132841824327
16196,2021-07-20,New York,196,140630,12383,6196900,0.01582815149802148,71.0,0.006794681662589246
16197,2021-07-21,New York,225,140855,13798,6210698,0.016306711117553267,79.0,0.007280021269674045
16198,2021-07-22,New York,233,141088,16373,6227071,0.014230745739937703,86.0,0.007458828541752898
16199,2021-07-23,New York,279,141367,15185,6242256,0.01837339479749753,93.0,0.007762290033903092
16200,2021-07-24,New York,214,141581,12056,6254312,0.017750497677504976,97.0,0.00790082074319465
16201,2021-07-25,New York,177,141758,7177,6261489,0.02466211508987042,103.0,0.008569046587832493
16202,2021-07-26,New York,178,141936,9462,6270951,0.018812090467131684,107.0,0.008997407599108359
16203,2021-07-27,New York,253,142189,11925,6282876,0.02121593291404612,111.0,0.009382249128824406
16204,2021-07-28,New York,286,142475,14403,6297279,0.01985697424147747,115.0,0.00963583935196185
16205,2021-07-29,New York,269,142744,15520,6312799,0.017332474226804125,118.0,0.009857391386738024
16206,2021-07-30,New York,332,143076,18101,6330900,0.018341528092370586,122.0,0.00985511519351467
16207,2021-07-31,New York,256,143332,12409,6343309,0.020630187766943347,125.0,0.010060807342760268
16208,2021-08-01,New York,233,143565,9259,6352568,0.02516470461172913,129.0,0.010096706594321605
16209,2021-08-02,New York,265,143830,10504,6363072,0.02522848438690023,135.0,0.010555020445733643
16210,2021-08-03,New York,320,144150,18044,6381116,0.017734426956328972,140.0,0.010306341448753848
16211,2021-08-04,New York,437,144587,18404,6399520,0.023744838078678547,150.0,0.010584046008553923
16212,2021-08-05,New York,389,144976,18729,6418249,0.020769928987132254,159.0,0.010829578491434502
16213,2020-03-01,Niagara,0,0,0,0,,,
16214,2020-03-02,Niagara,0,0,0,0,,,
16215,2020-03-03,Niagara,0,0,0,0,,,
16216,2020-03-04,Niagara,0,0,0,0,,,
16217,2020-03-05,Niagara,0,0,0,0,,,
16218,2020-03-06,Niagara,0,0,0,0,,,
16219,2020-03-07,Niagara,0,0,0,0,,0.0,
16220,2020-03-08,Niagara,0,0,1,1,0.0,0.0,
16221,2020-03-09,Niagara,0,0,0,1,,0.0,
16222,2020-03-10,Niagara,0,0,0,1,,0.0,
16223,2020-03-11,Niagara,0,0,1,2,0.0,0.0,
16224,2020-03-12,Niagara,0,0,1,3,0.0,0.0,
16225,2020-03-13,Niagara,0,0,0,3,,0.0,
16226,2020-03-14,Niagara,0,0,1,4,0.0,0.0,
16227,2020-03-15,Niagara,0,0,0,4,,0.0,
16228,2020-03-16,Niagara,0,0,1,5,0.0,0.0,
16229,2020-03-17,Niagara,0,0,1,6,0.0,0.0,
16230,2020-03-18,Niagara,1,1,10,16,0.1,0.0,
16231,2020-03-19,Niagara,2,3,4,20,0.5,0.0,
16232,2020-03-20,Niagara,1,4,6,26,0.16666666666666666,0.0,
16233,2020-03-21,Niagara,2,6,9,35,0.2222222222222222,0.0,
16234,2020-03-22,Niagara,4,10,38,73,0.10526315789473684,0.0,0.07815371762740184
16235,2020-03-23,Niagara,1,11,15,88,0.06666666666666667,0.0,0.08291562238930661
16236,2020-03-24,Niagara,1,12,16,104,0.0625,0.0,0.08737990810359232
16237,2020-03-25,Niagara,2,14,10,114,0.2,0.0,0.09452276524644944
16238,2020-03-26,Niagara,9,23,55,169,0.16363636363636364,1.0,0.07049679122047543
16239,2020-03-27,Niagara,10,33,57,226,0.17543859649122806,2.0,0.07112335763651553
16240,2020-03-28,Niagara,5,38,18,244,0.2777777777777778,2.0,0.07509161160476949
16241,2020-03-29,Niagara,3,41,6,250,0.5,2.0,0.103287100326574
16242,2020-03-30,Niagara,1,42,15,265,0.06666666666666667,2.0,0.103287100326574
16243,2020-03-31,Niagara,4,46,13,278,0.3076923076923077,2.0,0.12080083659031027
16244,2020-04-01,Niagara,30,76,89,367,0.33707865168539325,4.0,0.13059216885355265
16245,2020-04-02,Niagara,18,94,61,428,0.29508196721311475,5.0,0.13998114053760632
16246,2020-04-03,Niagara,7,101,47,475,0.14893617021276595,4.0,0.1380881100891447
16247,2020-04-04,Niagara,15,116,54,529,0.2777777777777778,5.0,0.13808811008914473
16248,2020-04-05,Niagara,4,120,44,573,0.09090909090909091,5.0,0.1088673308683655
16249,2020-04-06,Niagara,6,126,44,617,0.13636363636363635,6.0,0.11384568584672049
16250,2020-04-07,Niagara,8,134,39,656,0.20512820512820512,6.0,0.10651967852071313
16251,2020-04-08,Niagara,12,146,53,709,0.22641509433962265,5.0,0.09861513871030095
16252,2020-04-09,Niagara,10,156,79,788,0.12658227848101267,4.0,0.08657944665800797
16253,2020-04-10,Niagara,11,167,46,834,0.2391304347826087,4.0,0.09302189412728246
16254,2020-04-11,Niagara,16,183,62,896,0.25806451612903225,4.0,0.09161380400951488
16255,2020-04-12,Niagara,6,189,29,925,0.20689655172413793,4.0,0.09989862263916109
16256,2020-04-13,Niagara,8,197,48,973,0.16666666666666666,5.0,0.10206312480366328
16257,2020-04-14,Niagara,7,204,57,1030,0.12280701754385964,5.0,0.09618303997621003
16258,2020-04-15,Niagara,12,216,82,1112,0.14634146341463414,5.0,0.09046349491013941
16259,2020-04-16,Niagara,11,227,56,1168,0.19642857142857142,5.0,0.09545251583496504
16260,2020-04-17,Niagara,7,234,53,1221,0.1320754716981132,4.0,0.0878057327575011
16261,2020-04-18,Niagara,12,246,69,1290,0.17391304347826086,4.0,0.081794913282446
16262,2020-04-19,Niagara,9,255,48,1338,0.1875,4.0,0.08040944530215043
16263,2020-04-20,Niagara,5,260,53,1391,0.09433962264150944,4.0,0.07524322787178205
16264,2020-04-21,Niagara,8,268,49,1440,0.16326530612244897,4.0,0.07813310562739557
16265,2020-04-22,Niagara,27,295,195,1635,0.13846153846153847,5.0,0.07757025384503159
16266,2020-04-23,Niagara,37,332,192,1827,0.19270833333333334,7.0,0.07730452255251459
16267,2020-04-24,Niagara,12,344,107,1934,0.11214953271028037,7.0,0.07588124119624082
16268,2020-04-25,Niagara,24,368,142,2076,0.16901408450704225,8.0,0.07553131555543949
16269,2020-04-26,Niagara,10,378,95,2171,0.10526315789473684,8.0,0.06965725540506354
16270,2020-04-27,Niagara,8,386,89,2260,0.0898876404494382,9.0,0.06933925667705845
16271,2020-04-28,Niagara,15,401,130,2390,0.11538461538461539,9.0,0.06591920733864177
16272,2020-04-29,Niagara,19,420,154,2544,0.12337662337662338,8.0,0.06484171340400499
16273,2020-04-30,Niagara,20,440,239,2783,0.08368200836820083,7.0,0.057054118763638376
16274,2020-05-01,Niagara,17,457,269,3052,0.06319702602230483,8.0,0.05355751114306869
16275,2020-05-02,Niagara,17,474,184,3236,0.09239130434782608,7.0,0.048084455417410396
16276,2020-05-03,Niagara,19,493,318,3554,0.059748427672955975,8.0,0.04483340325871176
16277,2020-05-04,Niagara,15,508,198,3752,0.07575757575757576,8.0,0.04382411292357873
16278,2020-05-05,Niagara,41,549,353,4105,0.11614730878186968,10.0,0.0438785910233826
16279,2020-05-06,Niagara,39,588,282,4387,0.13829787234042554,12.0,0.04494439452079705
16280,2020-05-07,Niagara,17,605,257,4644,0.06614785992217899,11.0,0.0436919553460812
16281,2020-05-08,Niagara,22,627,273,4917,0.08058608058608059,12.0,0.04493403067206519
16282,2020-05-09,Niagara,16,643,359,5276,0.04456824512534819,12.0,0.041518097870459625
16283,2020-05-10,Niagara,12,655,176,5452,0.06818181818181818,11.0,0.04212048290680693
16284,2020-05-11,Niagara,16,671,186,5638,0.08602150537634409,11.0,0.042853620736718945
16285,2020-05-12,Niagara,19,690,343,5981,0.05539358600583091,10.0,0.03851406910985904
16286,2020-05-13,Niagara,20,710,330,6311,0.06060606060606061,8.0,0.032964653985975825
16287,2020-05-14,Niagara,33,743,530,6841,0.062264150943396226,9.0,0.03268724620177706
16288,2020-05-15,Niagara,27,770,383,7224,0.07049608355091384,10.0,0.031966532127836574
16289,2020-05-16,Niagara,22,792,421,7645,0.052256532066508314,10.0,0.03251569548077658
16290,2020-05-17,Niagara,26,818,325,7970,0.08,11.0,0.033359851324932424
16291,2020-05-18,Niagara,27,845,271,8241,0.0996309963099631,12.0,0.034331957820190925
16292,2020-05-19,Niagara,13,858,370,8611,0.03513513513513514,12.0,0.03288492561514123
16293,2020-05-20,Niagara,22,880,540,9151,0.040740740740740744,12.0,0.031465974196189815
16294,2020-05-21,Niagara,17,897,655,9806,0.025954198473282442,11.0,0.028872406162610255
16295,2020-05-22,Niagara,30,927,501,10307,0.059880239520958084,11.0,0.02811413158904199
16296,2020-05-23,Niagara,14,941,355,10662,0.03943661971830986,10.0,0.02719842356417067
16297,2020-05-24,Niagara,14,955,501,11163,0.027944111776447105,9.0,0.02348014583391689
16298,2020-05-25,Niagara,10,965,366,11529,0.0273224043715847,8.0,0.018315246409747004
16299,2020-05-26,Niagara,7,972,247,11776,0.02834008097165992,8.0,0.017829885398070205
16300,2020-05-27,Niagara,12,984,502,12278,0.02390438247011952,7.0,0.01662728837874012
16301,2020-05-28,Niagara,24,1008,583,12861,0.0411663807890223,7.0,0.017713872829864395
16302,2020-05-29,Niagara,12,1020,447,13308,0.026845637583892617,6.0,0.015354258405788286
16303,2020-05-30,Niagara,17,1037,495,13803,0.03434343434343434,6.0,0.014990459450440035
16304,2020-05-31,Niagara,9,1046,420,14223,0.02142857142857143,6.0,0.014525063711306059
16305,2020-06-01,Niagara,2,1048,485,14708,0.004123711340206186,5.0,0.012868014209064737
16306,2020-06-02,Niagara,19,1067,655,15363,0.02900763358778626,6.0,0.012915696538788048
16307,2020-06-03,Niagara,18,1085,739,16102,0.02435723951285521,7.0,0.012948043470412023
16308,2020-06-04,Niagara,14,1099,726,16828,0.01928374655647383,6.0,0.011384998168087133
16309,2020-06-05,Niagara,10,1109,999,17827,0.01001001001001001,6.0,0.010182453341381233
16310,2020-06-06,Niagara,3,1112,521,18348,0.005758157389635317,5.0,0.008140647844681301
16311,2020-06-07,Niagara,4,1116,419,18767,0.00954653937947494,5.0,0.007291931269745839
16312,2020-06-08,Niagara,9,1125,942,19709,0.009554140127388535,5.0,0.007679819040258864
16313,2020-06-09,Niagara,4,1129,510,20219,0.00784313725490196,4.0,0.006168069302195699
16314,2020-06-10,Niagara,7,1136,623,20842,0.011235955056179775,3.0,0.005230834698147455
16315,2020-06-11,Niagara,7,1143,718,21560,0.009749303621169917,3.0,0.004549803059911461
16316,2020-06-12,Niagara,11,1154,630,22190,0.01746031746031746,3.0,0.005081967877790565
16317,2020-06-13,Niagara,12,1166,745,22935,0.016107382550335572,3.0,0.005821198246412011
16318,2020-06-14,Niagara,3,1169,464,23399,0.00646551724137931,3.0,0.0056011252365480374
16319,2020-06-15,Niagara,2,1171,424,23823,0.0047169811320754715,3.0,0.0052556138797399616
16320,2020-06-16,Niagara,6,1177,505,24328,0.011881188118811881,3.0,0.005544046084304956
16321,2020-06-17,Niagara,6,1183,850,25178,0.007058823529411765,3.0,0.005245679546678671
16322,2020-06-18,Niagara,2,1185,977,26155,0.0020470829068577278,3.0,0.004695520924227799
16323,2020-06-19,Niagara,3,1188,621,26776,0.004830917874396135,2.0,0.003793420953804847
16324,2020-06-20,Niagara,4,1192,531,27307,0.007532956685499058,1.0,0.0031809619634593817
16325,2020-06-21,Niagara,1,1193,402,27709,0.0024875621890547263,1.0,0.0028968223168647687
16326,2020-06-22,Niagara,2,1195,371,28080,0.005390835579514825,1.0,0.002944954777396151
16327,2020-06-23,Niagara,4,1199,803,28883,0.0049813200498132005,1.0,0.00245210705818196
16328,2020-06-24,Niagara,4,1203,963,29846,0.004153686396677051,1.0,0.002244597262986623
16329,2020-06-25,Niagara,10,1213,606,30452,0.0165016501650165,2.0,0.003277066352855107
16330,2020-06-26,Niagara,10,1223,820,31272,0.012195121951219513,2.0,0.0038030809297710626
16331,2020-06-27,Niagara,3,1226,513,31785,0.005847953216374269,2.0,0.003682723539119292
16332,2020-06-28,Niagara,2,1228,385,32170,0.005194805194805195,2.0,0.0038760980395300395
16333,2020-06-29,Niagara,6,1234,622,32792,0.00964630225080386,2.0,0.004180059944622113
16334,2020-06-30,Niagara,3,1237,517,33309,0.005802707930367505,2.0,0.0042387305075188494
16335,2020-07-01,Niagara,11,1248,987,34296,0.011144883485309016,3.0,0.004738101728135417
16336,2020-07-02,Niagara,14,1262,763,35059,0.01834862385321101,3.0,0.004870028420149311
16337,2020-07-03,Niagara,15,1277,683,35742,0.021961932650073207,3.0,0.005567657755781719
16338,2020-07-04,Niagara,7,1284,476,36218,0.014705882352941176,4.0,0.006200366979822213
16339,2020-07-05,Niagara,6,1290,360,36578,0.016666666666666666,4.0,0.007019785656383746
16340,2020-07-06,Niagara,7,1297,442,37020,0.01583710407239819,4.0,0.0074619857864976265
16341,2020-07-07,Niagara,10,1307,718,37738,0.013927576601671309,5.0,0.008042333548733613
16342,2020-07-08,Niagara,8,1315,826,38564,0.009685230024213076,4.0,0.00793807258722676
16343,2020-07-09,Niagara,12,1327,835,39399,0.01437125748502994,4.0,0.0076539749894995405
16344,2020-07-10,Niagara,7,1334,533,39932,0.013133208255159476,4.0,0.007023351818434274
16345,2020-07-11,Niagara,6,1340,720,40652,0.008333333333333333,4.0,0.0065681697456051414
16346,2020-07-12,Niagara,2,1342,266,40918,0.007518796992481203,3.0,0.0059147504831633235
16347,2020-07-13,Niagara,9,1351,685,41603,0.013138686131386862,3.0,0.005722006344519657
16348,2020-07-14,Niagara,5,1356,665,42268,0.007518796992481203,3.0,0.00526423637243465
16349,2020-07-15,Niagara,8,1364,930,43198,0.008602150537634409,3.0,0.005186873551964745
16350,2020-07-16,Niagara,7,1371,933,44131,0.007502679528403001,3.0,0.004696260840777106
16351,2020-07-17,Niagara,4,1375,419,44550,0.00954653937947494,2.0,0.004440070206799639
16352,2020-07-18,Niagara,7,1382,509,45059,0.0137524557956778,3.0,0.004827150382681387
16353,2020-07-19,Niagara,2,1384,209,45268,0.009569377990430622,3.0,0.004973620453963488
16354,2020-07-20,Niagara,4,1388,640,45908,0.00625,2.0,0.0044815714445787126
16355,2020-07-21,Niagara,7,1395,736,46644,0.009510869565217392,2.0,0.004623862342631298
16356,2020-07-22,Niagara,10,1405,586,47230,0.017064846416382253,2.0,0.005228340619684716
16357,2020-07-23,Niagara,3,1408,707,47937,0.004243281471004243,2.0,0.004995526472727661
16358,2020-07-24,Niagara,12,1420,1234,49171,0.009724473257698542,3.0,0.005008236035457918
16359,2020-07-25,Niagara,2,1422,503,49674,0.003976143141153081,2.0,0.004309927988706152
16360,2020-07-26,Niagara,2,1424,335,50009,0.005970149253731343,2.0,0.004052840221799061
16361,2020-07-27,Niagara,0,1424,698,50707,0.0,2.0,0.0036064116503704896
16362,2020-07-28,Niagara,6,1430,543,51250,0.011049723756906077,2.0,0.0037163298069196812
16363,2020-07-29,Niagara,4,1434,860,52110,0.004651162790697674,2.0,0.002829638119370783
16364,2020-07-30,Niagara,6,1440,515,52625,0.011650485436893204,2.0,0.00335872411693428
16365,2020-07-31,Niagara,4,1444,748,53373,0.0053475935828877,1.0,0.0030460898544477917
16366,2020-08-01,Niagara,2,1446,519,53892,0.0038535645472061657,1.0,0.0030373342405944402
16367,2020-08-02,Niagara,3,1449,314,54206,0.009554140127388535,1.0,0.003293333588712811
16368,2020-08-03,Niagara,9,1458,996,55202,0.009036144578313253,2.0,0.003938772487163758
16369,2020-08-04,Niagara,8,1466,1332,56534,0.006006006006006006,2.0,0.0035785069335280383
16370,2020-08-05,Niagara,4,1470,639,57173,0.006259780907668232,2.0,0.0036934082275973637
16371,2020-08-06,Niagara,21,1491,646,57819,0.032507739938080496,3.0,0.0051832121205393124
16372,2020-08-07,Niagara,3,1494,997,58816,0.003009027081243731,3.0,0.005016171656136172
16373,2020-08-08,Niagara,4,1498,462,59278,0.008658008658008658,3.0,0.005359346235479207
16374,2020-08-09,Niagara,2,1500,283,59561,0.007067137809187279,3.0,0.005181703212750547
16375,2020-08-10,Niagara,12,1512,925,60486,0.012972972972972972,3.0,0.005462905240940528
16376,2020-08-11,Niagara,2,1514,652,61138,0.003067484662576687,3.0,0.005253010859267003
16377,2020-08-12,Niagara,4,1518,551,61689,0.007259528130671506,3.0,0.005324421375195809
16378,2020-08-13,Niagara,6,1524,821,62510,0.007308160779537149,2.0,0.003524451435299856
16379,2020-08-14,Niagara,5,1529,597,63107,0.008375209380234505,2.0,0.0039077501709420545
16380,2020-08-15,Niagara,3,1532,573,63680,0.005235602094240838,2.0,0.003663292559244353
16381,2020-08-16,Niagara,0,1532,319,63999,0.0,2.0,0.003158497001445261
16382,2020-08-17,Niagara,3,1535,459,64458,0.006535947712418301,1.0,0.0026987094828342132
16383,2020-08-18,Niagara,9,1544,590,65048,0.015254237288135594,2.0,0.003569191813231278
16384,2020-08-19,Niagara,3,1547,757,65805,0.003963011889035667,2.0,0.003333726367400147
16385,2020-08-20,Niagara,9,1556,768,66573,0.01171875,2.0,0.0036487684545760644
16386,2020-08-21,Niagara,10,1566,683,67256,0.014641288433382138,2.0,0.004096345529800895
16387,2020-08-22,Niagara,9,1575,646,67902,0.01393188854489164,3.0,0.004717508847704525
16388,2020-08-23,Niagara,1,1576,286,68188,0.0034965034965034965,3.0,0.004967259097454774
16389,2020-08-24,Niagara,10,1586,591,68779,0.01692047377326565,3.0,0.00570901095894387
16390,2020-08-25,Niagara,4,1590,520,69299,0.007692307692307693,3.0,0.005168873130670449
16391,2020-08-26,Niagara,5,1595,913,70212,0.00547645125958379,3.0,0.005276975942852458
16392,2020-08-27,Niagara,5,1600,734,70946,0.006811989100817439,3.0,0.004926493021482274
16393,2020-08-28,Niagara,5,1605,605,71551,0.008264462809917356,2.0,0.004471005476949076
16394,2020-08-29,Niagara,7,1612,957,72508,0.0073145245559038665,2.0,0.003998336620592806
16395,2020-08-30,Niagara,6,1618,532,73040,0.011278195488721804,3.0,0.004554171762894114
16396,2020-08-31,Niagara,8,1626,856,73896,0.009345794392523364,2.0,0.004013123235698237
16397,2020-09-01,Niagara,6,1632,895,74791,0.0067039106145251395,3.0,0.003942523444428054
16398,2020-09-02,Niagara,3,1635,789,75580,0.0038022813688212928,2.0,0.0038229398808021617
16399,2020-09-03,Niagara,3,1638,767,76347,0.003911342894393742,2.0,0.003615750866057612
16400,2020-09-04,Niagara,5,1643,806,77153,0.00620347394540943,2.0,0.003468537375735617
16401,2020-09-05,Niagara,7,1650,503,77656,0.013916500994035786,2.0,0.003940107121316468
16402,2020-09-06,Niagara,4,1654,394,78050,0.01015228426395939,2.0,0.0038596848909762957
16403,2020-09-07,Niagara,5,1659,547,78597,0.009140767824497258,2.0,0.0038450401361172885
16404,2020-09-08,Niagara,4,1663,502,79099,0.00796812749003984,2.0,0.003935341341511195
16405,2020-09-09,Niagara,3,1666,637,79736,0.004709576138147566,2.0,0.004000148110748786
16406,2020-09-10,Niagara,5,1671,724,80460,0.006906077348066298,2.0,0.00421405771458254
16407,2020-09-11,Niagara,7,1678,743,81203,0.009421265141318977,2.0,0.004443899942861794
16408,2020-09-12,Niagara,7,1685,585,81788,0.011965811965811967,2.0,0.004304565012274378
16409,2020-09-13,Niagara,4,1689,420,82208,0.009523809523809525,2.0,0.00425967395940653
16410,2020-09-14,Niagara,4,1693,679,82887,0.005891016200294551,2.0,0.004027548843392052
16411,2020-09-15,Niagara,1,1694,445,83332,0.0022471910112359553,2.0,0.0036189105234774887
16412,2020-09-16,Niagara,9,1703,1145,84477,0.007860262008733625,2.0,0.003843959514233636
16413,2020-09-17,Niagara,4,1707,486,84963,0.00823045267489712,2.0,0.003938557751864408
16414,2020-09-18,Niagara,7,1714,772,85735,0.009067357512953367,2.0,0.003913278635552579
16415,2020-09-19,Niagara,10,1724,1161,86896,0.008613264427217916,2.0,0.003673810954224432
16416,2020-09-20,Niagara,4,1728,444,87340,0.009009009009009009,2.0,0.003637039488881538
16417,2020-09-21,Niagara,5,1733,564,87904,0.008865248226950355,2.0,0.0038494846336426677
16418,2020-09-22,Niagara,8,1741,711,88615,0.011251758087201125,3.0,0.004492667996211609
16419,2020-09-23,Niagara,15,1756,884,89499,0.016968325791855202,3.0,0.005143243980720293
16420,2020-09-24,Niagara,10,1766,981,90480,0.010193679918450561,4.0,0.005283474498116967
16421,2020-09-25,Niagara,7,1773,609,91089,0.011494252873563218,4.0,0.005456824166731956
16422,2020-09-26,Niagara,4,1777,990,92079,0.00404040404040404,3.0,0.0051301912819595365
16423,2020-09-27,Niagara,3,1780,548,92627,0.005474452554744526,3.0,0.004877722963797787
16424,2020-09-28,Niagara,3,1783,1727,94354,0.0017371163867979154,3.0,0.004368570689501185
16425,2020-09-29,Niagara,5,1788,1119,95473,0.004468275245755138,3.0,0.0038840362008264718
16426,2020-09-30,Niagara,11,1799,1127,96600,0.009760425909494233,3.0,0.0033691862092292595
16427,2020-10-01,Niagara,10,1809,1480,98080,0.006756756756756757,3.0,0.0031236916976797023
16428,2020-10-02,Niagara,4,1813,1139,99219,0.003511852502194908,2.0,0.0025535202425819655
16429,2020-10-03,Niagara,15,1828,1260,100479,0.011904761904761904,3.0,0.0031152600900360987
16430,2020-10-04,Niagara,6,1834,738,101217,0.008130081300813009,3.0,0.003304947857612419
16431,2020-10-05,Niagara,6,1840,906,102123,0.006622516556291391,4.0,0.0036539050125762385
16432,2020-10-06,Niagara,2,1842,640,102763,0.003125,3.0,0.003557956780736586
16433,2020-10-07,Niagara,13,1855,1305,104068,0.00996168582375479,4.0,0.003572332488898054
16434,2020-10-08,Niagara,17,1872,1448,105516,0.011740331491712707,4.0,0.0039283021128234796
16435,2020-10-09,Niagara,10,1882,890,106406,0.011235955056179775,4.0,0.004480023723822398
16436,2020-10-10,Niagara,13,1895,870,107276,0.014942528735632184,4.0,0.004697007068884561
16437,2020-10-11,Niagara,7,1902,1159,108435,0.0060396893874029335,4.0,0.004547693360783841
16438,2020-10-12,Niagara,5,1907,495,108930,0.010101010101010102,4.0,0.004796157185406606
16439,2020-10-13,Niagara,4,1911,899,109829,0.004449388209121246,4.0,0.00489075634320098
16440,2020-10-14,Niagara,17,1928,1204,111033,0.014119601328903655,5.0,0.005187750307854472
16441,2020-10-15,Niagara,10,1938,1440,112473,0.006944444444444444,4.0,0.0048451869473353105
16442,2020-10-16,Niagara,8,1946,1287,113760,0.006216006216006216,4.0,0.004486619173037199
16443,2020-10-17,Niagara,12,1958,838,114598,0.014319809069212411,4.0,0.004442139196864358
16444,2020-10-18,Niagara,3,1961,437,115035,0.006864988558352402,4.0,0.004501089137646463
16445,2020-10-19,Niagara,7,1968,996,116031,0.007028112449799197,4.0,0.004281596448274255
16446,2020-10-20,Niagara,18,1986,1095,117126,0.01643835616438356,5.0,0.005137951302221563
16447,2020-10-21,Niagara,11,1997,1154,118280,0.009532062391681109,4.0,0.004810269949562809
16448,2020-10-22,Niagara,19,2016,1220,119500,0.01557377049180328,5.0,0.0054266503815170114
16449,2020-10-23,Niagara,16,2032,1676,121176,0.00954653937947494,6.0,0.0056645456074790644
16450,2020-10-24,Niagara,9,2041,767,121943,0.011734028683181226,5.0,0.005479847008476838
16451,2020-10-25,Niagara,9,2050,835,122778,0.010778443113772455,6.0,0.005759379476721127
16452,2020-10-26,Niagara,15,2065,793,123571,0.018915510718789406,6.0,0.00660847935307757
16453,2020-10-27,Niagara,10,2075,840,124411,0.011904761904761904,6.0,0.006284651191676024
16454,2020-10-28,Niagara,13,2088,1043,125454,0.012464046021093002,6.0,0.006494078593776873
16455,2020-10-29,Niagara,20,2108,1132,126586,0.0176678445229682,6.0,0.006643655310288653
16456,2020-10-30,Niagara,16,2124,1223,127809,0.013082583810302535,6.0,0.006896229912490623
16457,2020-10-31,Niagara,13,2137,882,128691,0.01473922902494331,6.0,0.007110887079759344
16458,2020-11-01,Niagara,18,2155,690,129381,0.02608695652173913,7.0,0.008204352323185534
16459,2020-11-02,Niagara,11,2166,1122,130503,0.00980392156862745,7.0,0.0075535245267453945
16460,2020-11-03,Niagara,25,2191,656,131159,0.038109756097560975,8.0,0.009425309826231043
16461,2020-11-04,Niagara,40,2231,1301,132460,0.030745580322828592,10.0,0.010731133704926442
16462,2020-11-05,Niagara,43,2274,1161,133621,0.037037037037037035,11.0,0.012114647455931358
16463,2020-11-06,Niagara,39,2313,1519,135140,0.025674786043449638,13.0,0.013014090472584724
16464,2020-11-07,Niagara,41,2354,868,136008,0.04723502304147465,15.0,0.015335218616622676
16465,2020-11-08,Niagara,38,2392,813,136821,0.046740467404674045,16.0,0.01681046939397517
16466,2020-11-09,Niagara,75,2467,1523,138344,0.04924491135915955,21.0,0.01962768295044175
16467,2020-11-10,Niagara,38,2505,945,139289,0.04021164021164021,22.0,0.019777817530018837
16468,2020-11-11,Niagara,59,2564,1437,140726,0.04105775922059847,23.0,0.020514401737002398
16469,2020-11-12,Niagara,52,2616,1486,142212,0.034993270524899055,24.0,0.02036841841470683
16470,2020-11-13,Niagara,62,2678,1293,143505,0.04795050270688322,26.0,0.021959541033523513
16471,2020-11-14,Niagara,30,2708,841,144346,0.0356718192627824,25.0,0.021133597906474066
16472,2020-11-15,Niagara,45,2753,1000,145346,0.045,25.0,0.021009278806140206
16473,2020-11-16,Niagara,45,2798,963,146309,0.04672897196261682,23.0,0.0208295688492443
16474,2020-11-17,Niagara,71,2869,1379,147688,0.05148658448150834,26.0,0.021634922011377733
16475,2020-11-18,Niagara,65,2934,2123,149811,0.030617051342439944,26.0,0.020889157162937842
16476,2020-11-19,Niagara,89,3023,1986,151797,0.04481369587109768,29.0,0.021590616116237745
16477,2020-11-20,Niagara,65,3088,1608,153405,0.04042288557213931,29.0,0.02105292917804175
16478,2020-11-21,Niagara,64,3152,1633,155038,0.03919167176974893,31.0,0.021304347214253644
16479,2020-11-22,Niagara,61,3213,1615,156653,0.03777089783281734,32.0,0.0207879827737406
16480,2020-11-23,Niagara,48,3261,698,157351,0.06876790830945559,33.0,0.02236219251280051
16481,2020-11-24,Niagara,105,3366,1631,158982,0.06437768240343347,35.0,0.02328298522150945
16482,2020-11-25,Niagara,79,3445,1564,160546,0.05051150895140665,36.0,0.024704017907864213
16483,2020-11-26,Niagara,154,3599,1867,162413,0.08248527048741296,41.0,0.027394844666172445
16484,2020-11-27,Niagara,83,3682,1303,163716,0.0636991557943208,42.0,0.029057435396328265
16485,2020-11-28,Niagara,86,3768,1177,164893,0.07306711979609176,44.0,0.03147711025535275
16486,2020-11-29,Niagara,106,3874,1507,166400,0.07033842070338421,47.0,0.03380336188896467
16487,2020-11-30,Niagara,145,4019,1478,167878,0.09810554803788904,54.0,0.03589890758385278
16488,2020-12-01,Niagara,123,4142,1137,169015,0.10817941952506596,55.0,0.03902760309254081
16489,2020-12-02,Niagara,154,4296,2211,171226,0.06965174129353234,60.0,0.040394762545549794
16490,2020-12-03,Niagara,183,4479,1835,173061,0.0997275204359673,62.0,0.04162635182758939
16491,2020-12-04,Niagara,199,4678,2575,175636,0.07728155339805826,71.0,0.042596523084999206
16492,2020-12-05,Niagara,135,4813,1938,177574,0.0696594427244582,74.0,0.04235311757988253
16493,2020-12-06,Niagara,139,4952,1267,178841,0.10970797158642462,77.0,0.04516522835724256
16494,2020-12-07,Niagara,125,5077,1530,180371,0.08169934640522876,75.0,0.04399335681205253
16495,2020-12-08,Niagara,189,5266,1642,182013,0.11510353227771011,80.0,0.04448793629438426
16496,2020-12-09,Niagara,112,5378,1880,183893,0.059574468085106386,77.0,0.043768131065210984
16497,2020-12-10,Niagara,159,5537,2217,186110,0.07171853856562922,75.0,0.04176748950304397
16498,2020-12-11,Niagara,185,5722,2152,188262,0.08596654275092937,74.0,0.042387845885391906
16499,2020-12-12,Niagara,184,5906,1863,190125,0.09876543209876543,78.0,0.04446684512641385
16500,2020-12-13,Niagara,110,6016,1446,191571,0.07607192254495158,76.0,0.042064270194880064
16501,2020-12-14,Niagara,128,6144,1429,193000,0.08957312806158152,76.0,0.04262668317033382
16502,2020-12-15,Niagara,114,6258,1257,194257,0.09069212410501193,70.0,0.04088301115799824
16503,2020-12-16,Niagara,126,6384,1974,196231,0.06382978723404255,71.0,0.04118696252577941
16504,2020-12-17,Niagara,198,6582,2306,198537,0.08586296617519515,74.0,0.04219727878360554
16505,2020-12-18,Niagara,127,6709,1883,200420,0.06744556558682953,70.0,0.04087435184331269
16506,2020-12-19,Niagara,136,6845,1830,202250,0.07431693989071038,67.0,0.03912803097130876
16507,2020-12-20,Niagara,127,6972,1642,203892,0.07734470158343483,68.0,0.03921894375977185
16508,2020-12-21,Niagara,165,7137,2066,205958,0.07986447241045498,70.0,0.03852546835611995
16509,2020-12-22,Niagara,157,7294,2364,208322,0.06641285956006768,74.0,0.03679123517433822
16510,2020-12-23,Niagara,152,7446,2168,210490,0.07011070110701106,75.0,0.03723987187955025
16511,2020-12-24,Niagara,172,7618,2751,213241,0.06252271901126863,74.0,0.035572711367841216
16512,2020-12-25,Niagara,101,7719,1169,214410,0.08639863130881095,72.0,0.036926501776554176
16513,2020-12-26,Niagara,79,7798,1641,216051,0.04814137720901889,68.0,0.03505681872786193
16514,2020-12-27,Niagara,139,7937,1138,217189,0.12214411247803164,68.0,0.038256776648904554
16515,2020-12-28,Niagara,177,8114,1584,218773,0.11174242424242424,69.0,0.040533773208330945
16516,2020-12-29,Niagara,127,8241,1241,220014,0.10233682514101532,67.0,0.043099770749827196
16517,2020-12-30,Niagara,203,8444,2450,222464,0.08285714285714285,71.0,0.04401023087483661
16518,2020-12-31,Niagara,301,8745,2632,225096,0.11436170212765957,80.0,0.04771301538315025
16519,2021-01-01,Niagara,156,8901,1776,226872,0.08783783783783784,84.0,0.04781581584950932
16520,2021-01-02,Niagara,182,9083,1491,228363,0.12206572769953052,91.0,0.05309612659883156
16521,2021-01-03,Niagara,176,9259,1558,229921,0.11296534017971759,94.0,0.05244050000609485
16522,2021-01-04,Niagara,134,9393,1264,231185,0.1060126582278481,91.0,0.0520312310050537
16523,2021-01-05,Niagara,288,9681,3133,234318,0.09192467283753591,102.0,0.05128750584051946
16524,2021-01-06,Niagara,125,9806,1805,236123,0.06925207756232687,97.0,0.05031571546231832
16525,2021-01-07,Niagara,292,10098,2475,238598,0.11797979797979798,96.0,0.0505741508803282
16526,2021-01-08,Niagara,266,10364,2701,241299,0.09848204368752314,104.0,0.051334451298162866
16527,2021-01-09,Niagara,236,10600,2489,243788,0.094817195660908,108.0,0.04938812758111839
16528,2021-01-10,Niagara,85,10685,1098,244886,0.07741347905282331,101.0,0.04684870892919738
16529,2021-01-11,Niagara,203,10888,2356,247242,0.08616298811544991,106.0,0.04543087534974037
16530,2021-01-12,Niagara,187,11075,2768,250010,0.0675578034682081,99.0,0.04369038468050267
16531,2021-01-13,Niagara,173,11248,1831,251841,0.09448388858547242,103.0,0.04549265689644163
16532,2021-01-14,Niagara,286,11534,3992,255833,0.0716432865731463,102.0,0.0421829060816808
16533,2021-01-15,Niagara,130,11664,2237,258070,0.058113544926240504,92.0,0.039299441884446326
16534,2021-01-16,Niagara,158,11822,2176,260246,0.07261029411764706,87.0,0.037713234631356264
16535,2021-01-17,Niagara,111,11933,1285,261531,0.08638132295719844,89.0,0.03835379491024019
16536,2021-01-18,Niagara,210,12143,1772,263303,0.11851015801354402,89.0,0.040664307045818346
16537,2021-01-19,Niagara,86,12229,1258,264561,0.06836248012718601,82.0,0.04072178395003105
16538,2021-01-20,Niagara,181,12410,2827,267388,0.0640254686947294,83.0,0.038546182529263694
16539,2021-01-21,Niagara,192,12602,2393,269781,0.08023401587964897,76.0,0.03915980605115675
16540,2021-01-22,Niagara,116,12718,2793,272574,0.041532402434658076,75.0,0.03797543873032943
16541,2021-01-23,Niagara,125,12843,1822,274396,0.06860592755214051,72.0,0.037689412547078964
16542,2021-01-24,Niagara,90,12933,1513,275909,0.059484467944481166,71.0,0.035768208617599155
16543,2021-01-25,Niagara,123,13056,1254,277163,0.09808612440191387,65.0,0.03430934907391129
16544,2021-01-26,Niagara,139,13195,1967,279130,0.07066598881545501,69.0,0.03447388540878764
16545,2021-01-27,Niagara,155,13350,2067,281197,0.07498790517658442,67.0,0.035256916586062996
16546,2021-01-28,Niagara,132,13482,2023,283220,0.0652496292634701,62.0,0.03418660325633594
16547,2021-01-29,Niagara,108,13590,2211,285431,0.048846675712347354,62.0,0.03470905134759946
16548,2021-01-30,Niagara,100,13690,1854,287285,0.05393743257820928,60.0,0.03366130170660437
16549,2021-01-31,Niagara,62,13752,1101,288386,0.05631244323342416,58.0,0.033434728512957444
16550,2021-02-01,Niagara,44,13796,875,289261,0.05028571428571429,52.0,0.030020413504657475
16551,2021-02-02,Niagara,90,13886,1121,290382,0.08028545941123996,49.0,0.03070751854721354
16552,2021-02-03,Niagara,130,14016,2042,292424,0.06366307541625857,47.0,0.029898602135761693
16553,2021-02-04,Niagara,92,14108,1636,294060,0.05623471882640587,44.0,0.029254679961685678
16554,2021-02-05,Niagara,112,14220,2966,297026,0.037761294672960216,45.0,0.02846286703030088
16555,2021-02-06,Niagara,76,14296,1854,298880,0.040992448759439054,43.0,0.027538225328960154
16556,2021-02-07,Niagara,68,14364,1122,300002,0.06060606060606061,43.0,0.027844912284148465
16557,2021-02-08,Niagara,27,14391,917,300919,0.029443838604143947,42.0,0.02635620687832202
16558,2021-02-09,Niagara,76,14467,1694,302613,0.0448642266824085,41.0,0.02382611882626262
16559,2021-02-10,Niagara,90,14557,2364,304977,0.03807106598984772,38.0,0.02199811815294756
16560,2021-02-11,Niagara,57,14614,1595,306572,0.035736677115987464,36.0,0.020533972316489107
16561,2021-02-12,Niagara,53,14667,2078,308650,0.02550529355149182,31.0,0.01965854366495565
16562,2021-02-13,Niagara,69,14736,1922,310572,0.03590010405827263,31.0,0.019294804757729482
16563,2021-02-14,Niagara,20,14756,1031,311603,0.019398642095053348,28.0,0.01635141772122896
16564,2021-02-15,Niagara,47,14803,1005,312608,0.046766169154228855,29.0,0.01758872704623502
16565,2021-02-16,Niagara,34,14837,959,313567,0.035453597497393116,26.0,0.016916539247305355
16566,2021-02-17,Niagara,55,14892,1815,315382,0.030303030303030304,23.0,0.016361679555389825
16567,2021-02-18,Niagara,28,14920,1101,316483,0.025431425976385105,21.0,0.01562559018827537
16568,2021-02-19,Niagara,37,14957,2135,318618,0.017330210772833723,20.0,0.015041655704085504
16569,2021-02-20,Niagara,27,14984,1551,320169,0.017408123791102514,17.0,0.013720799970716211
16570,2021-02-21,Niagara,28,15012,914,321083,0.030634573304157548,18.0,0.014523366485652224
16571,2021-02-22,Niagara,47,15059,972,322055,0.04835390946502058,18.0,0.014636776507851636
16572,2021-02-23,Niagara,41,15100,1672,323727,0.02452153110047847,18.0,0.013855914622357732
16573,2021-02-24,Niagara,56,15156,1939,325666,0.02888086642599278,18.0,0.013754331488283625
16574,2021-02-25,Niagara,38,15194,1997,327663,0.01902854281422133,19.0,0.013296982690986212
16575,2021-02-26,Niagara,46,15240,2145,329808,0.021445221445221447,20.0,0.013590912024728192
16576,2021-02-27,Niagara,55,15295,1802,331610,0.030521642619311874,22.0,0.01452759194102886
16577,2021-02-28,Niagara,29,15324,936,332546,0.030982905982905984,22.0,0.014552472846653747
16578,2021-03-01,Niagara,27,15351,736,333282,0.036684782608695655,20.0,0.013718963785487679
16579,2021-03-02,Niagara,29,15380,1386,334668,0.020923520923520924,20.0,0.013461963058562143
16580,2021-03-03,Niagara,24,15404,2036,336704,0.011787819253438114,17.0,0.01224103111766538
16581,2021-03-04,Niagara,58,15462,1774,338478,0.03269447576099211,19.0,0.013217169185291866
16582,2021-03-05,Niagara,46,15508,2224,340702,0.02068345323741007,19.0,0.013162757170448194
16583,2021-03-06,Niagara,46,15554,1770,342472,0.02598870056497175,18.0,0.012838975595138186
16584,2021-03-07,Niagara,36,15590,1645,344117,0.02188449848024316,19.0,0.012189089344947984
16585,2021-03-08,Niagara,24,15614,831,344948,0.02888086642599278,18.0,0.011631666760469209
16586,2021-03-09,Niagara,23,15637,1237,346185,0.018593371059013743,18.0,0.01146522748443298
16587,2021-03-10,Niagara,33,15670,1648,347833,0.020024271844660196,19.0,0.012053545526663129
16588,2021-03-11,Niagara,58,15728,1828,349661,0.03172866520787746,19.0,0.01198455905858351
16589,2021-03-12,Niagara,18,15746,1850,351511,0.00972972972972973,17.0,0.011202150236606341
16590,2021-03-13,Niagara,35,15781,1636,353147,0.021393643031784843,16.0,0.010873931841378708
16591,2021-03-14,Niagara,35,15816,1337,354484,0.02617801047120419,16.0,0.011180611269304497
16592,2021-03-15,Niagara,38,15854,817,355301,0.046511627906976744,17.0,0.012439951375089063
16593,2021-03-16,Niagara,18,15872,1216,356517,0.014802631578947368,16.0,0.012169184269370038
16594,2021-03-17,Niagara,35,15907,1796,358313,0.019487750556792874,16.0,0.012130861320236658
16595,2021-03-18,Niagara,29,15936,1636,359949,0.017726161369193152,14.0,0.01113068247461635
16596,2021-03-19,Niagara,29,15965,1879,361828,0.015433741351782864,15.0,0.011538111876191576
16597,2021-03-20,Niagara,44,16009,1845,363673,0.023848238482384824,16.0,0.011713440122663
16598,2021-03-21,Niagara,41,16050,1115,364788,0.036771300448430494,16.0,0.012470103692464879
16599,2021-03-22,Niagara,36,16086,860,365648,0.04186046511627907,16.0,0.012137877778843618
16600,2021-03-23,Niagara,44,16130,1229,366877,0.03580146460537022,18.0,0.013637794423588106
16601,2021-03-24,Niagara,56,16186,2162,369039,0.025901942645698426,19.0,0.014095951001367072
16602,2021-03-25,Niagara,53,16239,1906,370945,0.027806925498426022,21.0,0.014816005582026563
16603,2021-03-26,Niagara,70,16309,2467,373412,0.02837454398054317,24.0,0.015740348626938013
16604,2021-03-27,Niagara,45,16354,2084,375496,0.021593090211132437,24.0,0.015579266607562843
16605,2021-03-28,Niagara,45,16399,1545,377041,0.02912621359223301,24.0,0.015033188974977312
16606,2021-03-29,Niagara,91,16490,952,377993,0.09558823529411764,28.0,0.018870886844822927
16607,2021-03-30,Niagara,50,16540,1401,379394,0.03568879371877231,29.0,0.018862838924351644
16608,2021-03-31,Niagara,99,16639,1505,380899,0.06578073089700996,32.0,0.021711323799445324
16609,2021-04-01,Niagara,74,16713,1851,382750,0.039978390059427334,33.0,0.022580714125231133
16610,2021-04-02,Niagara,87,16800,2398,385148,0.03628023352793995,35.0,0.023145406235759475
16611,2021-04-03,Niagara,100,16900,2197,387345,0.04551661356395084,39.0,0.02485422933238936
16612,2021-04-04,Niagara,114,17014,1085,388430,0.10506912442396313,43.0,0.030278722963227228
16613,2021-04-05,Niagara,62,17076,767,389197,0.08083441981747067,41.0,0.029224879000609584
16614,2021-04-06,Niagara,80,17156,1384,390581,0.057803468208092484,44.0,0.0308044986069896
16615,2021-04-07,Niagara,110,17266,1700,392281,0.06470588235294118,44.0,0.03072772371098469
16616,2021-04-08,Niagara,139,17405,2784,395065,0.04992816091954023,49.0,0.03143842162956418
16617,2021-04-09,Niagara,122,17527,2534,397599,0.04814522494080505,51.0,0.03228592101619741
16618,2021-04-10,Niagara,106,17633,1438,399037,0.0737134909596662,52.0,0.034299983687319915
16619,2021-04-11,Niagara,79,17712,828,399865,0.09541062801932366,49.0,0.033610091086988536
16620,2021-04-12,Niagara,68,17780,1061,400926,0.0640904806786051,50.0,0.03241409543421242
16621,2021-04-13,Niagara,108,17888,2103,403029,0.05135520684736091,52.0,0.03195350533701731
16622,2021-04-14,Niagara,111,17999,2084,405113,0.05326295585412668,52.0,0.031136153444244842
16623,2021-04-15,Niagara,91,18090,1793,406906,0.05075292805354155,48.0,0.0311950653823878
16624,2021-04-16,Niagara,121,18211,2049,408955,0.05905319668130796,48.0,0.03197420622099515
16625,2021-04-17,Niagara,103,18314,2281,411236,0.04515563349408154,48.0,0.02993435925916767
16626,2021-04-18,Niagara,53,18367,1437,412673,0.03688239387613083,46.0,0.025753771106082474
16627,2021-04-19,Niagara,69,18436,982,413655,0.07026476578411406,46.0,0.026194791470761678
16628,2021-04-20,Niagara,50,18486,1630,415285,0.03067484662576687,42.0,0.024717622883504962
16629,2021-04-21,Niagara,50,18536,1846,417131,0.027085590465872156,38.0,0.022847811070058212
16630,2021-04-22,Niagara,106,18642,2165,419296,0.04896073903002309,39.0,0.022719797568378323
16631,2021-04-23,Niagara,68,18710,1836,421132,0.037037037037037035,35.0,0.021147214736644684
16632,2021-04-24,Niagara,60,18770,1453,422585,0.04129387474191328,32.0,0.020871374825775526
16633,2021-04-25,Niagara,46,18816,1272,423857,0.036163522012578615,32.0,0.020820026835521793
16634,2021-04-26,Niagara,54,18870,976,424833,0.055327868852459015,31.0,0.019753105626117866
16635,2021-04-27,Niagara,56,18926,1527,426360,0.0366732154551408,31.0,0.020181560542501715
16636,2021-04-28,Niagara,69,18995,1632,427992,0.042279411764705885,32.0,0.021266833492418407
16637,2021-04-29,Niagara,83,19078,1842,429834,0.04505971769815418,31.0,0.02098818911157063
16638,2021-04-30,Niagara,60,19138,2298,432132,0.02610966057441253,30.0,0.020207662221383167
16639,2021-05-01,Niagara,52,19190,1571,433703,0.033099936346276254,30.0,0.01962238090740909
16640,2021-05-02,Niagara,38,19228,814,434517,0.04668304668304668,29.0,0.020373775526728234
16641,2021-05-03,Niagara,42,19270,882,435399,0.047619047619047616,28.0,0.019823145438627423
16642,2021-05-04,Niagara,36,19306,1262,436661,0.028526148969889066,27.0,0.0192412121182523
16643,2021-05-05,Niagara,41,19347,1576,438237,0.02601522842639594,25.0,0.01807948473694445
16644,2021-05-06,Niagara,51,19398,1671,439908,0.03052064631956912,22.0,0.017040979638474087
16645,2021-05-07,Niagara,60,19458,2506,442414,0.023942537909018357,22.0,0.016886185162374504
16646,2021-05-08,Niagara,48,19506,1127,443541,0.04259094942324756,22.0,0.01756411466787245
16647,2021-05-09,Niagara,21,19527,903,444444,0.023255813953488372,21.0,0.01589074090147543
16648,2021-05-10,Niagara,29,19556,882,445326,0.032879818594104306,20.0,0.014837938828265193
16649,2021-05-11,Niagara,39,19595,1366,446692,0.02855051244509517,20.0,0.0148396790764942
16650,2021-05-12,Niagara,39,19634,1800,448492,0.021666666666666667,20.0,0.014529067522227823
16651,2021-05-13,Niagara,22,19656,1656,450148,0.013285024154589372,18.0,0.013297951653300699
16652,2021-05-14,Niagara,30,19686,1823,451971,0.016456390565002744,16.0,0.012763226843013871
16653,2021-05-15,Niagara,18,19704,1244,453215,0.014469453376205787,14.0,0.010754548553939456
16654,2021-05-16,Niagara,17,19721,679,453894,0.025036818851251842,13.0,0.010881763189493993
16655,2021-05-17,Niagara,15,19736,685,454579,0.021897810218978103,12.0,0.010097334019842122
16656,2021-05-18,Niagara,30,19766,1292,455871,0.02321981424148607,12.0,0.009716569862441472
16657,2021-05-19,Niagara,36,19802,1870,457741,0.019251336898395723,12.0,0.009544046307564972
16658,2021-05-20,Niagara,35,19837,1276,459017,0.0274294670846395,12.0,0.010554363659711411
16659,2021-05-21,Niagara,19,19856,1243,460260,0.015285599356395816,12.0,0.01047073571623949
16660,2021-05-22,Niagara,25,19881,984,461244,0.02540650406504065,12.0,0.011251953622584836
16661,2021-05-23,Niagara,16,19897,990,462234,0.01616161616161616,12.0,0.010618010573325145
16662,2021-05-24,Niagara,13,19910,650,462884,0.02,12.0,0.010482452700540993
16663,2021-05-25,Niagara,17,19927,991,463875,0.017154389505549948,11.0,0.010049208076545557
16664,2021-05-26,Niagara,11,19938,1060,464935,0.010377358490566037,9.0,0.009415352475986292
16665,2021-05-27,Niagara,9,19947,1230,466165,0.007317073170731708,7.0,0.007978752910707165
16666,2021-05-28,Niagara,9,19956,965,467130,0.00932642487046632,7.0,0.007553097590283631
16667,2021-05-29,Niagara,12,19968,1363,468493,0.00880410858400587,6.0,0.006367212198781146
16668,2021-05-30,Niagara,2,19970,406,468899,0.0049261083743842365,5.0,0.0055646759282645805
16669,2021-05-31,Niagara,10,19980,438,469337,0.0228310502283105,5.0,0.00576689380171533
16670,2021-06-01,Niagara,6,19986,603,469940,0.009950248756218905,4.0,0.005252312319620256
16671,2021-06-02,Niagara,5,19991,1238,471178,0.004038772213247173,3.0,0.004799556156954624
16672,2021-06-03,Niagara,4,19995,1218,472396,0.003284072249589491,3.0,0.0045114846625873214
16673,2021-06-04,Niagara,8,20003,1417,473813,0.0056457304163726185,3.0,0.004248577915866343
16674,2021-06-05,Niagara,3,20006,937,474750,0.0032017075773745998,2.0,0.0038484064153926807
16675,2021-06-06,Niagara,5,20011,717,475467,0.00697350069735007,2.0,0.003994648724175954
16676,2021-06-07,Niagara,4,20015,532,475999,0.007518796992481203,2.0,0.002900916350188147
16677,2021-06-08,Niagara,2,20017,1101,477100,0.0018165304268846503,2.0,0.0023199364695214142
16678,2021-06-09,Niagara,2,20019,1103,478203,0.001813236627379873,2.0,0.0021609696419594648
16679,2021-06-10,Niagara,8,20027,924,479127,0.008658008658008658,2.0,0.002544822242560834
16680,2021-06-11,Niagara,3,20030,1249,480376,0.0024019215372297837,1.0,0.0023131216083363453
16681,2021-06-12,Niagara,2,20032,597,480973,0.0033500837520938024,1.0,0.0023237199065305743
16682,2021-06-13,Niagara,1,20033,575,481548,0.0017391304347826088,1.0,0.001949836316347184
16683,2021-06-14,Niagara,2,20035,439,481987,0.004555808656036446,1.0,0.0017381942923154158
16684,2021-06-15,Niagara,4,20039,735,482722,0.005442176870748299,1.0,0.001997169038305677
16685,2021-06-16,Niagara,2,20041,632,483354,0.0031645569620253164,1.0,0.0020936919193517796
16686,2021-06-17,Niagara,4,20045,639,483993,0.006259780907668232,1.0,0.0019223899371846062
16687,2021-06-18,Niagara,0,20045,624,484617,0.0,1.0,0.0017508241130967646
16688,2021-06-19,Niagara,2,20047,417,485034,0.004796163069544364,1.0,0.0018541154929146617
16689,2021-06-20,Niagara,1,20048,342,485376,0.0029239766081871343,1.0,0.0019387473624435567
16690,2021-06-21,Niagara,2,20050,400,485776,0.005,1.0,0.0019704753155838106
16691,2021-06-22,Niagara,1,20051,648,486424,0.0015432098765432098,0.0,0.0016919776731405898
16692,2021-06-23,Niagara,3,20054,613,487037,0.004893964110929853,0.0,0.0018155067552051995
16693,2021-06-24,Niagara,1,20055,370,487407,0.002702702702702703,0.0,0.0015614297405648046
16694,2021-06-25,Niagara,0,20055,525,487932,0.0,0.0,0.0015614297405648046
16695,2021-06-26,Niagara,1,20056,552,488484,0.0018115942028985507,0.0,0.0013482462500901038
16696,2021-06-27,Niagara,1,20057,316,488800,0.0031645569620253164,0.0,0.0013654305610785453
16697,2021-06-28,Niagara,1,20058,275,489075,0.0036363636363636364,0.0,0.0012680279636759478
16698,2021-06-29,Niagara,1,20059,583,489658,0.0017152658662092624,0.0,0.001280317677223523
16699,2021-06-30,Niagara,0,20059,441,490099,0.0,0.0,0.0009307488121571048
16700,2021-07-01,Niagara,8,20067,521,490620,0.015355086372360844,0.0,0.001834490502846972
16701,2021-07-02,Niagara,2,20069,393,491013,0.005089058524173028,1.0,0.0021979946831450453
16702,2021-07-03,Niagara,3,20072,388,491401,0.007731958762886598,1.0,0.0026208778660013346
16703,2021-07-04,Niagara,1,20073,243,491644,0.00411522633744856,1.0,0.002688782821388709
16704,2021-07-05,Niagara,0,20073,301,491945,0.0,1.0,0.0024290425616484493
16705,2021-07-06,Niagara,4,20077,507,492452,0.007889546351084813,1.0,0.0028700625962824176
16706,2021-07-07,Niagara,1,20078,418,492870,0.0023923444976076554,1.0,0.0030409443461115356
16707,2021-07-08,Niagara,4,20082,496,493366,0.008064516129032258,1.0,0.0025201893287309226
16708,2021-07-09,Niagara,2,20084,598,493964,0.0033444816053511705,1.0,0.0023955766916722186
16709,2021-07-10,Niagara,1,20085,291,494255,0.003436426116838488,0.0,0.00208875293124021
16710,2021-07-11,Niagara,3,20088,281,494536,0.010676156583629894,1.0,0.0025573908059674483
16711,2021-07-12,Niagara,4,20092,370,494906,0.010810810810810811,1.0,0.0033295915781682206
16712,2021-07-13,Niagara,8,20100,443,495349,0.01805869074492099,1.0,0.004055959034870805
16713,2021-07-14,Niagara,6,20106,560,495909,0.010714285714285714,2.0,0.004650383407490666
16714,2021-07-15,Niagara,7,20113,382,496291,0.01832460732984293,2.0,0.005383247064691428
16715,2021-07-16,Niagara,5,20118,337,496628,0.01483679525222552,2.0,0.006204126610896739
16716,2021-07-17,Niagara,7,20125,478,497106,0.014644351464435146,2.0,0.007004692707153644
16717,2021-07-18,Niagara,4,20129,161,497267,0.024844720496894408,2.0,0.008016732986672537
16718,2021-07-19,Niagara,8,20137,390,497657,0.020512820512820513,3.0,0.00870973367967323
16719,2021-07-20,Niagara,5,20142,534,498191,0.009363295880149813,3.0,0.008088634046475288
16720,2021-07-21,Niagara,12,20154,345,498536,0.034782608695652174,3.0,0.00980779997371575
16721,2021-07-22,Niagara,5,20159,374,498910,0.013368983957219251,3.0,0.0094538268756712
16722,2021-07-23,Niagara,9,20168,428,499338,0.02102803738317757,3.0,0.00989605845645349
16723,2021-07-24,Niagara,17,20185,446,499784,0.03811659192825112,4.0,0.011572647061011774
16724,2021-07-25,Niagara,7,20192,306,500090,0.02287581699346405,4.0,0.011432011096481036
16725,2021-07-26,Niagara,7,20199,491,500581,0.014256619144602852,4.0,0.010985139570179773
16726,2021-07-27,Niagara,10,20209,467,501048,0.021413276231263382,4.0,0.011845852452402172
16727,2021-07-28,Niagara,19,20228,468,501516,0.0405982905982906,5.0,0.01226125830259063
16728,2021-07-29,Niagara,15,20243,402,501918,0.03731343283582089,6.0,0.013971576079633605
16729,2021-07-30,Niagara,23,20266,492,502410,0.046747967479674794,7.0,0.01580871394366912
16730,2021-07-31,Niagara,24,20290,508,502918,0.047244094488188976,7.0,0.01646067841223611
16731,2021-08-01,Niagara,9,20299,261,503179,0.034482758620689655,7.0,0.01728974567132365
16732,2021-08-02,Niagara,16,20315,462,503641,0.03463203463203463,8.0,0.018745132491854496
16733,2021-08-03,Niagara,22,20337,658,504299,0.03343465045592705,9.0,0.019603802079330473
16734,2021-08-04,Niagara,20,20357,482,504781,0.04149377593360996,9.0,0.01966776531756757
16735,2021-08-05,Niagara,17,20374,581,505362,0.029259896729776247,9.0,0.01909251273856438
16736,2020-03-01,Oneida,0,0,0,0,,,
16737,2020-03-02,Oneida,0,0,0,0,,,
16738,2020-03-03,Oneida,0,0,0,0,,,
16739,2020-03-04,Oneida,0,0,2,2,0.0,,
16740,2020-03-05,Oneida,0,0,0,2,,,
16741,2020-03-06,Oneida,0,0,0,2,,,
16742,2020-03-07,Oneida,0,0,0,2,,0.0,
16743,2020-03-08,Oneida,0,0,0,2,,0.0,
16744,2020-03-09,Oneida,0,0,0,2,,0.0,
16745,2020-03-10,Oneida,0,0,0,2,,0.0,
16746,2020-03-11,Oneida,0,0,1,3,0.0,0.0,
16747,2020-03-12,Oneida,0,0,1,4,0.0,0.0,
16748,2020-03-13,Oneida,0,0,1,5,0.0,0.0,
16749,2020-03-14,Oneida,0,0,1,6,0.0,0.0,
16750,2020-03-15,Oneida,0,0,3,9,0.0,0.0,
16751,2020-03-16,Oneida,0,0,1,10,0.0,0.0,
16752,2020-03-17,Oneida,0,0,4,14,0.0,0.0,0.0
16753,2020-03-18,Oneida,2,2,14,28,0.14285714285714285,0.0,0.01020408163265306
16754,2020-03-19,Oneida,0,2,7,35,0.0,0.0,0.01020408163265306
16755,2020-03-20,Oneida,2,4,59,94,0.03389830508474576,0.0,0.012625389138706328
16756,2020-03-21,Oneida,1,5,30,124,0.03333333333333333,0.0,0.015006341519658711
16757,2020-03-22,Oneida,2,7,36,160,0.05555555555555555,0.0,0.018974595487912676
16758,2020-03-23,Oneida,1,8,24,184,0.041666666666666664,0.0,0.021950785964103152
16759,2020-03-24,Oneida,1,9,48,232,0.020833333333333332,0.0,0.02343888120219839
16760,2020-03-25,Oneida,4,13,22,254,0.18181818181818182,0.0,0.026221812556558317
16761,2020-03-26,Oneida,0,13,41,295,0.0,0.0,0.026221812556558317
16762,2020-03-27,Oneida,10,23,43,338,0.23255813953488372,1.0,0.04041180073156818
16763,2020-03-28,Oneida,3,26,26,364,0.11538461538461539,1.0,0.04627260659237404
16764,2020-03-29,Oneida,8,34,26,390,0.3076923076923077,1.0,0.06428237460214205
16765,2020-03-30,Oneida,6,40,57,447,0.10526315789473684,2.0,0.06882498111843277
16766,2020-03-31,Oneida,10,50,58,505,0.1724137931034483,2.0,0.07965215681629813
16767,2020-04-01,Oneida,11,61,82,587,0.13414634146341464,3.0,0.07624702536238619
16768,2020-04-02,Oneida,10,71,77,664,0.12987012987012986,4.0,0.0855234632102526
16769,2020-04-03,Oneida,9,80,58,722,0.15517241379310345,4.0,0.07999591137155401
16770,2020-04-04,Oneida,7,87,55,777,0.12727272727272726,4.0,0.08084506222070487
16771,2020-04-05,Oneida,13,100,87,864,0.14942528735632185,4.0,0.06954027505384872
16772,2020-04-06,Oneida,18,118,90,954,0.2,5.0,0.07630719234708182
16773,2020-04-07,Oneida,7,125,59,1013,0.11864406779661017,5.0,0.07246649768230766
16774,2020-04-08,Oneida,33,158,104,1117,0.3173076923076923,6.0,0.08554945131404179
16775,2020-04-09,Oneida,14,172,85,1202,0.16470588235294117,7.0,0.0880377193485283
16776,2020-04-10,Oneida,9,181,42,1244,0.21428571428571427,7.0,0.09226009795514335
16777,2020-04-11,Oneida,14,195,83,1327,0.1686746987951807,7.0,0.0952173816353186
16778,2020-04-12,Oneida,11,206,61,1388,0.18032786885245902,7.0,0.09742470888504269
16779,2020-04-13,Oneida,23,229,100,1488,0.23,7.0,0.09956756602789983
16780,2020-04-14,Oneida,17,246,79,1567,0.21518987341772153,8.0,0.10646369500083637
16781,2020-04-15,Oneida,3,249,32,1599,0.09375,6.0,0.09049528840742978
16782,2020-04-16,Oneida,12,261,82,1681,0.14634146341463414,6.0,0.08918354419755069
16783,2020-04-17,Oneida,7,268,85,1766,0.08235294117647059,6.0,0.07975977468974757
16784,2020-04-18,Oneida,7,275,52,1818,0.1346153846153846,5.0,0.07732696653404784
16785,2020-04-19,Oneida,4,279,75,1893,0.05333333333333334,5.0,0.06825592828268173
16786,2020-04-20,Oneida,5,284,133,2026,0.03759398496240601,3.0,0.05451264149428216
16787,2020-04-21,Oneida,17,301,117,2143,0.1452991452991453,3.0,0.04952044662866957
16788,2020-04-22,Oneida,16,317,174,2317,0.09195402298850575,4.0,0.04939216255641998
16789,2020-04-23,Oneida,6,323,67,2384,0.08955223880597014,4.0,0.045335789370086844
16790,2020-04-24,Oneida,41,364,401,2785,0.10224438902743142,6.0,0.0467566070737269
16791,2020-04-25,Oneida,20,384,112,2897,0.17857142857142858,7.0,0.0498963244991586
16792,2020-04-26,Oneida,13,397,128,3025,0.1015625,8.0,0.05334126497534909
16793,2020-04-27,Oneida,14,411,132,3157,0.10606060606060606,9.0,0.05823173791093481
16794,2020-04-28,Oneida,11,422,124,3281,0.08870967741935484,8.0,0.05418963306237834
16795,2020-04-29,Oneida,17,439,145,3426,0.11724137931034483,8.0,0.05599587279965256
16796,2020-04-30,Oneida,12,451,149,3575,0.08053691275167785,9.0,0.055351920938631685
16797,2020-05-01,Oneida,23,474,185,3760,0.12432432432432433,7.0,0.05692905917412404
16798,2020-05-02,Oneida,15,489,149,3909,0.10067114093959731,7.0,0.051364752914707525
16799,2020-05-03,Oneida,61,550,241,4150,0.25311203319502074,10.0,0.06218971957149471
16800,2020-05-04,Oneida,24,574,247,4397,0.09716599190283401,11.0,0.06155438998879671
16801,2020-05-05,Oneida,5,579,234,4631,0.021367521367521368,11.0,0.056744235985094316
16802,2020-05-06,Oneida,30,609,375,5006,0.08,12.0,0.05408413746292683
16803,2020-05-07,Oneida,11,620,323,5329,0.034055727554179564,12.0,0.05076405280596267
16804,2020-05-08,Oneida,18,638,296,5625,0.060810810810810814,11.0,0.046227373269283126
16805,2020-05-09,Oneida,22,660,329,5954,0.0668693009118541,12.0,0.04381295612444432
16806,2020-05-10,Oneida,9,669,269,6223,0.03345724907063197,8.0,0.028123328686987987
16807,2020-05-11,Oneida,7,676,161,6384,0.043478260869565216,7.0,0.024288490756040216
16808,2020-05-12,Oneida,10,686,397,6781,0.02518891687657431,7.0,0.024561447578115427
16809,2020-05-13,Oneida,12,698,376,7157,0.031914893617021274,6.0,0.021126797122188373
16810,2020-05-14,Oneida,15,713,268,7425,0.055970149253731345,6.0,0.02269211295787064
16811,2020-05-15,Oneida,38,751,342,7767,0.1111111111111111,8.0,0.02628499155074924
16812,2020-05-16,Oneida,9,760,209,7976,0.0430622009569378,7.0,0.02458448441111236
16813,2020-05-17,Oneida,12,772,318,8294,0.03773584905660377,7.0,0.02489009869582463
16814,2020-05-18,Oneida,13,785,326,8620,0.03987730061349693,7.0,0.02463288724896261
16815,2020-05-19,Oneida,17,802,775,9395,0.02193548387096774,8.0,0.024400499177133567
16816,2020-05-20,Oneida,15,817,779,10174,0.019255455712451863,8.0,0.02349625361252147
16817,2020-05-21,Oneida,11,828,815,10989,0.013496932515337423,8.0,0.020462452416921902
16818,2020-05-22,Oneida,36,864,1305,12294,0.027586206896551724,8.0,0.01449638783016766
16819,2020-05-23,Oneida,14,878,659,12953,0.021244309559939303,8.0,0.01293796701609634
16820,2020-05-24,Oneida,27,905,930,13883,0.02903225806451613,9.0,0.012316281945232935
16821,2020-05-25,Oneida,12,917,427,14310,0.02810304449648712,9.0,0.011475263651160807
16822,2020-05-26,Oneida,12,929,488,14798,0.02459016393442623,9.0,0.011664883655693556
16823,2020-05-27,Oneida,30,959,927,15725,0.032362459546925564,10.0,0.012601098215298822
16824,2020-05-28,Oneida,29,988,1284,17009,0.022585669781931463,11.0,0.013250293734341253
16825,2020-05-29,Oneida,18,1006,757,17766,0.023778071334214,10.0,0.012978284051317129
16826,2020-05-30,Oneida,21,1027,1108,18874,0.01895306859205776,10.0,0.012814623982182733
16827,2020-05-31,Oneida,9,1036,677,19551,0.013293943870014771,9.0,0.011690458682575493
16828,2020-06-01,Oneida,13,1049,613,20164,0.021207177814029365,9.0,0.011197896776685656
16829,2020-06-02,Oneida,9,1058,1128,21292,0.007978723404255319,9.0,0.010011365310244876
16830,2020-06-03,Oneida,11,1069,892,22184,0.01233183856502242,7.0,0.008580606668680364
16831,2020-06-04,Oneida,8,1077,1050,23234,0.007619047619047619,6.0,0.007511562228474376
16832,2020-06-05,Oneida,50,1127,1505,24739,0.03322259136212625,8.0,0.008186170801896679
16833,2020-06-06,Oneida,16,1143,1276,26015,0.012539184952978056,8.0,0.007728036256248128
16834,2020-06-07,Oneida,27,1170,1207,27222,0.02236951118475559,9.0,0.0083762910644439
16835,2020-06-08,Oneida,15,1185,569,27791,0.026362038664323375,9.0,0.008744495410893473
16836,2020-06-09,Oneida,18,1203,806,28597,0.022332506203473945,10.0,0.00976976561083766
16837,2020-06-10,Oneida,13,1216,970,29567,0.013402061855670102,10.0,0.009846210131598209
16838,2020-06-11,Oneida,21,1237,1900,31467,0.011052631578947368,11.0,0.010091466128733906
16839,2020-06-12,Oneida,16,1253,1048,32515,0.015267175572519083,9.0,0.008808936429476251
16840,2020-06-13,Oneida,20,1273,978,33493,0.02044989775051125,9.0,0.009373987343585766
16841,2020-06-14,Oneida,7,1280,517,34010,0.013539651837524178,7.0,0.008743283104497807
16842,2020-06-15,Oneida,21,1301,719,34729,0.02920723226703755,8.0,0.00894651121897739
16843,2020-06-16,Oneida,6,1307,675,35404,0.008888888888888889,7.0,0.007986252839364173
16844,2020-06-17,Oneida,25,1332,1218,36622,0.020525451559934318,8.0,0.00849506638966876
16845,2020-06-18,Oneida,25,1357,1010,37632,0.024752475247524754,8.0,0.009473626651710003
16846,2020-06-19,Oneida,21,1378,786,38418,0.026717557251908396,8.0,0.010291511057380668
16847,2020-06-20,Oneida,15,1393,679,39097,0.022091310751104567,8.0,0.010408754843137332
16848,2020-06-21,Oneida,23,1416,1126,40223,0.020426287744227355,9.0,0.010900657407901845
16849,2020-06-22,Oneida,5,1421,558,40781,0.008960573476702509,8.0,0.009454467494306484
16850,2020-06-23,Oneida,24,1445,802,41583,0.029925187032418952,9.0,0.010957060218844347
16851,2020-06-24,Oneida,34,1479,1082,42665,0.031423290203327174,10.0,0.011735477264800979
16852,2020-06-25,Oneida,41,1520,2025,44690,0.020246913580246915,11.0,0.01141365143142399
16853,2020-06-26,Oneida,27,1547,664,45354,0.04066265060240964,12.0,0.012409729527888366
16854,2020-06-27,Oneida,39,1586,926,46280,0.042116630669546434,13.0,0.013840109522062785
16855,2020-06-28,Oneida,30,1616,748,47028,0.040106951871657755,14.0,0.01524587124545067
16856,2020-06-29,Oneida,11,1627,626,47654,0.01757188498402556,14.0,0.015860964924545175
16857,2020-06-30,Oneida,15,1642,746,48400,0.020107238605898123,14.0,0.0151596828940794
16858,2020-07-01,Oneida,30,1672,1005,49405,0.029850746268656716,13.0,0.015047358327317224
16859,2020-07-02,Oneida,36,1708,894,50299,0.040268456375838924,13.0,0.016477468527002367
16860,2020-07-03,Oneida,17,1725,855,51154,0.019883040935672516,12.0,0.014993210693664003
16861,2020-07-04,Oneida,17,1742,790,51944,0.021518987341772152,11.0,0.01352195045596584
16862,2020-07-05,Oneida,7,1749,544,52488,0.012867647058823529,9.0,0.01157628582647768
16863,2020-07-06,Oneida,11,1760,593,53081,0.01854974704890388,9.0,0.011646133116826132
16864,2020-07-07,Oneida,16,1776,1015,54096,0.015763546798029555,9.0,0.011335869416264091
16865,2020-07-08,Oneida,15,1791,1323,55419,0.011337868480725623,8.0,0.010013521002840442
16866,2020-07-09,Oneida,15,1806,1226,56645,0.012234910277324634,7.0,0.008011124852946564
16867,2020-07-10,Oneida,12,1818,1388,58033,0.008645533141210375,6.0,0.0072084457247706965
16868,2020-07-11,Oneida,5,1823,635,58668,0.007874015748031496,5.0,0.006233804896646363
16869,2020-07-12,Oneida,7,1830,559,59227,0.012522361359570662,5.0,0.0062091416324140175
16870,2020-07-13,Oneida,17,1847,947,60174,0.01795142555438226,6.0,0.006166404382805329
16871,2020-07-14,Oneida,13,1860,862,61036,0.015081206496519721,6.0,0.006117665789840341
16872,2020-07-15,Oneida,8,1868,833,61869,0.009603841536614645,5.0,0.0059938067224038424
16873,2020-07-16,Oneida,41,1909,1177,63046,0.034834324553950725,7.0,0.007608050599305706
16874,2020-07-17,Oneida,28,1937,1086,64132,0.02578268876611418,8.0,0.00883213314394169
16875,2020-07-18,Oneida,3,1940,274,64406,0.010948905109489052,8.0,0.009051768098331517
16876,2020-07-19,Oneida,2,1942,309,64715,0.006472491909385114,8.0,0.008619634566175408
16877,2020-07-20,Oneida,20,1962,942,65657,0.021231422505307854,8.0,0.008853920062670093
16878,2020-07-21,Oneida,13,1975,1016,66673,0.012795275590551181,8.0,0.008690639283672339
16879,2020-07-22,Oneida,5,1980,903,67576,0.005537098560354375,8.0,0.008400157642510892
16880,2020-07-23,Oneida,10,1990,1110,68686,0.009009009009009009,5.0,0.006555492246443626
16881,2020-07-24,Oneida,10,2000,980,69666,0.01020408163265306,4.0,0.005442734594053546
16882,2020-07-25,Oneida,0,2000,526,70192,0.0,4.0,0.004660669943375757
16883,2020-07-26,Oneida,10,2010,772,70964,0.012953367875647668,4.0,0.005123589655251654
16884,2020-07-27,Oneida,18,2028,830,71794,0.021686746987951807,4.0,0.005156112832583365
16885,2020-07-28,Oneida,25,2053,990,72784,0.025252525252525252,5.0,0.006045916379867227
16886,2020-07-29,Oneida,9,2062,1033,73817,0.008712487899322363,5.0,0.006272729904079226
16887,2020-07-30,Oneida,8,2070,609,74426,0.013136288998357963,5.0,0.006567535617604152
16888,2020-07-31,Oneida,11,2081,1031,75457,0.01066925315227934,5.0,0.006600762154720314
16889,2020-08-01,Oneida,6,2087,523,75980,0.011472275334608031,6.0,0.007420210392906602
16890,2020-08-02,Oneida,3,2090,642,76622,0.004672897196261682,5.0,0.006828748201521889
16891,2020-08-03,Oneida,13,2103,816,77438,0.015931372549019607,5.0,0.006417650027312445
16892,2020-08-04,Oneida,11,2114,725,78163,0.015172413793103448,4.0,0.0056976420659251735
16893,2020-08-05,Oneida,3,2117,721,78884,0.004160887656033287,3.0,0.005372527762833097
16894,2020-08-06,Oneida,12,2129,894,79778,0.013422818791946308,4.0,0.005392994176660836
16895,2020-08-07,Oneida,13,2142,681,80459,0.01908957415565345,4.0,0.005994445676901843
16896,2020-08-08,Oneida,4,2146,750,81209,0.005333333333333333,4.0,0.005555949819667937
16897,2020-08-09,Oneida,4,2150,455,81664,0.008791208791208791,4.0,0.00585011493359273
16898,2020-08-10,Oneida,25,2175,1194,82858,0.020938023450586266,5.0,0.006207732855133206
16899,2020-08-11,Oneida,5,2180,824,83682,0.006067961165048544,4.0,0.005557414810272142
16900,2020-08-12,Oneida,3,2183,960,84642,0.003125,4.0,0.005483422834841192
16901,2020-08-13,Oneida,6,2189,1079,85721,0.005560704355885079,4.0,0.0049218432322653905
16902,2020-08-14,Oneida,6,2195,1271,86992,0.004720692368214005,3.0,0.0038954945331625725
16903,2020-08-15,Oneida,3,2198,978,87970,0.003067484662576687,3.0,0.0037336481995370982
16904,2020-08-16,Oneida,3,2201,514,88484,0.005836575875486381,3.0,0.0035226029912712115
16905,2020-08-17,Oneida,12,2213,746,89230,0.0160857908847185,2.0,0.0031760149508520854
16906,2020-08-18,Oneida,5,2218,1326,90556,0.003770739064856712,2.0,0.0030119276579812404
16907,2020-08-19,Oneida,4,2222,1421,91977,0.0028149190710767065,2.0,0.002989779020201005
16908,2020-08-20,Oneida,11,2233,1688,93665,0.006516587677725118,3.0,0.003058056400332437
16909,2020-08-21,Oneida,9,2242,1667,95332,0.005398920215956809,3.0,0.00310650124659978
16910,2020-08-22,Oneida,2,2244,1184,96516,0.0016891891891891893,3.0,0.003008051569929244
16911,2020-08-23,Oneida,1,2245,1051,97567,0.0009514747859181732,3.0,0.0026591157778172287
16912,2020-08-24,Oneida,11,2256,915,98482,0.012021857923497269,3.0,0.0023688348520157125
16913,2020-08-25,Oneida,3,2259,1621,100103,0.001850709438618137,2.0,0.0022316898787129572
16914,2020-08-26,Oneida,5,2264,1067,101170,0.004686035613870665,3.0,0.002365341060341097
16915,2020-08-27,Oneida,1,2265,2058,103228,0.00048590864917395527,2.0,0.0019345782725874428
16916,2020-08-28,Oneida,3,2268,1563,104791,0.0019193857965451055,1.0,0.0016860400997723208
16917,2020-08-29,Oneida,4,2272,1878,106669,0.002129925452609159,2.0,0.001717521261445176
16918,2020-08-30,Oneida,2,2274,1730,108399,0.0011560693641618498,2.0,0.001732135159891153
16919,2020-08-31,Oneida,7,2281,1095,109494,0.006392694063926941,1.0,0.001330052027064701
16920,2020-09-01,Oneida,2,2283,1486,110980,0.0013458950201884253,1.0,0.0012939938543197213
16921,2020-09-02,Oneida,3,2286,1878,112858,0.001597444089456869,1.0,0.0010733801740044503
16922,2020-09-03,Oneida,9,2295,1298,114156,0.006933744221879815,2.0,0.0015339398577691548
16923,2020-09-04,Oneida,3,2298,1822,115978,0.001646542261251372,2.0,0.001514451033819602
16924,2020-09-05,Oneida,4,2302,1716,117694,0.002331002331002331,2.0,0.0015288136679905433
16925,2020-09-06,Oneida,3,2305,750,118444,0.004,2.0,0.0017319515705504112
16926,2020-09-07,Oneida,4,2309,610,119054,0.006557377049180328,2.0,0.0017437146409256528
16927,2020-09-08,Oneida,7,2316,1582,120636,0.004424778761061947,2.0,0.0019636349081309044
16928,2020-09-09,Oneida,6,2322,1166,121802,0.005145797598627788,2.0,0.0022170887302145415
16929,2020-09-10,Oneida,11,2333,1588,123390,0.0069269521410579345,2.0,0.0022166035815844075
16930,2020-09-11,Oneida,8,2341,2315,125705,0.0034557235421166306,3.0,0.002345830815931926
16931,2020-09-12,Oneida,6,2347,1718,127423,0.0034924330616996507,3.0,0.002428790153838877
16932,2020-09-13,Oneida,1,2348,899,128322,0.0011123470522803114,3.0,0.0022225292290017564
16933,2020-09-14,Oneida,8,2356,658,128980,0.0121580547112462,3.0,0.0026225776334350332
16934,2020-09-15,Oneida,3,2359,1661,130641,0.001806140878988561,3.0,0.002435532070429791
16935,2020-09-16,Oneida,4,2363,1889,132530,0.0021175224986765486,2.0,0.0022192267061475596
16936,2020-09-17,Oneida,6,2369,1428,133958,0.004201680672268907,2.0,0.002024564458376915
16937,2020-09-18,Oneida,4,2373,1812,135770,0.002207505518763797,2.0,0.0019354060281374268
16938,2020-09-19,Oneida,2,2375,2221,137991,0.0009004952723998199,2.0,0.0017502676146160107
16939,2020-09-20,Oneida,3,2378,591,138582,0.005076142131979695,2.0,0.0020333958345945375
16940,2020-09-21,Oneida,0,2378,799,139381,0.0,1.0,0.0011649633552198093
16941,2020-09-22,Oneida,9,2387,1886,141267,0.004772004241781549,2.0,0.001376810738276451
16942,2020-09-23,Oneida,1,2388,1980,143247,0.000505050505050505,1.0,0.0012616341673031622
16943,2020-09-24,Oneida,12,2400,1178,144425,0.010186757215619695,2.0,0.0016891396346853612
16944,2020-09-25,Oneida,7,2407,1826,146251,0.0038335158817086527,2.0,0.0018052832320385652
16945,2020-09-26,Oneida,5,2412,3062,149313,0.0016329196603527107,2.0,0.0018575992597494862
16946,2020-09-27,Oneida,8,2420,554,149867,0.01444043321299639,3.0,0.0025264771941078215
16947,2020-09-28,Oneida,12,2432,1073,150940,0.011183597390493943,3.0,0.0033253055791431035
16948,2020-09-29,Oneida,4,2436,1740,152680,0.0022988505747126436,3.0,0.0031486517457810386
16949,2020-09-30,Oneida,24,2460,2195,154875,0.010933940774487472,5.0,0.003893572479312251
16950,2020-10-01,Oneida,2,2462,1887,156762,0.0010598834128245894,4.0,0.0032416529219697434
16951,2020-10-02,Oneida,6,2468,2510,159272,0.002390438247011952,4.0,0.0031385759480628364
16952,2020-10-03,Oneida,10,2478,3099,162371,0.003226847370119393,4.0,0.0032524279273318845
16953,2020-10-04,Oneida,2,2480,578,162949,0.0034602076124567475,4.0,0.0024681260987219097
16954,2020-10-05,Oneida,3,2483,975,163924,0.003076923076923077,3.0,0.0018890779334668484
16955,2020-10-06,Oneida,7,2490,1675,165599,0.00417910447761194,3.0,0.0020233817836739407
16956,2020-10-07,Oneida,13,2503,2883,168482,0.004509191814082553,3.0,0.0015644711436450178
16957,2020-10-08,Oneida,9,2512,2181,170663,0.0041265474552957355,3.0,0.0017835185752501002
16958,2020-10-09,Oneida,17,2529,2407,173070,0.007062733693394266,4.0,0.002117253964277408
16959,2020-10-10,Oneida,10,2539,4138,177208,0.002416626389560174,4.0,0.002059381037094607
16960,2020-10-11,Oneida,10,2549,1725,178933,0.005797101449275362,4.0,0.0022263020254387937
16961,2020-10-12,Oneida,5,2554,1182,180115,0.004230118443316413,5.0,0.0023086731230383176
16962,2020-10-13,Oneida,4,2558,1751,181866,0.002284408909194746,4.0,0.0021733377252942322
16963,2020-10-14,Oneida,9,2567,2504,184370,0.003594249201277955,4.0,0.0021079846815224754
16964,2020-10-15,Oneida,7,2574,2221,186591,0.0031517334533993696,4.0,0.0020383551099584494
16965,2020-10-16,Oneida,12,2586,4309,190900,0.002784868879090276,4.0,0.0017327933375081638
16966,2020-10-17,Oneida,7,2593,2664,193564,0.002627627627627628,3.0,0.0017478648545129823
16967,2020-10-18,Oneida,1,2594,599,194163,0.001669449081803005,3.0,0.001453032542550671
16968,2020-10-19,Oneida,5,2599,991,195154,0.005045408678102927,3.0,0.001511267559321136
16969,2020-10-20,Oneida,18,2617,2776,197930,0.006484149855907781,4.0,0.0018112490555149245
16970,2020-10-21,Oneida,8,2625,2142,200072,0.003734827264239029,4.0,0.0018212903457264296
16971,2020-10-22,Oneida,19,2644,2277,202349,0.00834431269213878,5.0,0.0021921888627792446
16972,2020-10-23,Oneida,26,2670,2508,204857,0.01036682615629984,6.0,0.0027337572397227853
16973,2020-10-24,Oneida,11,2681,1954,206811,0.005629477993858751,6.0,0.002948175123025008
16974,2020-10-25,Oneida,5,2686,721,207532,0.006934812760055479,6.0,0.0033242725286144713
16975,2020-10-26,Oneida,23,2709,2031,209563,0.011324470704086657,7.0,0.00377277695904188
16976,2020-10-27,Oneida,37,2746,2877,212440,0.012860618700034758,9.0,0.004228239019336664
16977,2020-10-28,Oneida,23,2769,2354,214794,0.009770603228547154,10.0,0.004659365873930101
16978,2020-10-29,Oneida,15,2784,4087,218881,0.0036701737215561535,10.0,0.004325498804602771
16979,2020-10-30,Oneida,47,2831,3100,221981,0.015161290322580645,11.0,0.004667960530765685
16980,2020-10-31,Oneida,20,2851,3017,224998,0.006629101756711966,12.0,0.004739362228112344
16981,2020-11-01,Oneida,16,2867,821,225819,0.0194884287454324,12.0,0.0056360490842106955
16982,2020-11-02,Oneida,29,2896,1615,227434,0.017956656346749224,13.0,0.006109776630115165
16983,2020-11-03,Oneida,21,2917,4314,231748,0.004867872044506259,12.0,0.005538866154720272
16984,2020-11-04,Oneida,29,2946,2922,234670,0.009924709103353867,12.0,0.0055498737172064655
16985,2020-11-05,Oneida,47,2993,4378,239048,0.010735495660118775,14.0,0.006054539569960939
16986,2020-11-06,Oneida,46,3039,2659,241707,0.017299736743136517,14.0,0.0062072857428577865
16987,2020-11-07,Oneida,43,3082,3210,244917,0.01339563862928349,16.0,0.006690609805184324
16988,2020-11-08,Oneida,39,3121,1691,246608,0.023063276167947958,18.0,0.006945956049649721
16989,2020-11-09,Oneida,56,3177,1404,248012,0.039886039886039885,20.0,0.008512340588170483
16990,2020-11-10,Oneida,74,3251,3202,251214,0.0231105559025609,23.0,0.009815389435174385
16991,2020-11-11,Oneida,69,3320,2533,253747,0.027240426371891037,26.0,0.011052226382927039
16992,2020-11-12,Oneida,94,3414,4349,258096,0.02161416417567257,30.0,0.011829274134038026
16993,2020-11-13,Oneida,116,3530,1941,260037,0.059763008758371976,35.0,0.014862364992269131
16994,2020-11-14,Oneida,39,3569,1894,261931,0.020591341077085535,34.0,0.015376343738540703
16995,2020-11-15,Oneida,34,3603,2521,264452,0.013486711622372074,34.0,0.014692303413856713
16996,2020-11-16,Oneida,64,3667,1203,265655,0.05320033250207814,35.0,0.015643324315002302
16997,2020-11-17,Oneida,85,3752,2858,268513,0.02974107767669699,35.0,0.01611693301315488
16998,2020-11-18,Oneida,94,3846,3537,272050,0.026576194515125814,37.0,0.016069487880528793
16999,2020-11-19,Oneida,50,3896,2141,274191,0.023353573096683792,34.0,0.01619373137488674
17000,2020-11-20,Oneida,142,4038,3931,278122,0.03612312388705164,36.0,0.014505168169792429
17001,2020-11-21,Oneida,43,4081,1526,279648,0.02817824377457405,36.0,0.015047089791041609
17002,2020-11-22,Oneida,129,4210,5470,285118,0.023583180987202926,43.0,0.01576826617424381
17003,2020-11-23,Oneida,82,4292,1455,286573,0.056357388316151204,44.0,0.015993770160963316
17004,2020-11-24,Oneida,118,4410,1857,288430,0.06354334948842219,47.0,0.018408218147515115
17005,2020-11-25,Oneida,105,4515,3199,291629,0.03282275711159737,47.0,0.018854401190120225
17006,2020-11-26,Oneida,140,4655,3831,295460,0.036543983294179065,54.0,0.019796573347084175
17007,2020-11-27,Oneida,77,4732,1605,297065,0.047975077881619935,49.0,0.02064314148955334
17008,2020-11-28,Oneida,129,4861,2217,299282,0.058186738836265225,55.0,0.02278660542253128
17009,2020-11-29,Oneida,109,4970,1745,301027,0.06246418338108883,54.0,0.025563819879237417
17010,2020-11-30,Oneida,114,5084,1618,302645,0.07045735475896168,56.0,0.02657096033943816
17011,2020-12-01,Oneida,182,5266,2251,304896,0.08085295424255887,61.0,0.027807360679019354
17012,2020-12-02,Oneida,211,5477,3266,308162,0.0646050214329455,68.0,0.030077522416258506
17013,2020-12-03,Oneida,283,5760,3276,311438,0.08638583638583638,78.0,0.03363765477994832
17014,2020-12-04,Oneida,290,6050,3703,315141,0.07831487982716716,94.0,0.03580478349034454
17015,2020-12-05,Oneida,220,6270,2550,317691,0.08627450980392157,100.0,0.03781105284517714
17016,2020-12-06,Oneida,112,6382,1621,319312,0.06909315237507711,100.0,0.03828455063046201
17017,2020-12-07,Oneida,163,6545,1415,320727,0.11519434628975266,104.0,0.041480050025518515
17018,2020-12-08,Oneida,254,6799,2129,322856,0.11930483795209018,109.0,0.044226613147627894
17019,2020-12-09,Oneida,267,7066,2942,325798,0.09075458871515976,113.0,0.04609443938207177
17020,2020-12-10,Oneida,265,7331,3249,329047,0.08156355801785165,112.0,0.04574999092721572
17021,2020-12-11,Oneida,276,7607,3008,332055,0.09175531914893617,111.0,0.04671002230734208
17022,2020-12-12,Oneida,237,7844,2849,334904,0.08318708318708319,112.0,0.04648949183471076
17023,2020-12-13,Oneida,165,8009,2330,337234,0.07081545064377683,116.0,0.046612513139617895
17024,2020-12-14,Oneida,162,8171,1534,338768,0.10560625814863103,116.0,0.04592764970096635
17025,2020-12-15,Oneida,197,8368,1975,340743,0.09974683544303797,112.0,0.04453064952174833
17026,2020-12-16,Oneida,327,8695,3495,344238,0.09356223175965665,116.0,0.04473119545349811
17027,2020-12-17,Oneida,217,8912,2315,346553,0.0937365010799136,112.0,0.04560069138650254
17028,2020-12-18,Oneida,266,9178,2838,349391,0.09372797744890768,112.0,0.04574159555078621
17029,2020-12-19,Oneida,227,9405,3214,352605,0.07062850031113876,111.0,0.04484455391679019
17030,2020-12-20,Oneida,166,9571,1721,354326,0.09645554909936084,111.0,0.046675989520760464
17031,2020-12-21,Oneida,167,9738,1801,356127,0.09272626318711827,111.0,0.045755989880652416
17032,2020-12-22,Oneida,252,9990,2511,358638,0.1003584229390681,115.0,0.04579967470179742
17033,2020-12-23,Oneida,319,10309,3389,362027,0.09412806137503689,115.0,0.04584009110289601
17034,2020-12-24,Oneida,291,10600,3316,365343,0.08775633293124246,120.0,0.04541293623513378
17035,2020-12-25,Oneida,155,10755,2507,367850,0.061826884722776226,112.0,0.04313428675469583
17036,2020-12-26,Oneida,108,10863,1584,369434,0.06818181818181818,104.0,0.04295952374545864
17037,2020-12-27,Oneida,325,11188,2307,371741,0.14087559601213698,115.0,0.046132384239228365
17038,2020-12-28,Oneida,254,11442,2717,374458,0.09348546190651454,121.0,0.04618661271918524
17039,2020-12-29,Oneida,361,11803,2730,377188,0.13223443223443224,129.0,0.04846347052599697
17040,2020-12-30,Oneida,308,12111,3310,380498,0.09305135951661632,128.0,0.04838656325039549
17041,2020-12-31,Oneida,314,12425,3200,383698,0.098125,130.0,0.04912718232673532
17042,2021-01-01,Oneida,300,12725,3149,386847,0.09526833915528739,140.0,0.05151585764334326
17043,2021-01-02,Oneida,274,12999,2501,389348,0.1095561775289884,152.0,0.05447116902528398
17044,2021-01-03,Oneida,270,13269,2029,391377,0.1330704780680138,148.0,0.05391366060070376
17045,2021-01-04,Oneida,151,13420,1400,392777,0.10785714285714286,141.0,0.05494020924003436
17046,2021-01-05,Oneida,395,13815,3104,395881,0.12725515463917525,143.0,0.054584546554658865
17047,2021-01-06,Oneida,259,14074,3448,399329,0.07511600928074245,140.0,0.05330345010923931
17048,2021-01-07,Oneida,322,14396,3185,402514,0.1010989010989011,140.0,0.05351587161630366
17049,2021-01-08,Oneida,226,14622,3724,406238,0.06068743286788399,135.0,0.05104580688148914
17050,2021-01-09,Oneida,256,14878,3270,409508,0.0782874617737003,134.0,0.048812327184682834
17051,2021-01-10,Oneida,244,15122,2374,411882,0.10278011794439765,132.0,0.04664873003299597
17052,2021-01-11,Oneida,188,15310,3110,414992,0.06045016077170418,135.0,0.04326251702689321
17053,2021-01-12,Oneida,240,15550,2251,417243,0.10661928031985785,123.0,0.04178852600408482
17054,2021-01-13,Oneida,226,15776,3484,420727,0.06486796785304248,121.0,0.04105652304496339
17055,2021-01-14,Oneida,334,16110,4368,425095,0.07646520146520147,122.0,0.039296973071127714
17056,2021-01-15,Oneida,232,16342,3497,428592,0.06634257935373176,122.0,0.03970091210583112
17057,2021-01-16,Oneida,160,16502,2997,431589,0.05338672005338672,116.0,0.03792228769723729
17058,2021-01-17,Oneida,158,16660,2115,433704,0.07470449172576832,109.0,0.03591688582447806
17059,2021-01-18,Oneida,151,16811,1760,435464,0.08579545454545455,107.0,0.037727263951174504
17060,2021-01-19,Oneida,165,16976,2308,437772,0.07149046793760831,101.0,0.03521806306672812
17061,2021-01-20,Oneida,191,17167,3542,441314,0.053924336533032184,99.0,0.03443637511529881
17062,2021-01-21,Oneida,179,17346,3580,444894,0.05,88.0,0.03254600358207014
17063,2021-01-22,Oneida,194,17540,3111,448005,0.0623593699774992,85.0,0.03226148862662495
17064,2021-01-23,Oneida,117,17657,3506,451511,0.033371363377067885,82.0,0.030831820292602178
17065,2021-01-24,Oneida,85,17742,1600,453111,0.053125,77.0,0.029290428026475867
17066,2021-01-25,Oneida,114,17856,2084,455195,0.05470249520153551,74.0,0.02706950235905308
17067,2021-01-26,Oneida,98,17954,2106,457301,0.04653371320037987,69.0,0.025286877020679617
17068,2021-01-27,Oneida,103,18057,4125,461426,0.024969696969696968,63.0,0.02321868848044139
17069,2021-01-28,Oneida,76,18133,3654,465080,0.02079912424740011,56.0,0.02113291164096997
17070,2021-01-29,Oneida,147,18280,3278,468358,0.0448444173276388,52.0,0.019881843594551366
17071,2021-01-30,Oneida,74,18354,3443,471801,0.021492884112692418,49.0,0.01903338078995312
17072,2021-01-31,Oneida,64,18418,2374,474175,0.02695871946082561,48.0,0.017164360751440663
17073,2021-02-01,Oneida,32,18450,2051,476226,0.015602145294978059,42.0,0.014371478615257989
17074,2021-02-02,Oneida,68,18518,1468,477694,0.04632152588555858,40.0,0.014356322378485038
17075,2021-02-03,Oneida,80,18598,5117,482811,0.015634160641000587,38.0,0.013689498355006725
17076,2021-02-04,Oneida,91,18689,2792,485603,0.03259312320916905,39.0,0.014531926852275936
17077,2021-02-05,Oneida,77,18766,4780,490383,0.01610878661087866,34.0,0.012479381801078784
17078,2021-02-06,Oneida,68,18834,3640,494023,0.01868131868131868,34.0,0.012278555698837802
17079,2021-02-07,Oneida,39,18873,1783,495806,0.021873247335950644,32.0,0.01191530768991816
17080,2021-02-08,Oneida,37,18910,843,496649,0.04389086595492289,32.0,0.013935930594199935
17081,2021-02-09,Oneida,71,18981,3403,500052,0.020863943579194827,33.0,0.012117531858031095
17082,2021-02-10,Oneida,50,19031,5156,505208,0.009697439875872769,30.0,0.011693480374807679
17083,2021-02-11,Oneida,37,19068,3148,508356,0.011753494282083863,27.0,0.010204935451444451
17084,2021-02-12,Oneida,49,19117,4203,512559,0.01165833928146562,25.0,0.009887046356486379
17085,2021-02-13,Oneida,41,19158,4241,516800,0.009667531242631455,23.0,0.009243204396580149
17086,2021-02-14,Oneida,28,19186,1742,518542,0.016073478760045924,22.0,0.008828935212586953
17087,2021-02-15,Oneida,29,19215,3004,521546,0.009653794940079893,21.0,0.006383430140098167
17088,2021-02-16,Oneida,32,19247,1912,523458,0.016736401673640166,19.0,0.006088605718272835
17089,2021-02-17,Oneida,36,19283,3954,527412,0.009104704097116844,18.0,0.006046267448361697
17090,2021-02-18,Oneida,41,19324,4025,531437,0.010186335403726708,18.0,0.005934327528479043
17091,2021-02-19,Oneida,27,19351,3008,534445,0.008976063829787235,16.0,0.005742736424787729
17092,2021-02-20,Oneida,42,19393,2734,537179,0.015362106803218726,16.0,0.006149491821972537
17093,2021-02-21,Oneida,43,19436,1542,538721,0.027885862516212712,17.0,0.006993233518841592
17094,2021-02-22,Oneida,45,19481,4203,542924,0.010706638115631691,19.0,0.007068436602809578
17095,2021-02-23,Oneida,38,19519,1889,544813,0.02011646373742721,19.0,0.007309869607365795
17096,2021-02-24,Oneida,64,19583,4770,549583,0.013417190775681341,21.0,0.007617904370120401
17097,2021-02-25,Oneida,46,19629,3667,553250,0.012544314153258795,21.0,0.0077863314236584075
17098,2021-02-26,Oneida,43,19672,4397,557647,0.00977939504207414,22.0,0.007843712224536043
17099,2021-02-27,Oneida,49,19721,2864,560511,0.017108938547486033,23.0,0.007968485920555136
17100,2021-02-28,Oneida,14,19735,1399,561910,0.010007147962830594,21.0,0.006691434881027842
17101,2021-03-01,Oneida,28,19763,2326,564236,0.012037833190025795,20.0,0.006786520243484564
17102,2021-03-02,Oneida,30,19793,2170,566406,0.013824884792626729,19.0,0.006337121747427387
17103,2021-03-03,Oneida,36,19829,5692,572098,0.006324666198172874,17.0,0.005830512849033925
17104,2021-03-04,Oneida,37,19866,3498,575596,0.010577472841623786,16.0,0.0056900241839171395
17105,2021-03-05,Oneida,30,19896,4284,579880,0.0070028011204481795,16.0,0.005491696046658142
17106,2021-03-06,Oneida,32,19928,3565,583445,0.008976157082748949,14.0,0.004910783084891207
17107,2021-03-07,Oneida,34,19962,1569,585014,0.021669853409815167,16.0,0.005743833473961534
17108,2021-03-08,Oneida,33,19995,3108,588122,0.010617760617760617,16.0,0.005642399718799735
17109,2021-03-09,Oneida,36,20031,2108,590230,0.017077798861480076,17.0,0.005874750723717833
17110,2021-03-10,Oneida,33,20064,4354,594584,0.00757923748277446,16.0,0.005964362958332231
17111,2021-03-11,Oneida,34,20098,4138,598722,0.008216529724504592,16.0,0.005795724164252288
17112,2021-03-12,Oneida,26,20124,3649,602371,0.00712523979172376,16.0,0.005804469783629115
17113,2021-03-13,Oneida,95,20219,4084,606455,0.0232615083251714,20.0,0.00682485201523072
17114,2021-03-14,Oneida,17,20236,2159,608614,0.007874015748031496,19.0,0.005839435039389028
17115,2021-03-15,Oneida,26,20262,2582,611196,0.010069713400464756,19.0,0.0058002888095821815
17116,2021-03-16,Oneida,44,20306,2457,613653,0.01790801790801791,19.0,0.00585959017004917
17117,2021-03-17,Oneida,32,20338,4575,618228,0.006994535519125683,19.0,0.0058178257440742575
17118,2021-03-18,Oneida,30,20368,3824,622052,0.007845188284518828,19.0,0.0057913013555038455
17119,2021-03-19,Oneida,42,20410,4045,626097,0.0103831891223733,20.0,0.0060240120219788125
17120,2021-03-20,Oneida,34,20444,3081,629178,0.01103537812398572,16.0,0.005150717007608406
17121,2021-03-21,Oneida,26,20470,1502,630680,0.017310252996005325,16.0,0.005824733953892251
17122,2021-03-22,Oneida,57,20527,2468,633148,0.023095623987034037,18.0,0.006755156138647201
17123,2021-03-23,Oneida,42,20569,2288,635436,0.018356643356643356,18.0,0.006787200813549017
17124,2021-03-24,Oneida,35,20604,5197,640633,0.00673465460842794,19.0,0.006768637891356322
17125,2021-03-25,Oneida,37,20641,3434,644067,0.010774606872451952,19.0,0.006977882076208687
17126,2021-03-26,Oneida,51,20692,5186,649253,0.009834168916313151,20.0,0.006938666347204392
17127,2021-03-27,Oneida,42,20734,3635,652888,0.011554332874828061,20.0,0.0069757345436931295
17128,2021-03-28,Oneida,24,20758,1752,654640,0.0136986301369863,20.0,0.006717761482334628
17129,2021-03-29,Oneida,33,20791,2073,656713,0.015918958031837915,18.0,0.006205142485534906
17130,2021-03-30,Oneida,37,20828,3887,660600,0.009518909184461024,18.0,0.005573875758950453
17131,2021-03-31,Oneida,28,20856,4530,665130,0.006181015452538631,18.0,0.005534330104958359
17132,2021-04-01,Oneida,25,20881,4227,669357,0.005914360066240833,17.0,0.005187169618800423
17133,2021-04-02,Oneida,35,20916,4790,674147,0.007306889352818371,16.0,0.0050066496499793665
17134,2021-04-03,Oneida,22,20938,3754,677901,0.005860415556739478,14.0,0.004599941270115896
17135,2021-04-04,Oneida,33,20971,1215,679116,0.027160493827160494,15.0,0.005561502962271195
17136,2021-04-05,Oneida,12,20983,1224,680340,0.00980392156862745,13.0,0.005124714643470449
17137,2021-04-06,Oneida,38,21021,3276,683616,0.0115995115995116,13.0,0.005273329101688347
17138,2021-04-07,Oneida,26,21047,4037,687653,0.006440426058954669,13.0,0.0052918584307180645
17139,2021-04-08,Oneida,48,21095,3339,690992,0.014375561545372867,15.0,0.005896229964941781
17140,2021-04-09,Oneida,47,21142,3736,694728,0.012580299785867237,16.0,0.0062729021387309845
17141,2021-04-10,Oneida,31,21173,3758,698486,0.008249068653539117,16.0,0.006443520217073816
17142,2021-04-11,Oneida,41,21214,1972,700458,0.02079107505070994,17.0,0.005988561733041635
17143,2021-04-12,Oneida,37,21251,2766,703224,0.013376717281272595,19.0,0.006243761426802002
17144,2021-04-13,Oneida,40,21291,1973,705197,0.02027369488089204,19.0,0.0068633459469006055
17145,2021-04-14,Oneida,38,21329,4656,709853,0.00816151202749141,20.0,0.0069862806589389434
17146,2021-04-15,Oneida,38,21367,2198,712051,0.017288444040036398,19.0,0.007194343694272054
17147,2021-04-16,Oneida,42,21409,3702,715753,0.011345218800648298,19.0,0.0071061236238992714
17148,2021-04-17,Oneida,45,21454,5208,720961,0.008640552995391706,20.0,0.007134086791174456
17149,2021-04-18,Oneida,18,21472,1341,722302,0.013422818791946308,18.0,0.00660778277269134
17150,2021-04-19,Oneida,40,21512,2854,725156,0.01401541695865452,18.0,0.00665340417821862
17151,2021-04-20,Oneida,44,21556,2279,727435,0.019306713470820535,18.0,0.0065843340774992265
17152,2021-04-21,Oneida,41,21597,4727,732162,0.008673577321768563,19.0,0.006620910169947596
17153,2021-04-22,Oneida,36,21633,3046,735208,0.011818778726198293,19.0,0.0062302197903877305
17154,2021-04-23,Oneida,22,21655,3718,738926,0.005917159763313609,17.0,0.005842501287720967
17155,2021-04-24,Oneida,30,21685,2419,741345,0.012401818933443571,16.0,0.006111163140438957
17156,2021-04-25,Oneida,16,21701,1180,742525,0.013559322033898305,16.0,0.006120913372006957
17157,2021-04-26,Oneida,24,21725,1242,743767,0.01932367149758454,15.0,0.006500074410501959
17158,2021-04-27,Oneida,33,21758,3742,747509,0.008818813468733297,14.0,0.005750938696067155
17159,2021-04-28,Oneida,56,21814,3686,751195,0.015192620727075421,15.0,0.006216584653589075
17160,2021-04-29,Oneida,36,21850,3435,754630,0.010480349344978166,15.0,0.0061209825549304936
17161,2021-04-30,Oneida,42,21892,4598,759228,0.009134406263592866,16.0,0.006350785876379011
17162,2021-05-01,Oneida,23,21915,2374,761602,0.009688289806234204,16.0,0.006156962367292628
17163,2021-05-02,Oneida,22,21937,1288,762890,0.017080745341614908,16.0,0.0064084926035581
17164,2021-05-03,Oneida,13,21950,2374,765264,0.005475989890480202,16.0,0.005419372488764933
17165,2021-05-04,Oneida,20,21970,2077,767341,0.009629272989889264,15.0,0.0054772624545617885
17166,2021-05-05,Oneida,28,21998,3659,771000,0.007652364033889041,13.0,0.004938672690762762
17167,2021-05-06,Oneida,23,22021,2760,773760,0.008333333333333333,12.0,0.0047853144042167015
17168,2021-05-07,Oneida,47,22068,4082,777842,0.011513963743263106,12.0,0.004955282795621719
17169,2021-05-08,Oneida,35,22103,2132,779974,0.016416510318949345,13.0,0.0054358699751013715
17170,2021-05-09,Oneida,12,22115,1141,781115,0.010517090271691499,12.0,0.004967037470106842
17171,2021-05-10,Oneida,28,22143,2410,783525,0.011618257261410789,13.0,0.0054057708537447405
17172,2021-05-11,Oneida,24,22167,2017,785542,0.011898859692612791,14.0,0.005567884189653565
17173,2021-05-12,Oneida,36,22203,4475,790017,0.008044692737430168,14.0,0.005595907668477931
17174,2021-05-13,Oneida,19,22222,2167,792184,0.008767881864328565,14.0,0.0056269468492633045
17175,2021-05-14,Oneida,29,22251,3700,795884,0.007837837837837838,13.0,0.005364366427447214
17176,2021-05-15,Oneida,20,22271,1575,797459,0.012698412698412698,12.0,0.005098788025980311
17177,2021-05-16,Oneida,12,22283,748,798207,0.016042780748663103,12.0,0.005493480202906854
17178,2021-05-17,Oneida,9,22292,2123,800330,0.004239284032030146,10.0,0.004966410686522522
17179,2021-05-18,Oneida,23,22315,1996,802326,0.011523046092184368,10.0,0.004939566857920492
17180,2021-05-19,Oneida,12,22327,2239,804565,0.005359535506922733,8.0,0.004747769912884247
17181,2021-05-20,Oneida,26,22353,2376,806941,0.010942760942760943,9.0,0.00490311841848656
17182,2021-05-21,Oneida,14,22367,2124,809065,0.006591337099811676,8.0,0.004814082651484691
17183,2021-05-22,Oneida,9,22376,1289,810354,0.0069821567106283944,7.0,0.00440577865235724
17184,2021-05-23,Oneida,8,22384,760,811114,0.010526315789473684,7.0,0.004011745440986567
17185,2021-05-24,Oneida,9,22393,908,812022,0.009911894273127754,7.0,0.004416931886779253
17186,2021-05-25,Oneida,21,22414,1739,813761,0.012075905692926969,7.0,0.004456421858260868
17187,2021-05-26,Oneida,15,22429,1583,815344,0.009475679090334808,7.0,0.004750432114218874
17188,2021-05-27,Oneida,9,22438,1575,816919,0.005714285714285714,6.0,0.004376969597899214
17189,2021-05-28,Oneida,21,22459,1550,818469,0.013548387096774193,6.0,0.0048739017405393945
17190,2021-05-29,Oneida,12,22471,1243,819712,0.009654062751407884,6.0,0.005064752172023643
17191,2021-05-30,Oneida,10,22481,632,820344,0.015822784810126583,6.0,0.005443071387784564
17192,2021-05-31,Oneida,4,22485,458,820802,0.008733624454148471,6.0,0.005358909257857473
17193,2021-06-01,Oneida,9,22494,784,821586,0.011479591836734694,5.0,0.005316315410986597
17194,2021-06-02,Oneida,20,22514,1801,823387,0.01110494169905608,6.0,0.0054326913116095445
17195,2021-06-03,Oneida,18,22532,2119,825506,0.008494572911750826,6.0,0.005631283254285624
17196,2021-06-04,Oneida,10,22542,1427,826933,0.00700770847932726,5.0,0.005164091924467986
17197,2021-06-05,Oneida,16,22558,1172,828105,0.013651877133105802,6.0,0.005449650094589266
17198,2021-06-06,Oneida,3,22561,784,828889,0.003826530612244898,5.0,0.004592774794740573
17199,2021-06-07,Oneida,8,22569,1134,830023,0.007054673721340388,6.0,0.004472849742397139
17200,2021-06-08,Oneida,6,22575,1446,831469,0.004149377593360996,5.0,0.003949263010727589
17201,2021-06-09,Oneida,7,22582,1661,833130,0.004214328717639976,4.0,0.0034570763691978675
17202,2021-06-10,Oneida,8,22590,1565,834695,0.005111821086261981,4.0,0.003215451238805807
17203,2021-06-11,Oneida,11,22601,1265,835960,0.008695652173913044,4.0,0.0033360186455619343
17204,2021-06-12,Oneida,8,22609,1089,837049,0.0073461891643709825,3.0,0.0028856123620808753
17205,2021-06-13,Oneida,5,22614,524,837573,0.009541984732824428,3.0,0.0032938590849794142
17206,2021-06-14,Oneida,5,22619,469,838042,0.010660980810234541,3.0,0.0035514524484718535
17207,2021-06-15,Oneida,8,22627,991,839033,0.008072653884964682,3.0,0.0038316864693006885
17208,2021-06-16,Oneida,5,22632,1149,840182,0.004351610095735422,3.0,0.003841492282021791
17209,2021-06-17,Oneida,1,22633,1491,841673,0.0006706908115358819,3.0,0.003524268690969927
17210,2021-06-18,Oneida,4,22637,1053,842726,0.003798670465337132,2.0,0.0031744842832145052
17211,2021-06-19,Oneida,2,22639,729,843455,0.0027434842249657062,2.0,0.002845719644685557
17212,2021-06-20,Oneida,2,22641,498,843953,0.004016064257028112,1.0,0.002451011039271534
17213,2021-06-21,Oneida,3,22644,362,844315,0.008287292817679558,1.0,0.002281461896946178
17214,2021-06-22,Oneida,0,22644,809,845124,0.0,1.0,0.0017048437623058438
17215,2021-06-23,Oneida,3,22647,991,846115,0.0030272452068617556,1.0,0.001610246270243439
17216,2021-06-24,Oneida,2,22649,1054,847169,0.0018975332068311196,1.0,0.0016978778699073846
17217,2021-06-25,Oneida,1,22650,775,847944,0.0012903225806451613,0.0,0.0015187101638579582
17218,2021-06-26,Oneida,3,22653,862,848806,0.0034802784222737818,1.0,0.001571338320808535
17219,2021-06-27,Oneida,2,22655,393,849199,0.005089058524173028,1.0,0.001647980768461743
17220,2021-06-28,Oneida,6,22661,401,849600,0.014962593516209476,1.0,0.00212478796121388
17221,2021-06-29,Oneida,3,22664,614,850214,0.004885993485342019,1.0,0.002473787495881167
17222,2021-06-30,Oneida,0,22664,528,850742,0.0,1.0,0.0022575556953910417
17223,2021-07-01,Oneida,3,22667,660,851402,0.004545454545454545,1.0,0.0024466929338641434
17224,2021-07-02,Oneida,2,22669,591,851993,0.00338409475465313,1.0,0.002596248089150427
17225,2021-07-03,Oneida,2,22671,555,852548,0.0036036036036036037,1.0,0.002605057030673986
17226,2021-07-04,Oneida,3,22674,223,852771,0.013452914798206279,1.0,0.003202475335962075
17227,2021-07-05,Oneida,1,22675,231,853002,0.004329004329004329,1.0,0.0024429332511617077
17228,2021-07-06,Oneida,2,22677,246,853248,0.008130081300813009,0.0,0.0026746538094096356
17229,2021-07-07,Oneida,6,22683,769,854017,0.007802340702210663,1.0,0.0032319638595675396
17230,2021-07-08,Oneida,3,22686,788,854805,0.0038071065989847717,1.0,0.003179224720533984
17231,2021-07-09,Oneida,2,22688,615,855420,0.0032520325203252032,1.0,0.0031697917037962755
17232,2021-07-10,Oneida,2,22690,455,855875,0.004395604395604396,1.0,0.0032263631889391897
17233,2021-07-11,Oneida,3,22693,426,856301,0.007042253521126761,1.0,0.002768458812004938
17234,2021-07-12,Oneida,6,22699,259,856560,0.023166023166023165,1.0,0.004113960157506283
17235,2021-07-13,Oneida,6,22705,502,857062,0.01195219123505976,2.0,0.00438696800995248
17236,2021-07-14,Oneida,7,22712,717,857779,0.009762900976290097,2.0,0.004527008029529582
17237,2021-07-15,Oneida,2,22714,520,858299,0.0038461538461538464,2.0,0.004529797118613088
17238,2021-07-16,Oneida,5,22719,766,859065,0.006527415143603133,2.0,0.0047637530202757974
17239,2021-07-17,Oneida,14,22733,933,859998,0.015005359056806002,3.0,0.005521592638933055
17240,2021-07-18,Oneida,0,22733,186,860184,0.0,2.0,0.005018574530281143
17241,2021-07-19,Oneida,11,22744,398,860582,0.02763819095477387,3.0,0.005338015086620479
17242,2021-07-20,Oneida,0,22744,464,861046,0.0,2.0,0.004484287141259068
17243,2021-07-21,Oneida,10,22754,644,861690,0.015527950310559006,3.0,0.004896076379421133
17244,2021-07-22,Oneida,7,22761,607,862297,0.011532125205930808,3.0,0.005445074333690916
17245,2021-07-23,Oneida,4,22765,731,863028,0.005471956224350205,3.0,0.0053696844108871355
17246,2021-07-24,Oneida,5,22770,564,863592,0.008865248226950355,2.0,0.004931105065897446
17247,2021-07-25,Oneida,4,22774,267,863859,0.0149812734082397,2.0,0.0060011960236288535
17248,2021-07-26,Oneida,11,22785,461,864320,0.02386117136659436,2.0,0.00573140891018746
17249,2021-07-27,Oneida,3,22788,548,864868,0.005474452554744526,3.0,0.006122441235526355
17250,2021-07-28,Oneida,14,22802,485,865353,0.0288659793814433,3.0,0.007075157597732375
17251,2021-07-29,Oneida,11,22813,491,865844,0.02240325865580448,3.0,0.00785166712986621
17252,2021-07-30,Oneida,15,22828,800,866644,0.01875,4.0,0.008800098828126907
17253,2021-07-31,Oneida,26,22854,548,867192,0.04744525547445255,6.0,0.011555813631519921
17254,2021-08-01,Oneida,7,22861,245,867437,0.02857142857142857,6.0,0.012526539000319126
17255,2021-08-02,Oneida,25,22886,573,868010,0.04363001745200698,7.0,0.013938599434991457
17256,2021-08-03,Oneida,22,22908,650,868660,0.033846153846153845,8.0,0.01596514952723498
17257,2021-08-04,Oneida,18,22926,887,869547,0.020293122886133032,8.0,0.01535280263471282
17258,2021-08-05,Oneida,18,22944,1073,870620,0.016775396085740912,9.0,0.01495081245113685
17259,2020-03-01,Onondaga,0,0,0,0,,,
17260,2020-03-02,Onondaga,0,0,0,0,,,
17261,2020-03-03,Onondaga,0,0,0,0,,,
17262,2020-03-04,Onondaga,0,0,0,0,,,
17263,2020-03-05,Onondaga,0,0,0,0,,,
17264,2020-03-06,Onondaga,0,0,0,0,,,
17265,2020-03-07,Onondaga,0,0,0,0,,0.0,
17266,2020-03-08,Onondaga,0,0,0,0,,0.0,
17267,2020-03-09,Onondaga,0,0,1,1,0.0,0.0,
17268,2020-03-10,Onondaga,0,0,0,1,,0.0,
17269,2020-03-11,Onondaga,0,0,3,4,0.0,0.0,
17270,2020-03-12,Onondaga,0,0,1,5,0.0,0.0,
17271,2020-03-13,Onondaga,0,0,9,14,0.0,0.0,
17272,2020-03-14,Onondaga,0,0,18,32,0.0,0.0,
17273,2020-03-15,Onondaga,1,1,27,59,0.037037037037037035,0.0,
17274,2020-03-16,Onondaga,1,2,55,114,0.01818181818181818,0.0,
17275,2020-03-17,Onondaga,0,2,15,129,0.0,0.0,0.003944203944203944
17276,2020-03-18,Onondaga,3,5,98,227,0.030612244897959183,0.0,0.0061307928654867425
17277,2020-03-19,Onondaga,3,8,60,287,0.05,0.0,0.009702221436915315
17278,2020-03-20,Onondaga,9,17,133,420,0.06766917293233082,1.0,0.014535733789224658
17279,2020-03-21,Onondaga,12,29,157,577,0.07643312101910828,2.0,0.019995242433446674
17280,2020-03-22,Onondaga,23,52,538,1115,0.04275092936802974,3.0,0.020403377599946156
17281,2020-03-23,Onondaga,8,60,129,1244,0.06201550387596899,4.0,0.02353435514952836
17282,2020-03-24,Onondaga,5,65,124,1368,0.04032258064516129,4.0,0.026414539481325588
17283,2020-03-25,Onondaga,18,83,266,1634,0.06766917293233082,5.0,0.029061462912352138
17284,2020-03-26,Onondaga,32,115,444,2078,0.07207207207207207,7.0,0.030638039488928712
17285,2020-03-27,Onondaga,14,129,352,2430,0.03977272727272727,8.0,0.028645436227528458
17286,2020-03-28,Onondaga,23,152,487,2917,0.04722792607802875,8.0,0.026559350874594212
17287,2020-03-29,Onondaga,28,180,206,3123,0.13592233009708737,9.0,0.033214450926669754
17288,2020-03-30,Onondaga,14,194,139,3262,0.10071942446043165,9.0,0.0359790166827028
17289,2020-03-31,Onondaga,23,217,163,3425,0.1411042944785276,10.0,0.043177710527943246
17290,2020-04-01,Onondaga,17,234,191,3616,0.08900523560209424,10.0,0.04470171500435493
17291,2020-04-02,Onondaga,18,252,195,3811,0.09230769230769231,9.0,0.04614711644975637
17292,2020-04-03,Onondaga,10,262,221,4032,0.04524886877828054,9.0,0.04653826941443874
17293,2020-04-04,Onondaga,6,268,131,4163,0.04580152671755725,8.0,0.04643638374583365
17294,2020-04-05,Onondaga,3,271,89,4252,0.033707865168539325,6.0,0.03913535053665164
17295,2020-04-06,Onondaga,64,335,689,4941,0.09288824383164006,10.0,0.03857598049173795
17296,2020-04-07,Onondaga,12,347,126,5067,0.09523809523809523,9.0,0.03529982340313564
17297,2020-04-08,Onondaga,11,358,245,5312,0.044897959183673466,8.0,0.03214930365896273
17298,2020-04-09,Onondaga,11,369,148,5460,0.07432432432432433,8.0,0.030864777374436443
17299,2020-04-10,Onondaga,11,380,116,5576,0.09482758620689655,8.0,0.034406114333623304
17300,2020-04-11,Onondaga,17,397,169,5745,0.10059171597633136,9.0,0.03831969928067859
17301,2020-04-12,Onondaga,19,416,142,5887,0.13380281690140844,10.0,0.045469338690169246
17302,2020-04-13,Onondaga,15,431,120,6007,0.125,6.0,0.047763035559337814
17303,2020-04-14,Onondaga,18,449,219,6226,0.0821917808219178,7.0,0.04683115595818228
17304,2020-04-15,Onondaga,13,462,134,6360,0.09701492537313433,7.0,0.05055379640028663
17305,2020-04-16,Onondaga,21,483,181,6541,0.11602209944751381,8.0,0.053532208909085874
17306,2020-04-17,Onondaga,9,492,152,6693,0.05921052631578947,8.0,0.05098813320257823
17307,2020-04-18,Onondaga,6,498,118,6811,0.05084745762711865,7.0,0.047434971891920176
17308,2020-04-19,Onondaga,11,509,113,6924,0.09734513274336283,6.0,0.04483085159491692
17309,2020-04-20,Onondaga,5,514,101,7025,0.04950495049504951,5.0,0.039438348058849035
17310,2020-04-21,Onondaga,12,526,152,7177,0.07894736842105263,5.0,0.03920660431593009
17311,2020-04-22,Onondaga,74,600,705,7882,0.1049645390070922,9.0,0.0397744338612128
17312,2020-04-23,Onondaga,39,639,722,8604,0.054016620498614956,11.0,0.03534547107914859
17313,2020-04-24,Onondaga,25,664,530,9134,0.04716981132075472,12.0,0.034485420008074676
17314,2020-04-25,Onondaga,28,692,280,9414,0.1,13.0,0.037996315891851914
17315,2020-04-26,Onondaga,34,726,256,9670,0.1328125,15.0,0.040529699267326004
17316,2020-04-27,Onondaga,16,742,268,9938,0.05970149253731343,16.0,0.041258023698916284
17317,2020-04-28,Onondaga,40,782,386,10324,0.10362694300518134,18.0,0.04302085045492547
17318,2020-04-29,Onondaga,50,832,343,10667,0.1457725947521866,16.0,0.04593571157957508
17319,2020-04-30,Onondaga,28,860,334,11001,0.08383233532934131,15.0,0.04806540549605553
17320,2020-05-01,Onondaga,43,903,433,11434,0.09930715935334873,17.0,0.051789501784097955
17321,2020-05-02,Onondaga,49,952,593,12027,0.08263069139966273,18.0,0.05054883688407386
17322,2020-05-03,Onondaga,19,971,436,12463,0.04357798165137615,17.0,0.044174942716315016
17323,2020-05-04,Onondaga,31,1002,176,12639,0.17613636363636365,18.0,0.052491719223390035
17324,2020-05-05,Onondaga,54,1056,731,13370,0.07387140902872777,19.0,0.050366323939357645
17325,2020-05-06,Onondaga,59,1115,534,13904,0.1104868913857678,20.0,0.04784591655604201
17326,2020-05-07,Onondaga,54,1169,407,14311,0.13267813267813267,22.0,0.05133490208095568
17327,2020-05-08,Onondaga,49,1218,464,14775,0.10560344827586207,22.0,0.05178463700399234
17328,2020-05-09,Onondaga,47,1265,507,15282,0.09270216962524655,22.0,0.05250402830581976
17329,2020-05-10,Onondaga,22,1287,240,15522,0.09166666666666666,22.0,0.055938934378340514
17330,2020-05-11,Onondaga,21,1308,329,15851,0.06382978723404255,21.0,0.04791703606388901
17331,2020-05-12,Onondaga,87,1395,1066,16917,0.08161350844277673,24.0,0.04847004316489251
17332,2020-05-13,Onondaga,28,1423,683,17600,0.040995607613469986,22.0,0.043506380038299805
17333,2020-05-14,Onondaga,17,1440,385,17985,0.04415584415584416,19.0,0.03718335942956491
17334,2020-05-15,Onondaga,29,1469,1088,19073,0.02665441176470588,17.0,0.03154414253591089
17335,2020-05-16,Onondaga,32,1501,648,19721,0.04938271604938271,16.0,0.02844989585192062
17336,2020-05-17,Onondaga,19,1520,483,20204,0.039337474120082816,16.0,0.024712096384307488
17337,2020-05-18,Onondaga,145,1665,1578,21782,0.09188846641318124,25.0,0.026716287754245966
17338,2020-05-19,Onondaga,53,1718,1844,23626,0.028741865509761388,23.0,0.022939741830459156
17339,2020-05-20,Onondaga,53,1771,1137,24763,0.04661389621811785,24.0,0.02334104815936258
17340,2020-05-21,Onondaga,57,1828,1344,26107,0.04241071428571429,27.0,0.023216396025781873
17341,2020-05-22,Onondaga,76,1904,2502,28609,0.030375699440447643,31.0,0.023482202288334853
17342,2020-05-23,Onondaga,49,1953,1352,29961,0.036242603550295856,32.0,0.022543622824114366
17343,2020-05-24,Onondaga,28,1981,1175,31136,0.023829787234042554,32.0,0.021435930903682916
17344,2020-05-25,Onondaga,31,2012,1129,32265,0.02745792736935341,24.0,0.016833749543409497
17345,2020-05-26,Onondaga,21,2033,676,32941,0.03106508875739645,22.0,0.01699969406109772
17346,2020-05-27,Onondaga,21,2054,817,33758,0.025703794369645042,20.0,0.015506115357635377
17347,2020-05-28,Onondaga,38,2092,1731,35489,0.0219526285384171,18.0,0.014044823518542717
17348,2020-05-29,Onondaga,41,2133,2101,37590,0.01951451689671585,16.0,0.013269024765419019
17349,2020-05-30,Onondaga,37,2170,1829,39419,0.020229633679606344,15.0,0.012125241203226911
17350,2020-05-31,Onondaga,27,2197,1074,40493,0.025139664804469275,15.0,0.012218803886828819
17351,2020-06-01,Onondaga,31,2228,1035,41528,0.02995169082125604,15.0,0.012396929847679008
17352,2020-06-02,Onondaga,28,2256,1522,43050,0.018396846254927726,15.0,0.011492055383216956
17353,2020-06-03,Onondaga,39,2295,2189,45239,0.017816354499771585,17.0,0.010928666821083136
17354,2020-06-04,Onondaga,34,2329,1601,46840,0.021236727045596503,16.0,0.01087753100016738
17355,2020-06-05,Onondaga,46,2375,2186,49026,0.021043000914913082,17.0,0.010986708430038612
17356,2020-06-06,Onondaga,17,2392,1345,50371,0.012639405204460967,15.0,0.010444549253242511
17357,2020-06-07,Onondaga,16,2408,2040,52411,0.00784313725490196,15.0,0.009209082999701992
17358,2020-06-08,Onondaga,19,2427,1004,53415,0.018924302788844622,14.0,0.008421412425958319
17359,2020-06-09,Onondaga,6,2433,2197,55612,0.0027309968138370506,12.0,0.0073024231801661265
17360,2020-06-10,Onondaga,21,2454,1222,56834,0.01718494271685761,11.0,0.007257322338529414
17361,2020-06-11,Onondaga,20,2474,2072,58906,0.009652509652509652,10.0,0.00642987823902321
17362,2020-06-12,Onondaga,24,2498,1498,60404,0.01602136181575434,8.0,0.006071189731940443
17363,2020-06-13,Onondaga,21,2519,2756,63160,0.007619738751814224,9.0,0.005712642128179962
17364,2020-06-14,Onondaga,12,2531,847,64007,0.014167650531286895,8.0,0.006164393076493171
17365,2020-06-15,Onondaga,14,2545,1345,65352,0.010408921933085501,8.0,0.005556151586796092
17366,2020-06-16,Onondaga,13,2558,870,66222,0.014942528735632184,8.0,0.0064284038669243145
17367,2020-06-17,Onondaga,57,2615,1440,67662,0.03958333333333333,11.0,0.008028288910958295
17368,2020-06-18,Onondaga,19,2634,1694,69356,0.011216056670602124,11.0,0.008139970840822042
17369,2020-06-19,Onondaga,10,2644,1270,70626,0.007874015748031496,10.0,0.007558017550270411
17370,2020-06-20,Onondaga,22,2666,2328,72954,0.009450171821305841,10.0,0.0076887627695198125
17371,2020-06-21,Onondaga,9,2675,954,73908,0.009433962264150943,10.0,0.007350642179010102
17372,2020-06-22,Onondaga,27,2702,1060,74968,0.02547169811320755,11.0,0.008426554763304533
17373,2020-06-23,Onondaga,32,2734,1234,76202,0.02593192868719611,12.0,0.009211511902701957
17374,2020-06-24,Onondaga,17,2751,1183,77385,0.014370245139475908,9.0,0.0074105770317121405
17375,2020-06-25,Onondaga,31,2782,1402,78787,0.02211126961483595,10.0,0.008188806527728843
17376,2020-06-26,Onondaga,9,2791,1517,80304,0.005932762030323006,10.0,0.008050145547892521
17377,2020-06-27,Onondaga,25,2816,1721,82025,0.01452643811737362,10.0,0.008412735997611649
17378,2020-06-28,Onondaga,6,2822,1257,83282,0.00477326968973747,10.0,0.008079829385153545
17379,2020-06-29,Onondaga,20,2842,1288,84570,0.015527950310559006,10.0,0.0073695616849643614
17380,2020-06-30,Onondaga,21,2863,1368,85938,0.015350877192982455,9.0,0.00661377229252053
17381,2020-07-01,Onondaga,34,2897,1909,87847,0.0178103719224725,10.0,0.006859495634163144
17382,2020-07-02,Onondaga,12,2909,968,88815,0.012396694214876033,9.0,0.006165597391308863
17383,2020-07-03,Onondaga,19,2928,843,89658,0.022538552787663108,9.0,0.007351725302547443
17384,2020-07-04,Onondaga,21,2949,856,90514,0.02453271028037383,9.0,0.008066459028476029
17385,2020-07-05,Onondaga,14,2963,651,91165,0.021505376344086023,10.0,0.00926160950378664
17386,2020-07-06,Onondaga,34,2997,1455,92620,0.02336769759450172,11.0,0.00982159145263969
17387,2020-07-07,Onondaga,32,3029,1911,94531,0.01674515960230246,11.0,0.009921183053305405
17388,2020-07-08,Onondaga,21,3050,2070,96601,0.010144927536231883,10.0,0.009373651311431074
17389,2020-07-09,Onondaga,28,3078,1155,97756,0.024242424242424242,12.0,0.010219774884827377
17390,2020-07-10,Onondaga,22,3100,1161,98917,0.018949181739879414,12.0,0.009963391238557112
17391,2020-07-11,Onondaga,24,3124,1344,100261,0.017857142857142856,12.0,0.009486564994040615
17392,2020-07-12,Onondaga,18,3142,1288,101549,0.013975155279503106,12.0,0.00894869206085612
17393,2020-07-13,Onondaga,37,3179,2118,103667,0.017469310670443813,13.0,0.008527378709137699
17394,2020-07-14,Onondaga,24,3203,1227,104894,0.019559902200488997,12.0,0.00872843175186531
17395,2020-07-15,Onondaga,22,3225,1697,106591,0.01296405421331762,12.0,0.008929797943085719
17396,2020-07-16,Onondaga,15,3240,2153,108744,0.006967022758941012,11.0,0.007695840694265488
17397,2020-07-17,Onondaga,22,3262,1912,110656,0.011506276150627616,11.0,0.007164204580747501
17398,2020-07-18,Onondaga,16,3278,1100,111756,0.014545454545454545,11.0,0.0069276554156269075
17399,2020-07-19,Onondaga,12,3290,1758,113514,0.006825938566552901,10.0,0.006416997078987607
17400,2020-07-20,Onondaga,22,3312,1918,115432,0.011470281543274244,9.0,0.0059884949984754954
17401,2020-07-21,Onondaga,14,3326,1844,117276,0.007592190889370932,8.0,0.005133658476252777
17402,2020-07-22,Onondaga,18,3344,1965,119241,0.00916030534351145,8.0,0.004861962128409479
17403,2020-07-23,Onondaga,16,3360,2174,121415,0.007359705611775529,8.0,0.004890010903611944
17404,2020-07-24,Onondaga,18,3378,1868,123283,0.009635974304068522,8.0,0.004756417914572008
17405,2020-07-25,Onondaga,11,3389,2415,125698,0.004554865424430642,7.0,0.004042804405927444
17406,2020-07-26,Onondaga,9,3398,1790,127488,0.005027932960893855,7.0,0.003914375434094655
17407,2020-07-27,Onondaga,21,3419,1744,129232,0.012041284403669725,7.0,0.0039551613526943325
17408,2020-07-28,Onondaga,18,3437,1664,130896,0.010817307692307692,7.0,0.004185526838618387
17409,2020-07-29,Onondaga,22,3459,1408,132304,0.015625,8.0,0.004647290742653284
17410,2020-07-30,Onondaga,5,3464,1481,133785,0.00337609723160027,7.0,0.004362747286926478
17411,2020-07-31,Onondaga,13,3477,1678,135463,0.0077473182359952325,7.0,0.0042278432820641015
17412,2020-08-01,Onondaga,8,3485,1274,136737,0.006279434850863423,6.0,0.004351026812523586
17413,2020-08-02,Onondaga,5,3490,689,137426,0.00725689404934688,6.0,0.0045102383188416586
17414,2020-08-03,Onondaga,25,3515,3057,140483,0.008177952240758913,6.0,0.004234286021490887
17415,2020-08-04,Onondaga,10,3525,2030,142513,0.0049261083743842365,6.0,0.0038134860702106394
17416,2020-08-05,Onondaga,10,3535,1499,144012,0.0066711140760507,5.0,0.0031739227899285466
17417,2020-08-06,Onondaga,21,3556,2037,146049,0.010309278350515464,6.0,0.0036691500127082033
17418,2020-08-07,Onondaga,9,3565,1799,147848,0.005002779321845469,6.0,0.0034731115188403635
17419,2020-08-08,Onondaga,11,3576,1052,148900,0.010456273764258554,6.0,0.003771457155511444
17420,2020-08-09,Onondaga,9,3585,806,149706,0.011166253101736972,6.0,0.004050697087825022
17421,2020-08-10,Onondaga,17,3602,4122,153828,0.004124211547792334,6.0,0.003761144181184552
17422,2020-08-11,Onondaga,11,3613,1526,155354,0.007208387942332897,6.0,0.003924164150323742
17423,2020-08-12,Onondaga,14,3627,1208,156562,0.011589403973509934,6.0,0.0042754705715708306
17424,2020-08-13,Onondaga,19,3646,1784,158346,0.010650224215246636,6.0,0.004299823847623057
17425,2020-08-14,Onondaga,17,3663,1984,160330,0.008568548387096774,7.0,0.004554521637998151
17426,2020-08-15,Onondaga,11,3674,1102,161432,0.009981851179673321,7.0,0.004520634310527775
17427,2020-08-16,Onondaga,6,3680,1956,163388,0.003067484662576687,6.0,0.003942150850587757
17428,2020-08-17,Onondaga,16,3696,1933,165321,0.008277289187790998,6.0,0.004238799253444804
17429,2020-08-18,Onondaga,16,3712,1885,167206,0.008488063660477453,7.0,0.0043302046618837004
17430,2020-08-19,Onondaga,7,3719,2150,169356,0.0032558139534883722,6.0,0.0037349482318821603
17431,2020-08-20,Onondaga,24,3743,2297,171653,0.01044841097083152,6.0,0.0037205330001382235
17432,2020-08-21,Onondaga,13,3756,2177,173830,0.0059715204409738175,6.0,0.0035350310039865837
17433,2020-08-22,Onondaga,2,3758,1402,175232,0.0014265335235378032,6.0,0.0029239368856911895
17434,2020-08-23,Onondaga,10,3768,844,176076,0.011848341232227487,6.0,0.0035511409263805326
17435,2020-08-24,Onondaga,24,3792,3288,179364,0.0072992700729927005,6.0,0.003481282418180654
17436,2020-08-25,Onondaga,9,3801,1168,180532,0.007705479452054794,6.0,0.0034253835461504636
17437,2020-08-26,Onondaga,31,3832,1590,182122,0.01949685534591195,8.0,0.004585457931323576
17438,2020-08-27,Onondaga,15,3847,1959,184081,0.007656967840735069,7.0,0.0043860691363166865
17439,2020-08-28,Onondaga,19,3866,3709,187790,0.005122674575357239,7.0,0.004325437288772645
17440,2020-08-29,Onondaga,17,3883,1813,189603,0.009376723662437948,8.0,0.004893308012979799
17441,2020-08-30,Onondaga,9,3892,820,190423,0.01097560975609756,8.0,0.004830970050399091
17442,2020-08-31,Onondaga,20,3912,1531,191954,0.013063357282821686,8.0,0.005242690565386875
17443,2020-09-01,Onondaga,10,3922,1352,193306,0.0073964497041420114,8.0,0.005220617011964533
17444,2020-09-02,Onondaga,15,3937,1535,194841,0.009771986970684038,7.0,0.004525983556591112
17445,2020-09-03,Onondaga,10,3947,1606,196447,0.0062266500622665,7.0,0.004423818000986213
17446,2020-09-04,Onondaga,17,3964,2611,199058,0.0065109153581003444,7.0,0.004522978056896435
17447,2020-09-05,Onondaga,19,3983,1554,200612,0.012226512226512226,7.0,0.004726534382901741
17448,2020-09-06,Onondaga,10,3993,853,201465,0.011723329425556858,7.0,0.004779942930720261
17449,2020-09-07,Onondaga,9,4002,1305,202770,0.006896551724137931,6.0,0.004339456819385708
17450,2020-09-08,Onondaga,10,4012,652,203422,0.015337423312883436,6.0,0.004906669220010096
17451,2020-09-09,Onondaga,11,4023,859,204281,0.012805587892898719,6.0,0.005123355000168286
17452,2020-09-10,Onondaga,20,4043,2201,206482,0.009086778736937756,6.0,0.005327649905501948
17453,2020-09-11,Onondaga,17,4060,3386,209868,0.005020673360897815,6.0,0.00522120404855891
17454,2020-09-12,Onondaga,21,4081,1703,211571,0.012331180270111567,7.0,0.005228680337387435
17455,2020-09-13,Onondaga,15,4096,862,212433,0.01740139211136891,7.0,0.005634256243516866
17456,2020-09-14,Onondaga,18,4114,1186,213619,0.01517706576728499,8.0,0.006225721532313085
17457,2020-09-15,Onondaga,19,4133,1471,215090,0.01291638341264446,8.0,0.006052790110867443
17458,2020-09-16,Onondaga,25,4158,1673,216763,0.014943215780035863,9.0,0.0062054778170915256
17459,2020-09-17,Onondaga,27,4185,1588,218351,0.01700251889168766,10.0,0.00677088782814509
17460,2020-09-18,Onondaga,16,4201,3815,222166,0.0041939711664482305,10.0,0.006711837671398691
17461,2020-09-19,Onondaga,19,4220,2717,224883,0.006993006993006993,9.0,0.0063305395801769365
17462,2020-09-20,Onondaga,11,4231,1149,226032,0.009573542210617928,9.0,0.005771407444409009
17463,2020-09-21,Onondaga,22,4253,1394,227426,0.015781922525107604,9.0,0.005814611498539195
17464,2020-09-22,Onondaga,17,4270,1376,228802,0.012354651162790697,9.0,0.005774487766406784
17465,2020-09-23,Onondaga,30,4300,1853,230655,0.016189962223421478,10.0,0.005863541083791472
17466,2020-09-24,Onondaga,21,4321,2429,233084,0.008645533141210375,9.0,0.005266613530185951
17467,2020-09-25,Onondaga,21,4342,2876,235960,0.007301808066759388,10.0,0.0054886018802081755
17468,2020-09-26,Onondaga,23,4365,2225,238185,0.010337078651685393,10.0,0.005727464141542348
17469,2020-09-27,Onondaga,14,4379,1240,239425,0.01129032258064516,10.0,0.005850091310830007
17470,2020-09-28,Onondaga,30,4409,1882,241307,0.015940488841657812,11.0,0.005861417476297878
17471,2020-09-29,Onondaga,15,4424,3423,244730,0.0043821209465381246,11.0,0.005291951032279839
17472,2020-09-30,Onondaga,32,4456,2579,247309,0.01240791004265219,11.0,0.005021804447939175
17473,2020-10-01,Onondaga,38,4494,5101,252410,0.007449519702019212,12.0,0.004936374916568377
17474,2020-10-02,Onondaga,34,4528,4586,256996,0.007413868294810292,13.0,0.0049443792185720125
17475,2020-10-03,Onondaga,9,4537,2564,259560,0.0035101404056162248,12.0,0.004456740772424216
17476,2020-10-04,Onondaga,19,4556,1620,261180,0.011728395061728396,12.0,0.00448803166393016
17477,2020-10-05,Onondaga,37,4593,2081,263261,0.0177799135031235,13.0,0.004619419139749138
17478,2020-10-06,Onondaga,43,4636,3538,266799,0.01215375918598078,15.0,0.005174536156852185
17479,2020-10-07,Onondaga,33,4669,4536,271335,0.007275132275132275,15.0,0.004807909173457905
17480,2020-10-08,Onondaga,24,4693,3498,274833,0.00686106346483705,14.0,0.004765876585087751
17481,2020-10-09,Onondaga,54,4747,5423,280256,0.009957588050894339,15.0,0.004947570853379469
17482,2020-10-10,Onondaga,32,4779,3349,283605,0.00955509107196178,17.0,0.005379353043832723
17483,2020-10-11,Onondaga,28,4807,1836,285441,0.015250544662309368,17.0,0.005630935158159935
17484,2020-10-12,Onondaga,36,4843,1698,287139,0.02120141342756184,17.0,0.0058753280099055295
17485,2020-10-13,Onondaga,37,4880,3261,290400,0.01134621281815394,17.0,0.005817646126489327
17486,2020-10-14,Onondaga,28,4908,4032,294432,0.006944444444444444,17.0,0.005794025567154483
17487,2020-10-15,Onondaga,38,4946,3429,297861,0.011081948089822106,18.0,0.006095517326081987
17488,2020-10-16,Onondaga,31,4977,4669,302530,0.006639537374170058,16.0,0.005858513706315967
17489,2020-10-17,Onondaga,34,5011,2541,305071,0.01338055883510429,16.0,0.0061317614036832885
17490,2020-10-18,Onondaga,10,5021,1370,306441,0.0072992700729927005,15.0,0.005563813218732098
17491,2020-10-19,Onondaga,31,5052,1783,308224,0.017386427369601793,14.0,0.005291314214592095
17492,2020-10-20,Onondaga,69,5121,3662,311886,0.018842162752594212,17.0,0.005826739209909258
17493,2020-10-21,Onondaga,49,5170,6432,318318,0.0076181592039800995,18.0,0.005874861692733232
17494,2020-10-22,Onondaga,52,5222,5719,324037,0.00909249868858192,19.0,0.005732758164073219
17495,2020-10-23,Onondaga,55,5277,6258,330295,0.008788750399488655,21.0,0.0058862733801674045
17496,2020-10-24,Onondaga,32,5309,3528,333823,0.009070294784580499,21.0,0.005578397376558563
17497,2020-10-25,Onondaga,28,5337,1876,335699,0.014925373134328358,22.0,0.006123119023796823
17498,2020-10-26,Onondaga,62,5399,2764,338463,0.02243125904486252,24.0,0.006483464143458305
17499,2020-10-27,Onondaga,55,5454,5376,343839,0.010230654761904762,23.0,0.005868356429837629
17500,2020-10-28,Onondaga,44,5498,5268,349107,0.008352315869400152,23.0,0.005920796191653348
17501,2020-10-29,Onondaga,105,5603,4415,353522,0.02378255945639864,27.0,0.006970086246497398
17502,2020-10-30,Onondaga,93,5696,4191,357713,0.02219040801717967,29.0,0.0079273475049039
17503,2020-10-31,Onondaga,66,5762,4241,361954,0.01556236736618722,32.0,0.008391066975018667
17504,2020-11-01,Onondaga,33,5795,1471,363425,0.022433718558803536,32.0,0.008927377362481179
17505,2020-11-02,Onondaga,86,5881,3064,366489,0.028067885117493474,34.0,0.009329993510526246
17506,2020-11-03,Onondaga,120,6001,4008,370497,0.029940119760479042,39.0,0.010737812438995839
17507,2020-11-04,Onondaga,121,6122,5230,375727,0.023135755258126195,44.0,0.011793772395333413
17508,2020-11-05,Onondaga,135,6257,4978,380705,0.027119325030132584,46.0,0.012032112793457266
17509,2020-11-06,Onondaga,139,6396,5537,386242,0.0251038468484739,50.0,0.012240215567121139
17510,2020-11-07,Onondaga,95,6491,3592,389834,0.026447661469933183,52.0,0.013017736574531567
17511,2020-11-08,Onondaga,85,6576,2069,391903,0.041082648622522956,55.0,0.01434980300765438
17512,2020-11-09,Onondaga,250,6826,3815,395718,0.0655307994757536,67.0,0.01702572546181582
17513,2020-11-10,Onondaga,195,7021,5017,400735,0.03886784931233805,72.0,0.01766342042980575
17514,2020-11-11,Onondaga,190,7211,3388,404123,0.05608028335301062,77.0,0.020016601008011777
17515,2020-11-12,Onondaga,210,7421,8886,413009,0.02363268062120189,83.0,0.01976755497880244
17516,2020-11-13,Onondaga,229,7650,5366,418375,0.042676108833395454,89.0,0.02102271654915398
17517,2020-11-14,Onondaga,99,7749,2102,420477,0.04709800190294957,89.0,0.022497740865798012
17518,2020-11-15,Onondaga,143,7892,3783,424260,0.037800687285223365,94.0,0.0222633150559909
17519,2020-11-16,Onondaga,192,8084,3492,427752,0.054982817869415807,89.0,0.021509887798395338
17520,2020-11-17,Onondaga,217,8301,5561,433313,0.039021758676497036,91.0,0.021520881324406695
17521,2020-11-18,Onondaga,193,8494,5464,438777,0.035322108345534405,91.0,0.020038154538158392
17522,2020-11-19,Onondaga,241,8735,6733,445510,0.03579385118075152,93.0,0.020906809578126222
17523,2020-11-20,Onondaga,212,8947,6670,452180,0.031784107946026985,92.0,0.020128809514742763
17524,2020-11-21,Onondaga,213,9160,7766,459946,0.027427246973989183,100.0,0.018723755591245592
17525,2020-11-22,Onondaga,202,9362,5492,465438,0.03678077203204661,105.0,0.018650904501732964
17526,2020-11-23,Onondaga,108,9470,3069,468507,0.03519061583577713,99.0,0.01723717578504449
17527,2020-11-24,Onondaga,315,9785,7826,476333,0.04025044722719141,106.0,0.01732493925295123
17528,2020-11-25,Onondaga,239,10024,5999,482332,0.03983997332888815,109.0,0.017647643894619355
17529,2020-11-26,Onondaga,224,10248,5748,488080,0.03897007654836465,108.0,0.017874517135163154
17530,2020-11-27,Onondaga,232,10480,2618,490698,0.08861726508785332,109.0,0.021934028359579322
17531,2020-11-28,Onondaga,221,10701,3150,493848,0.07015873015873016,110.0,0.02498627715848939
17532,2020-11-29,Onondaga,103,10804,2672,496520,0.038547904191616765,103.0,0.02511250088417297
17533,2020-11-30,Onondaga,191,10995,4022,500542,0.04748881153654898,108.0,0.025990943434228104
17534,2020-12-01,Onondaga,286,11281,6037,506579,0.04737452377008448,106.0,0.026499806044434752
17535,2020-12-02,Onondaga,376,11657,7314,513893,0.0514082581350834,116.0,0.027326112102020128
17536,2020-12-03,Onondaga,276,11933,4583,518476,0.060222561640846606,120.0,0.028844146751483123
17537,2020-12-04,Onondaga,425,12358,9049,527525,0.046966515637086974,134.0,0.025869093219285523
17538,2020-12-05,Onondaga,304,12662,7693,535218,0.03951644352008319,140.0,0.023680358459382166
17539,2020-12-06,Onondaga,279,12941,3185,538403,0.08759811616954474,152.0,0.027183945029234175
17540,2020-12-07,Onondaga,247,13188,2785,541188,0.08868940754039498,156.0,0.030126844743794595
17541,2020-12-08,Onondaga,410,13598,5245,546433,0.07816968541468065,165.0,0.03232649914698004
17542,2020-12-09,Onondaga,347,13945,5269,551702,0.06585689884228506,163.0,0.033358544911780155
17543,2020-12-10,Onondaga,452,14397,6692,558394,0.06754333532576211,176.0,0.033881457317845545
17544,2020-12-11,Onondaga,375,14772,6394,564788,0.058648733187363154,172.0,0.03471590142857956
17545,2020-12-12,Onondaga,410,15182,6295,571083,0.06513105639396347,180.0,0.03654551663385673
17546,2020-12-13,Onondaga,299,15481,3888,574971,0.07690329218106996,181.0,0.03578160063467996
17547,2020-12-14,Onondaga,241,15722,3174,578145,0.0759294265910523,181.0,0.03487017342401262
17548,2020-12-15,Onondaga,332,16054,5070,583215,0.06548323471400394,175.0,0.033963998373964285
17549,2020-12-16,Onondaga,375,16429,6311,589526,0.05942006021232768,177.0,0.03350422418611019
17550,2020-12-17,Onondaga,431,16860,6155,595681,0.07002437043054427,175.0,0.033681440979308905
17551,2020-12-18,Onondaga,407,17267,6524,602205,0.06238503985285101,178.0,0.03394832002684376
17552,2020-12-19,Onondaga,319,17586,6708,608913,0.047555158020274296,171.0,0.03269289871443739
17553,2020-12-20,Onondaga,274,17860,4852,613765,0.05647155812036274,169.0,0.031233489138672584
17554,2020-12-21,Onondaga,221,18081,3363,617128,0.06571513529586678,168.0,0.030503896903302203
17555,2020-12-22,Onondaga,270,18351,4432,621560,0.06092057761732852,164.0,0.03017799282496824
17556,2020-12-23,Onondaga,471,18822,7746,629306,0.06080557707203718,170.0,0.030276958314947484
17557,2020-12-24,Onondaga,333,19155,6143,635449,0.054208041673449454,163.0,0.029147220546583565
17558,2020-12-25,Onondaga,297,19452,6377,641826,0.04657362396111024,156.0,0.028017833697173516
17559,2020-12-26,Onondaga,115,19567,2283,644109,0.05037231712658782,141.0,0.028219059347624482
17560,2020-12-27,Onondaga,418,19985,4528,648637,0.09231448763250884,151.0,0.03077926859849206
17561,2020-12-28,Onondaga,293,20278,3139,651776,0.0933418286078369,156.0,0.03275260383506135
17562,2020-12-29,Onondaga,380,20658,4975,656751,0.0763819095477387,164.0,0.03385698468723351
17563,2020-12-30,Onondaga,488,21146,6065,662816,0.08046166529266283,166.0,0.03526099098870677
17564,2020-12-31,Onondaga,362,21508,5084,667900,0.07120377655389457,168.0,0.03647497205159571
17565,2021-01-01,Onondaga,418,21926,5752,673652,0.07267037552155772,176.0,0.03833902573448481
17566,2021-01-02,Onondaga,287,22213,3115,676767,0.09213483146067415,189.0,0.041322062472633835
17567,2021-01-03,Onondaga,484,22697,3566,680333,0.1357263039820527,193.0,0.04442290649760126
17568,2021-01-04,Onondaga,183,22880,2688,683021,0.06808035714285714,185.0,0.04261851567867413
17569,2021-01-05,Onondaga,467,23347,5710,688731,0.08178633975481611,192.0,0.04300454640775109
17570,2021-01-06,Onondaga,417,23764,7836,696567,0.05321592649310873,187.0,0.041058422207782934
17571,2021-01-07,Onondaga,552,24316,7598,704165,0.07265069755198736,200.0,0.04116177370764671
17572,2021-01-08,Onondaga,352,24668,6056,710221,0.05812417437252312,195.0,0.040122759339858524
17573,2021-01-09,Onondaga,389,25057,7257,717478,0.05360341739010611,203.0,0.037370515477675094
17574,2021-01-10,Onondaga,309,25366,4517,721995,0.06840823555457162,190.0,0.0325620820185693
17575,2021-01-11,Onondaga,260,25626,3828,725823,0.06792058516196448,196.0,0.03255066973421983
17576,2021-01-12,Onondaga,229,25855,5224,731047,0.043836140888208266,179.0,0.029839941243747833
17577,2021-01-13,Onondaga,297,26152,5761,736808,0.051553549730949486,170.0,0.029721200046450742
17578,2021-01-14,Onondaga,392,26544,7502,744310,0.052252732604638766,159.0,0.028264202550211556
17579,2021-01-15,Onondaga,410,26954,7189,751499,0.05703157601891779,163.0,0.028186159810668323
17580,2021-01-16,Onondaga,236,27190,5627,757126,0.04194064332681713,152.0,0.027353104520433397
17581,2021-01-17,Onondaga,302,27492,4042,761168,0.07471548738248392,151.0,0.027803622508141418
17582,2021-01-18,Onondaga,263,27755,3930,765098,0.06692111959287532,152.0,0.027732232110349333
17583,2021-01-19,Onondaga,193,27948,3786,768884,0.05097728473322768,149.0,0.028242313813565005
17584,2021-01-20,Onondaga,278,28226,5325,774209,0.05220657276995305,148.0,0.028288958316350973
17585,2021-01-21,Onondaga,250,28476,6088,780297,0.04106438896189225,138.0,0.02748979091329765
17586,2021-01-22,Onondaga,321,28797,6949,787246,0.04619369693481076,131.0,0.026715656693004294
17587,2021-01-23,Onondaga,242,29039,5714,792960,0.04235211760588029,132.0,0.026745047712937373
17588,2021-01-24,Onondaga,108,29147,3663,796623,0.029484029484029485,118.0,0.023514229291619202
17589,2021-01-25,Onondaga,117,29264,2651,799274,0.044134288947566956,107.0,0.02188659853124003
17590,2021-01-26,Onondaga,169,29433,4836,804110,0.03494623655913978,106.0,0.020741523661662327
17591,2021-01-27,Onondaga,155,29588,4870,808980,0.03182751540041068,97.0,0.019285876706695015
17592,2021-01-28,Onondaga,102,29690,4695,813675,0.021725239616613417,86.0,0.017904508896317953
17593,2021-01-29,Onondaga,170,29860,7154,820829,0.023762929829466033,75.0,0.016302311245936188
17594,2021-01-30,Onondaga,194,30054,5749,826578,0.033744999130283525,72.0,0.01568751706910785
17595,2021-01-31,Onondaga,70,30124,3130,829708,0.022364217252396165,69.0,0.015178959052562613
17596,2021-02-01,Onondaga,108,30232,3204,832912,0.033707865168539325,69.0,0.01443421449691778
17597,2021-02-02,Onondaga,118,30350,4634,837546,0.025463962019853258,65.0,0.013756909172683029
17598,2021-02-03,Onondaga,71,30421,4494,842040,0.01579884290164664,59.0,0.012612003994199882
17599,2021-02-04,Onondaga,142,30563,6315,848355,0.022486144101346,62.0,0.012666354314537925
17600,2021-02-05,Onondaga,134,30697,7130,855485,0.01879382889200561,59.0,0.012311418533290753
17601,2021-02-06,Onondaga,98,30795,6529,862014,0.0150099555827845,52.0,0.010973201137040823
17602,2021-02-07,Onondaga,77,30872,6116,868130,0.012589928057553957,53.0,0.01027503762312352
17603,2021-02-08,Onondaga,59,30931,4046,872176,0.01458230350963915,49.0,0.008908926076059222
17604,2021-02-09,Onondaga,123,31054,5313,877489,0.023150762281197064,50.0,0.008743697523298065
17605,2021-02-10,Onondaga,113,31167,5998,883487,0.018839613204401466,53.0,0.008960895402066266
17606,2021-02-11,Onondaga,94,31261,6412,889899,0.014660012476606364,49.0,0.008401886000299152
17607,2021-02-12,Onondaga,90,31351,7998,897897,0.011252813203300824,46.0,0.007863242022534524
17608,2021-02-13,Onondaga,94,31445,7183,905080,0.013086454127801754,46.0,0.007725849061464328
17609,2021-02-14,Onondaga,60,31505,4322,909402,0.013882461823229986,45.0,0.007818172901869758
17610,2021-02-15,Onondaga,75,31580,2610,912012,0.028735632183908046,46.0,0.008829124950031821
17611,2021-02-16,Onondaga,59,31639,2610,914622,0.022605363984674328,41.0,0.008790167928851626
17612,2021-02-17,Onondaga,79,31718,7672,922294,0.01029718456725756,39.0,0.008179994454769917
17613,2021-02-18,Onondaga,75,31793,9187,931481,0.008163709589637531,38.0,0.007715972819986429
17614,2021-02-19,Onondaga,55,31848,8135,939616,0.006760909649661954,35.0,0.007395122566155083
17615,2021-02-20,Onondaga,61,31909,7971,947587,0.007652741186802158,33.0,0.00700700021322654
17616,2021-02-21,Onondaga,45,31954,4524,952111,0.009946949602122016,32.0,0.006725892197433115
17617,2021-02-22,Onondaga,63,32017,3321,955432,0.018970189701897018,31.0,0.006028360591575183
17618,2021-02-23,Onondaga,37,32054,5339,960771,0.006930136729724668,29.0,0.004908701501935922
17619,2021-02-24,Onondaga,97,32151,8348,969119,0.011619549592716818,30.0,0.005003156146611583
17620,2021-02-25,Onondaga,73,32224,10211,979330,0.00714915287435119,30.0,0.004930687809805416
17621,2021-02-26,Onondaga,88,32312,10676,990006,0.008242787560884226,33.0,0.0050365362320355786
17622,2021-02-27,Onondaga,98,32410,10264,1000270,0.009547934528448947,35.0,0.005171907185010349
17623,2021-02-28,Onondaga,42,32452,4186,1004456,0.010033444816053512,35.0,0.005178085414576884
17624,2021-03-01,Onondaga,37,32489,2344,1006800,0.015784982935153583,33.0,0.004950570645523782
17625,2021-03-02,Onondaga,73,32562,6823,1013623,0.010699105965117982,36.0,0.005219782733766161
17626,2021-03-03,Onondaga,44,32606,13021,1026644,0.003379156746793641,32.0,0.00463118324477165
17627,2021-03-04,Onondaga,75,32681,9378,1036022,0.00799744081893794,32.0,0.004691775240813559
17628,2021-03-05,Onondaga,52,32733,9600,1045622,0.005416666666666667,30.0,0.004489909462655163
17629,2021-03-06,Onondaga,65,32798,7360,1052982,0.008831521739130434,27.0,0.004438737120560982
17630,2021-03-07,Onondaga,59,32857,3603,1056585,0.01637524285317791,28.0,0.004891722694641297
17631,2021-03-08,Onondaga,34,32891,2948,1059533,0.011533242876526458,28.0,0.0045880269761679315
17632,2021-03-09,Onondaga,50,32941,6815,1066348,0.007336757153338224,27.0,0.004347859203897948
17633,2021-03-10,Onondaga,57,32998,7831,1074179,0.007278763887115311,28.0,0.004626402571063781
17634,2021-03-11,Onondaga,69,33067,9637,1083816,0.007159904534606206,27.0,0.004566578550754373
17635,2021-03-12,Onondaga,40,33107,9190,1093006,0.004352557127312296,26.0,0.004490570726514774
17636,2021-03-13,Onondaga,55,33162,8446,1101452,0.00651195832346673,26.0,0.0043248876253959385
17637,2021-03-14,Onondaga,41,33203,3528,1104980,0.011621315192743764,24.0,0.003985321363936356
17638,2021-03-15,Onondaga,46,33249,1645,1106625,0.02796352583586626,25.0,0.005158913003889201
17639,2021-03-16,Onondaga,63,33312,6174,1112799,0.01020408163265306,26.0,0.0053637218952688305
17640,2021-03-17,Onondaga,73,33385,8023,1120822,0.009098840832606257,27.0,0.005493727391375326
17641,2021-03-18,Onondaga,56,33441,9713,1130535,0.005765468959126943,26.0,0.005394124850269665
17642,2021-03-19,Onondaga,63,33504,9704,1140239,0.006492168178070899,28.0,0.005546954211038136
17643,2021-03-20,Onondaga,80,33584,9414,1149653,0.008497981729339282,30.0,0.005688813025743319
17644,2021-03-21,Onondaga,33,33617,4356,1154009,0.007575757575757576,29.0,0.00539984462453002
17645,2021-03-22,Onondaga,72,33689,3867,1157876,0.018619084561675717,31.0,0.00473238453351641
17646,2021-03-23,Onondaga,47,33736,6111,1163987,0.007691048928162331,30.0,0.004552882197481358
17647,2021-03-24,Onondaga,69,33805,9319,1173306,0.0074042279214507995,30.0,0.00443183841811311
17648,2021-03-25,Onondaga,74,33879,10255,1183561,0.007215992198927352,31.0,0.004535447220955996
17649,2021-03-26,Onondaga,99,33978,11122,1194683,0.008901276748786189,33.0,0.0047075264045785175
17650,2021-03-27,Onondaga,84,34062,8211,1202894,0.010230179028132993,34.0,0.0048312547830637815
17651,2021-03-28,Onondaga,65,34127,4808,1207702,0.013519134775374376,36.0,0.005255781725893554
17652,2021-03-29,Onondaga,49,34176,2803,1210505,0.017481270067784518,34.0,0.005174509262044183
17653,2021-03-30,Onondaga,59,34235,8116,1218621,0.007269590931493346,35.0,0.005144405119424969
17654,2021-03-31,Onondaga,93,34328,7314,1225935,0.012715340442986054,37.0,0.0055237702995346305
17655,2021-04-01,Onondaga,110,34438,9366,1235301,0.01174460815716421,39.0,0.00584724286798012
17656,2021-04-02,Onondaga,93,34531,9992,1245293,0.009307445956765413,39.0,0.005876254954264351
17657,2021-04-03,Onondaga,98,34629,6380,1251673,0.015360501567398118,40.0,0.00624270656421186
17658,2021-04-04,Onondaga,112,34741,4110,1255783,0.027250608272506083,43.0,0.007223526099721268
17659,2021-04-05,Onondaga,32,34773,2251,1258034,0.014215904042647711,42.0,0.006990285669354354
17660,2021-04-06,Onondaga,95,34868,5541,1263575,0.017144919689586716,45.0,0.007695666294932451
17661,2021-04-07,Onondaga,146,35014,9252,1272827,0.015780371811500216,49.0,0.007914597106969175
17662,2021-04-08,Onondaga,135,35149,10916,1283743,0.01236716746060828,50.0,0.007959065628643753
17663,2021-04-09,Onondaga,103,35252,9740,1293483,0.010574948665297741,51.0,0.008049601536396061
17664,2021-04-10,Onondaga,101,35353,6687,1300170,0.015103933004336772,51.0,0.008031275210463108
17665,2021-04-11,Onondaga,62,35415,2937,1303107,0.021109976166155942,48.0,0.007592658631438098
17666,2021-04-12,Onondaga,75,35490,4073,1307180,0.018413945494721334,51.0,0.007892518735157643
17667,2021-04-13,Onondaga,86,35576,5844,1313024,0.014715947980835045,50.0,0.007719020755961094
17668,2021-04-14,Onondaga,118,35694,9402,1322426,0.012550521165709424,48.0,0.007488317138404609
17669,2021-04-15,Onondaga,96,35790,7297,1329723,0.01315609154447033,45.0,0.0075446688586804705
17670,2021-04-16,Onondaga,151,35941,8180,1337903,0.018459657701711492,49.0,0.008107862361281453
17671,2021-04-17,Onondaga,120,36061,7688,1345591,0.015608740894901144,50.0,0.008143920067750336
17672,2021-04-18,Onondaga,58,36119,3498,1349089,0.016580903373356205,50.0,0.007820414868264642
17673,2021-04-19,Onondaga,72,36191,2421,1351510,0.02973977695167286,50.0,0.008629402829475464
17674,2021-04-20,Onondaga,63,36254,7289,1358799,0.008643160927424887,48.0,0.008195632325660453
17675,2021-04-21,Onondaga,90,36344,8042,1366841,0.011191245958716737,46.0,0.00809854123944669
17676,2021-04-22,Onondaga,128,36472,7728,1374569,0.016563146997929608,48.0,0.00834190234326521
17677,2021-04-23,Onondaga,64,36536,6987,1381556,0.0091598683268928,42.0,0.007677631673635303
17678,2021-04-24,Onondaga,107,36643,6655,1388211,0.016078136739293765,41.0,0.007711159948234776
17679,2021-04-25,Onondaga,46,36689,3957,1392168,0.011624968410411928,40.0,0.007357164593738756
17680,2021-04-26,Onondaga,71,36760,2999,1395167,0.023674558186062022,40.0,0.00692393468190941
17681,2021-04-27,Onondaga,93,36853,6619,1401786,0.014050460794681975,42.0,0.007310170386713487
17682,2021-04-28,Onondaga,129,36982,8005,1409791,0.016114928169893815,45.0,0.007661861973226137
17683,2021-04-29,Onondaga,143,37125,7918,1417709,0.018060116190957314,46.0,0.007768788344156688
17684,2021-04-30,Onondaga,107,37232,9600,1427309,0.011145833333333334,49.0,0.007910642987473867
17685,2021-05-01,Onondaga,84,37316,6210,1433519,0.01352657004830918,48.0,0.007728388223832113
17686,2021-05-02,Onondaga,43,37359,3372,1436891,0.012752075919335706,47.0,0.0078088959030409525
17687,2021-05-03,Onondaga,57,37416,2323,1439214,0.024537236332328884,46.0,0.007870515770631444
17688,2021-05-04,Onondaga,41,37457,4544,1443758,0.009022887323943662,43.0,0.007511403379864422
17689,2021-05-05,Onondaga,61,37518,8079,1451837,0.00755043941081817,38.0,0.00689965418278759
17690,2021-05-06,Onondaga,40,37558,7196,1459033,0.005558643690939411,30.0,0.006006691861357739
17691,2021-05-07,Onondaga,51,37609,8549,1467582,0.005965610012867002,26.0,0.005636675909895859
17692,2021-05-08,Onondaga,105,37714,6078,1473660,0.017275419545903257,28.0,0.005904450874009722
17693,2021-05-09,Onondaga,30,37744,3342,1477002,0.008976660682226212,27.0,0.005634778357073328
17694,2021-05-10,Onondaga,25,37769,2133,1479135,0.011720581340834505,25.0,0.004719303000538016
17695,2021-05-11,Onondaga,72,37841,5328,1484463,0.013513513513513514,27.0,0.0050400620140787205
17696,2021-05-12,Onondaga,60,37901,6865,1491328,0.00873998543335761,27.0,0.0051250295871172495
17697,2021-05-13,Onondaga,72,37973,6686,1498014,0.010768770565360455,29.0,0.005497181506718754
17698,2021-05-14,Onondaga,75,38048,6522,1504536,0.011499540018399264,31.0,0.00589246222139963
17699,2021-05-15,Onondaga,50,38098,4115,1508651,0.012150668286755772,27.0,0.005526408560031953
17700,2021-05-16,Onondaga,34,38132,2438,1511089,0.01394585726004922,27.0,0.0058813511727335965
17701,2021-05-17,Onondaga,26,38158,1610,1512699,0.016149068322981366,27.0,0.006197671671458371
17702,2021-05-18,Onondaga,72,38230,4087,1516786,0.017616833863469537,27.0,0.006490765982169515
17703,2021-05-19,Onondaga,57,38287,4230,1521016,0.01347517730496454,27.0,0.006828993972998583
17704,2021-05-20,Onondaga,52,38339,4288,1525304,0.012126865671641791,26.0,0.006926000766304392
17705,2021-05-21,Onondaga,41,38380,3006,1528310,0.013639387890884896,23.0,0.0070788470429105094
17706,2021-05-22,Onondaga,38,38418,3427,1531737,0.011088415523781734,22.0,0.007002971845555221
17707,2021-05-23,Onondaga,40,38458,1530,1533267,0.026143790849673203,23.0,0.007874252816242648
17708,2021-05-24,Onondaga,17,38475,1653,1534920,0.0102843315184513,22.0,0.0074553430444904995
17709,2021-05-25,Onondaga,50,38525,2500,1537420,0.02,21.0,0.007625569197099819
17710,2021-05-26,Onondaga,32,38557,3344,1540764,0.009569377990430622,19.0,0.007346583531775968
17711,2021-05-27,Onondaga,39,38596,2722,1543486,0.014327700220426157,18.0,0.00750378599954628
17712,2021-05-28,Onondaga,47,38643,3171,1546657,0.014821822768842637,18.0,0.007588245633686119
17713,2021-05-29,Onondaga,48,38691,2546,1549203,0.018853102906520033,19.0,0.008142866161024569
17714,2021-05-30,Onondaga,12,38703,1564,1550767,0.0076726342710997444,17.0,0.006823497833983607
17715,2021-05-31,Onondaga,12,38715,400,1551167,0.03,17.0,0.008231759868379943
17716,2021-06-01,Onondaga,11,38726,1287,1552454,0.008547008547008548,14.0,0.007413689050309124
17717,2021-06-02,Onondaga,14,38740,2173,1554627,0.006442705936493327,13.0,0.0071903553321707465
17718,2021-06-03,Onondaga,18,38758,3942,1558569,0.0045662100456621,11.0,0.006493106033973314
17719,2021-06-04,Onondaga,40,38798,3457,1562026,0.011570726063060458,11.0,0.0062608848407031585
17720,2021-06-05,Onondaga,18,38816,2384,1564410,0.007550335570469799,8.0,0.00545354431669957
17721,2021-06-06,Onondaga,23,38839,1038,1565448,0.022157996146435453,9.0,0.006488213022080692
17722,2021-06-07,Onondaga,10,38849,1056,1566504,0.00946969696969697,9.0,0.0050217628056304755
17723,2021-06-08,Onondaga,10,38859,1691,1568195,0.0059136605558840925,9.0,0.004833666520550157
17724,2021-06-09,Onondaga,16,38875,3147,1571342,0.005084207181442644,9.0,0.004736630895189394
17725,2021-06-10,Onondaga,13,38888,2593,1573935,0.005013497878904744,9.0,0.004768580026135298
17726,2021-06-11,Onondaga,15,38903,2109,1576044,0.007112375533428165,7.0,0.004450126416875848
17727,2021-06-12,Onondaga,10,38913,1380,1577424,0.007246376811594203,6.0,0.004428415076956163
17728,2021-06-13,Onondaga,15,38928,983,1578407,0.015259409969481181,6.0,0.003935658921459429
17729,2021-06-14,Onondaga,3,38931,989,1579396,0.003033367037411527,5.0,0.0034759210691533257
17730,2021-06-15,Onondaga,10,38941,1337,1580733,0.0074794315632011965,5.0,0.0035877618553902617
17731,2021-06-16,Onondaga,13,38954,1940,1582673,0.006701030927835051,5.0,0.003703249265846862
17732,2021-06-17,Onondaga,6,38960,1730,1584403,0.003468208092485549,5.0,0.0035928714239597767
17733,2021-06-18,Onondaga,10,38970,1693,1586096,0.005906674542232723,4.0,0.0035067499245886734
17734,2021-06-19,Onondaga,6,38976,1302,1587398,0.004608294930875576,4.0,0.0033183155045373425
17735,2021-06-20,Onondaga,4,38980,732,1588130,0.00546448087431694,3.0,0.002618677712025612
17736,2021-06-21,Onondaga,10,38990,648,1588778,0.015432098765432098,4.0,0.0035043014068842234
17737,2021-06-22,Onondaga,8,38998,1444,1590222,0.00554016620498615,4.0,0.003365782452726006
17738,2021-06-23,Onondaga,6,39004,1778,1592000,0.003374578177727784,3.0,0.0031281786848612013
17739,2021-06-24,Onondaga,3,39007,1518,1593518,0.001976284584980237,3.0,0.0030216127200393935
17740,2021-06-25,Onondaga,0,39007,1297,1594815,0.0,2.0,0.002599707395594199
17741,2021-06-26,Onondaga,13,39020,1647,1596462,0.007893139040680024,3.0,0.0028343391177230877
17742,2021-06-27,Onondaga,4,39024,666,1597128,0.006006006006006006,3.0,0.0028730194842723072
17743,2021-06-28,Onondaga,6,39030,809,1597937,0.007416563658838072,2.0,0.002300481262372734
17744,2021-06-29,Onondaga,5,39035,873,1598810,0.0057273768613974796,2.0,0.0023138534521164
17745,2021-06-30,Onondaga,9,39044,1140,1599950,0.007894736842105263,2.0,0.0026367219281433632
17746,2021-07-01,Onondaga,22,39066,1660,1601610,0.01325301204819277,4.0,0.0034422024612299723
17747,2021-07-02,Onondaga,8,39074,1050,1602660,0.007619047619047619,4.0,0.0039864201483048025
17748,2021-07-03,Onondaga,10,39084,1069,1603729,0.009354536950420954,4.0,0.004090805713286298
17749,2021-07-04,Onondaga,5,39089,479,1604208,0.010438413361169102,4.0,0.0044074062386550905
17750,2021-07-05,Onondaga,5,39094,795,1605003,0.006289308176100629,4.0,0.0043268879898881295
17751,2021-07-06,Onondaga,7,39101,755,1605758,0.009271523178807948,4.0,0.0045800412982745925
17752,2021-07-07,Onondaga,6,39107,730,1606488,0.00821917808219178,4.0,0.004603215672566487
17753,2021-07-08,Onondaga,19,39126,1561,1608049,0.012171684817424727,4.0,0.004525978013225912
17754,2021-07-09,Onondaga,4,39130,1193,1609242,0.003352891869237217,4.0,0.004221252602525168
17755,2021-07-10,Onondaga,9,39139,679,1609921,0.013254786450662739,3.0,0.004499841852542439
17756,2021-07-11,Onondaga,9,39148,784,1610705,0.011479591836734694,4.0,0.0045742117436542665
17757,2021-07-12,Onondaga,11,39159,564,1611269,0.01950354609929078,4.0,0.005518085881024991
17758,2021-07-13,Onondaga,7,39166,1023,1612292,0.006842619745845552,4.0,0.005344592778670535
17759,2021-07-14,Onondaga,7,39173,1214,1613506,0.005766062602965404,4.0,0.00516937024444008
17760,2021-07-15,Onondaga,7,39180,968,1614474,0.007231404958677686,3.0,0.004816493111672433
17761,2021-07-16,Onondaga,2,39182,917,1615391,0.0021810250817884407,3.0,0.004732788341140377
17762,2021-07-17,Onondaga,27,39209,1420,1616811,0.019014084507042252,5.0,0.0051441667737389144
17763,2021-07-18,Onondaga,3,39212,423,1617234,0.0070921985815602835,4.0,0.004830781541226457
17764,2021-07-19,Onondaga,16,39228,887,1618121,0.018038331454340473,4.0,0.004726123352301435
17765,2021-07-20,Onondaga,14,39242,943,1619064,0.014846235418875928,5.0,0.005297810186089319
17766,2021-07-21,Onondaga,11,39253,1563,1620627,0.007037747920665387,5.0,0.005388644851639319
17767,2021-07-22,Onondaga,18,39271,1280,1621907,0.0140625,6.0,0.005876580211733769
17768,2021-07-23,Onondaga,9,39280,856,1622763,0.010514018691588784,7.0,0.006471794041005222
17769,2021-07-24,Onondaga,30,39310,1493,1624256,0.020093770931011386,7.0,0.0065489144998601605
17770,2021-07-25,Onondaga,10,39320,418,1624674,0.023923444976076555,7.0,0.0077511463851827524
17771,2021-07-26,Onondaga,28,39348,897,1625571,0.03121516164994426,8.0,0.008692348542011594
17772,2021-07-27,Onondaga,35,39383,1007,1626578,0.03475670307845084,10.0,0.0101145248034098
17773,2021-07-28,Onondaga,37,39420,1447,1628025,0.025570145127850726,11.0,0.011438267461065896
17774,2021-07-29,Onondaga,53,39473,1981,1630006,0.02675416456335184,14.0,0.012344814929876742
17775,2021-07-30,Onondaga,64,39537,1414,1631420,0.04526166902404526,18.0,0.014826789953623635
17776,2021-07-31,Onondaga,43,39580,1529,1632949,0.028122956180510136,19.0,0.015400303185730688
17777,2021-08-01,Onondaga,23,39603,568,1633517,0.040492957746478875,20.0,0.016583839812187997
17778,2021-08-02,Onondaga,69,39672,1167,1634684,0.05912596401028278,23.0,0.018577468552212175
17779,2021-08-03,Onondaga,66,39738,1339,1636023,0.04929051530993279,25.0,0.01961559799731803
17780,2021-08-04,Onondaga,59,39797,2060,1638083,0.028640776699029126,26.0,0.019834928823830773
17781,2021-08-05,Onondaga,53,39850,1379,1639462,0.03843364757070341,26.0,0.02066917761007017
17782,2020-03-01,Ontario,0,0,0,0,,,
17783,2020-03-02,Ontario,0,0,0,0,,,
17784,2020-03-03,Ontario,0,0,0,0,,,
17785,2020-03-04,Ontario,0,0,0,0,,,
17786,2020-03-05,Ontario,0,0,0,0,,,
17787,2020-03-06,Ontario,0,0,0,0,,,
17788,2020-03-07,Ontario,0,0,0,0,,0.0,
17789,2020-03-08,Ontario,0,0,0,0,,0.0,
17790,2020-03-09,Ontario,0,0,0,0,,0.0,
17791,2020-03-10,Ontario,0,0,0,0,,0.0,
17792,2020-03-11,Ontario,0,0,0,0,,0.0,
17793,2020-03-12,Ontario,0,0,2,2,0.0,0.0,
17794,2020-03-13,Ontario,0,0,4,6,0.0,0.0,
17795,2020-03-14,Ontario,0,0,3,9,0.0,0.0,
17796,2020-03-15,Ontario,1,1,5,14,0.2,0.0,
17797,2020-03-16,Ontario,0,1,1,15,0.0,0.0,
17798,2020-03-17,Ontario,0,1,3,18,0.0,0.0,
17799,2020-03-18,Ontario,0,1,8,26,0.0,0.0,0.014285714285714287
17800,2020-03-19,Ontario,2,3,15,41,0.13333333333333333,0.0,0.02380952380952381
17801,2020-03-20,Ontario,1,4,25,66,0.04,0.0,0.02666666666666667
17802,2020-03-21,Ontario,2,6,25,91,0.08,0.0,0.03238095238095238
17803,2020-03-22,Ontario,0,6,5,96,0.0,0.0,0.01809523809523809
17804,2020-03-23,Ontario,1,7,13,109,0.07692307692307693,0.0,0.02358974358974359
17805,2020-03-24,Ontario,2,9,19,128,0.10526315789473684,0.0,0.031108540582224793
17806,2020-03-25,Ontario,2,11,21,149,0.09523809523809523,0.0,0.03791126167066017
17807,2020-03-26,Ontario,3,14,29,178,0.10344827586206896,0.0,0.035776614708427
17808,2020-03-27,Ontario,2,16,34,212,0.058823529411764705,0.0,0.037121152523553046
17809,2020-03-28,Ontario,2,18,26,238,0.07692307692307693,0.0,0.03690137230377283
17810,2020-03-29,Ontario,2,20,16,254,0.125,1.0,0.045829943732344246
17811,2020-03-30,Ontario,2,22,26,280,0.07692307692307693,1.0,0.04582994373234426
17812,2020-03-31,Ontario,2,24,37,317,0.05405405405405406,1.0,0.04217215060086692
17813,2020-04-01,Ontario,2,26,29,346,0.06896551724137931,1.0,0.04029553788681578
17814,2020-04-02,Ontario,2,28,29,375,0.06896551724137931,1.0,0.03783248369962366
17815,2020-04-03,Ontario,3,31,36,411,0.08333333333333333,1.0,0.0395831839797357
17816,2020-04-04,Ontario,1,32,33,444,0.030303030303030304,1.0,0.036253180649732375
17817,2020-04-05,Ontario,0,32,26,470,0.0,0.0,0.027324609221160943
17818,2020-04-06,Ontario,1,33,32,502,0.03125,0.0,0.024062246583798307
17819,2020-04-07,Ontario,6,39,50,552,0.12,1.0,0.028772671294223024
17820,2020-04-08,Ontario,4,43,38,590,0.10526315789473684,1.0,0.03136535991231998
17821,2020-04-09,Ontario,8,51,50,640,0.16,1.0,0.03786782296650718
17822,2020-04-10,Ontario,5,56,39,679,0.1282051282051282,1.0,0.04107295117163538
17823,2020-04-11,Ontario,1,57,27,706,0.037037037037037035,1.0,0.04155395165263586
17824,2020-04-12,Ontario,0,57,12,718,0.0,1.0,0.04155395165263586
17825,2020-04-13,Ontario,4,61,48,766,0.08333333333333333,2.0,0.04527418974787396
17826,2020-04-14,Ontario,1,62,25,791,0.04,1.0,0.03955990403358824
17827,2020-04-15,Ontario,3,65,31,822,0.0967741935483871,1.0,0.0389535494374204
17828,2020-04-16,Ontario,2,67,34,856,0.058823529411764705,1.0,0.03172665868111788
17829,2020-04-17,Ontario,2,69,33,889,0.06060606060606061,0.0,0.02689815385261305
17830,2020-04-18,Ontario,1,70,24,913,0.041666666666666664,0.0,0.02722884168330088
17831,2020-04-19,Ontario,1,71,20,933,0.05,1.0,0.030800270254729454
17832,2020-04-20,Ontario,1,72,43,976,0.023255813953488372,0.0,0.026509018870454818
17833,2020-04-21,Ontario,1,73,66,1042,0.015151515151515152,0.0,0.024734127095563045
17834,2020-04-22,Ontario,0,73,31,1073,0.0,0.0,0.01782168469924968
17835,2020-04-23,Ontario,0,73,37,1110,0.0,0.0,0.013620004026980772
17836,2020-04-24,Ontario,9,82,239,1349,0.03765690376569038,0.0,0.011980778538382897
17837,2020-04-25,Ontario,2,84,34,1383,0.058823529411764705,1.0,0.01320626873446133
17838,2020-04-26,Ontario,2,86,40,1423,0.05,1.0,0.013206268734461327
17839,2020-04-27,Ontario,4,90,50,1473,0.08,1.0,0.01725942488064073
17840,2020-04-28,Ontario,0,90,60,1533,0.0,1.0,0.01617717379838965
17841,2020-04-29,Ontario,0,90,78,1611,0.0,1.0,0.01617717379838965
17842,2020-04-30,Ontario,1,91,91,1702,0.01098901098901099,1.0,0.01696210315474758
17843,2020-05-01,Ontario,1,92,62,1764,0.016129032258064516,0.0,0.015424398047060016
17844,2020-05-02,Ontario,3,95,90,1854,0.03333333333333333,0.0,0.01360366975574349
17845,2020-05-03,Ontario,1,96,81,1935,0.012345679012345678,0.0,0.010914075399482467
17846,2020-05-04,Ontario,1,97,86,2021,0.011627906976744186,0.0,0.006030354469249907
17847,2020-05-05,Ontario,2,99,105,2126,0.01904761904761905,0.0,0.007390898686936982
17848,2020-05-06,Ontario,2,101,121,2247,0.01652892561983471,0.0,0.00857153623121089
17849,2020-05-07,Ontario,3,104,108,2355,0.027777777777777776,0.0,0.009770733858979946
17850,2020-05-08,Ontario,0,104,69,2424,0.0,0.0,0.008618660126261052
17851,2020-05-09,Ontario,2,106,109,2533,0.01834862385321101,0.0,0.0075483237348237435
17852,2020-05-10,Ontario,1,107,92,2625,0.010869565217391304,0.0,0.007442887035184147
17853,2020-05-11,Ontario,0,107,74,2699,0.0,0.0,0.00661232225113099
17854,2020-05-12,Ontario,2,109,140,2839,0.014285714285714285,0.0,0.00627218619670922
17855,2020-05-13,Ontario,20,129,334,3173,0.059880239520958084,2.0,0.009368708618218032
17856,2020-05-14,Ontario,4,133,135,3308,0.02962962962962963,2.0,0.009500983750493167
17857,2020-05-15,Ontario,6,139,136,3444,0.04411764705882353,2.0,0.012652244254694845
17858,2020-05-16,Ontario,7,146,160,3604,0.04375,2.0,0.014466628265179773
17859,2020-05-17,Ontario,2,148,96,3700,0.020833333333333332,2.0,0.01517832598774706
17860,2020-05-18,Ontario,4,152,157,3857,0.025477707006369428,3.0,0.016998162202487736
17861,2020-05-19,Ontario,18,170,351,4208,0.05128205128205128,4.0,0.019640757702226095
17862,2020-05-20,Ontario,6,176,264,4472,0.022727272727272728,3.0,0.016986974359819995
17863,2020-05-21,Ontario,4,180,191,4663,0.020942408376963352,3.0,0.01636645855605812
17864,2020-05-22,Ontario,2,182,125,4788,0.016,3.0,0.014358055194713578
17865,2020-05-23,Ontario,2,184,201,4989,0.009950248756218905,2.0,0.011943787248729217
17866,2020-05-24,Ontario,1,185,99,5088,0.010101010101010102,2.0,0.0111771927321347
17867,2020-05-25,Ontario,10,195,218,5306,0.045871559633027525,3.0,0.012633896491181709
17868,2020-05-26,Ontario,3,198,182,5488,0.016483516483516484,2.0,0.010148286862714935
17869,2020-05-27,Ontario,3,201,246,5734,0.012195121951219513,1.0,0.009395990378711135
17870,2020-05-28,Ontario,4,205,209,5943,0.019138755980861243,1.0,0.009267158064703839
17871,2020-05-29,Ontario,1,206,126,6069,0.007936507936507936,1.0,0.008691194345882978
17872,2020-05-30,Ontario,1,207,328,6397,0.003048780487804878,1.0,0.008198232326710549
17873,2020-05-31,Ontario,1,208,188,6585,0.005319148936170213,1.0,0.007856670814936271
17874,2020-06-01,Ontario,1,209,206,6791,0.0048543689320388345,1.0,0.004926871479151364
17875,2020-06-02,Ontario,6,215,485,7276,0.012371134020618556,1.0,0.004633129874658655
17876,2020-06-03,Ontario,3,218,421,7697,0.007125890736342043,1.0,0.004271041930738836
17877,2020-06-04,Ontario,1,219,379,8076,0.002638522427440633,1.0,0.0030924538197802214
17878,2020-06-05,Ontario,1,220,505,8581,0.0019801980198019802,1.0,0.002667003111444081
17879,2020-06-06,Ontario,1,221,236,8817,0.00423728813559322,1.0,0.0027518965148575344
17880,2020-06-07,Ontario,0,221,293,9110,0.0,0.0,0.0023719573051310906
17881,2020-06-08,Ontario,1,222,238,9348,0.004201680672268907,0.0,0.0023253367151475244
17882,2020-06-09,Ontario,0,222,403,9751,0.0,0.0,0.0014416842851033417
17883,2020-06-10,Ontario,7,229,520,10271,0.013461538461538462,0.0,0.0018942305511888
17884,2020-06-11,Ontario,1,230,392,10663,0.002551020408163265,0.0,0.0018879804069547024
17885,2020-06-12,Ontario,0,230,337,11000,0.0,0.0,0.001746537691254561
17886,2020-06-13,Ontario,3,233,420,11420,0.007142857142857143,0.0,0.001954078334630555
17887,2020-06-14,Ontario,0,233,240,11660,0.0,0.0,0.001954078334630555
17888,2020-06-15,Ontario,1,234,338,11998,0.0029585798816568047,0.0,0.0018652854210154054
17889,2020-06-16,Ontario,0,234,319,12317,0.0,0.0,0.0018652854210154054
17890,2020-06-17,Ontario,1,235,214,12531,0.004672897196261682,0.0,0.0012375253306384924
17891,2020-06-18,Ontario,4,239,327,12858,0.012232415902140673,0.0,0.0019290535802083072
17892,2020-06-19,Ontario,0,239,354,13212,0.0,0.0,0.0019290535802083072
17893,2020-06-20,Ontario,1,240,271,13483,0.0036900369003690036,0.0,0.0016824235628877262
17894,2020-06-21,Ontario,2,242,271,13754,0.007380073800738007,0.0,0.0022095716915118695
17895,2020-06-22,Ontario,0,242,207,13961,0.0,0.0,0.001998244557107812
17896,2020-06-23,Ontario,4,246,293,14254,0.013651877133105802,0.0,0.00297337863804394
17897,2020-06-24,Ontario,2,248,261,14515,0.007662835249042145,0.0,0.0031869456418139736
17898,2020-06-25,Ontario,4,252,285,14800,0.014035087719298246,0.0,0.0033157079144680857
17899,2020-06-26,Ontario,2,254,408,15208,0.004901960784313725,1.0,0.0036658479704904942
17900,2020-06-27,Ontario,2,256,226,15434,0.008849557522123894,1.0,0.004034385157758702
17901,2020-06-28,Ontario,1,257,302,15736,0.0033112582781456954,1.0,0.003743755477573537
17902,2020-06-29,Ontario,2,259,252,15988,0.007936507936507936,1.0,0.0043106489016098174
17903,2020-06-30,Ontario,6,265,268,16256,0.022388059701492536,1.0,0.004934661942208869
17904,2020-07-01,Ontario,3,268,288,16544,0.010416666666666666,1.0,0.005131364186324907
17905,2020-07-02,Ontario,7,275,301,16845,0.023255813953488372,1.0,0.005789987488767059
17906,2020-07-03,Ontario,3,278,385,17230,0.007792207792207792,1.0,0.005996433703616635
17907,2020-07-04,Ontario,2,280,241,17471,0.008298755186721992,1.0,0.0059570906796593565
17908,2020-07-05,Ontario,2,282,223,17694,0.008968609865470852,1.0,0.006361187221611153
17909,2020-07-06,Ontario,1,283,406,18100,0.0024630541871921183,1.0,0.005970226239517166
17910,2020-07-07,Ontario,3,286,321,18421,0.009345794392523364,1.0,0.005038635860305083
17911,2020-07-08,Ontario,4,290,370,18791,0.010810810810810811,1.0,0.005066789013458237
17912,2020-07-09,Ontario,3,293,296,19087,0.010135135135135136,1.0,0.004129597669290147
17913,2020-07-10,Ontario,3,296,474,19561,0.006329113924050633,1.0,0.004025090964421779
17914,2020-07-11,Ontario,4,300,324,19885,0.012345679012345678,1.0,0.004314156951966327
17915,2020-07-12,Ontario,2,302,241,20126,0.008298755186721992,1.0,0.004266310189198552
17916,2020-07-13,Ontario,5,307,359,20485,0.013927576601671309,1.0,0.005085204647375637
17917,2020-07-14,Ontario,5,312,386,20871,0.012953367875647668,1.0,0.005342888467598802
17918,2020-07-15,Ontario,5,317,423,21294,0.01182033096926714,1.0,0.005414997050345683
17919,2020-07-16,Ontario,2,319,393,21687,0.005089058524173028,1.0,0.005054563006705532
17920,2020-07-17,Ontario,5,324,437,22124,0.011441647597254004,2.0,0.005419743983362916
17921,2020-07-18,Ontario,0,324,200,22324,0.0,1.0,0.004537909768195367
17922,2020-07-19,Ontario,2,326,262,22586,0.007633587786259542,1.0,0.004490397811019478
17923,2020-07-20,Ontario,3,329,391,22977,0.0076726342710997444,1.0,0.004043616215978652
17924,2020-07-21,Ontario,4,333,377,23354,0.010610079575596816,1.0,0.003876238480260734
17925,2020-07-22,Ontario,1,334,427,23781,0.00234192037470726,1.0,0.0031992091520778856
17926,2020-07-23,Ontario,3,337,433,24214,0.006928406466512702,1.0,0.0033305911479592906
17927,2020-07-24,Ontario,1,338,450,24664,0.0022222222222222222,1.0,0.002672060764028449
17928,2020-07-25,Ontario,3,341,329,24993,0.00911854103343465,1.0,0.0033233851235594954
17929,2020-07-26,Ontario,2,343,210,25203,0.009523809523809525,1.0,0.003458400961955923
17930,2020-07-27,Ontario,2,345,295,25498,0.006779661016949152,1.0,0.0033946171580880235
17931,2020-07-28,Ontario,2,347,373,25871,0.005361930294906166,1.0,0.0030197493523244057
17932,2020-07-29,Ontario,2,349,397,26268,0.005037783375314861,1.0,0.0032123109952249484
17933,2020-07-30,Ontario,0,349,579,26847,0.0,0.0,0.00271742481904547
17934,2020-07-31,Ontario,0,349,393,27240,0.0,0.0,0.002558694660315311
17935,2020-08-01,Ontario,0,349,273,27513,0.0,0.0,0.0019073703007842645
17936,2020-08-02,Ontario,2,351,221,27734,0.00904977375565611,0.0,0.0018735106030590208
17937,2020-08-03,Ontario,1,352,255,27989,0.00392156862745098,0.0,0.0016693611466662942
17938,2020-08-04,Ontario,0,352,370,28359,0.0,0.0,0.001286366125601568
17939,2020-08-05,Ontario,3,355,414,28773,0.007246376811594203,0.0,0.0014441227996215208
17940,2020-08-06,Ontario,2,357,453,29226,0.004415011037527594,0.0,0.001759480730873492
17941,2020-08-07,Ontario,0,357,273,29499,0.0,0.0,0.001759480730873492
17942,2020-08-08,Ontario,3,360,365,29864,0.00821917808219178,0.0,0.0023465648796014765
17943,2020-08-09,Ontario,1,361,231,30095,0.004329004329004329,0.0,0.0020093670634120635
17944,2020-08-10,Ontario,1,362,346,30441,0.002890173410404624,0.0,0.0019356959764801809
17945,2020-08-11,Ontario,1,363,441,30882,0.0022675736961451248,0.0,0.0020976655262048326
17946,2020-08-12,Ontario,2,365,471,31353,0.004246284501061571,0.0,0.001883373218309645
17947,2020-08-13,Ontario,1,366,587,31940,0.0017035775127768314,0.0,0.0016896993951131614
17948,2020-08-14,Ontario,1,367,417,32357,0.002398081534772182,0.0,0.0018609909333111743
17949,2020-08-15,Ontario,1,368,414,32771,0.0024154589371980675,0.0,0.0014464395658116236
17950,2020-08-16,Ontario,1,369,306,33077,0.0032679738562091504,0.0,0.001370651674897682
17951,2020-08-17,Ontario,2,371,416,33493,0.004807692307692308,0.0,0.0015076173104182314
17952,2020-08-18,Ontario,0,371,499,33992,0.0,0.0,0.0013456477606935795
17953,2020-08-19,Ontario,2,373,535,34527,0.003738317757009346,0.0,0.0013093644218327063
17954,2020-08-20,Ontario,0,373,720,35247,0.0,0.0,0.0011876803137772182
17955,2020-08-21,Ontario,5,378,600,35847,0.008333333333333333,0.0,0.0016116268708173001
17956,2020-08-22,Ontario,3,381,466,36313,0.006437768240343348,0.0,0.0018989346781848203
17957,2020-08-23,Ontario,0,381,439,36752,0.0,0.0,0.001665507974169881
17958,2020-08-24,Ontario,0,381,382,37134,0.0,0.0,0.0013221013807632877
17959,2020-08-25,Ontario,0,381,386,37520,0.0,0.0,0.0013221013807632877
17960,2020-08-26,Ontario,3,384,339,37859,0.008849557522123894,0.0,0.0016871899354143267
17961,2020-08-27,Ontario,1,385,456,38315,0.0021929824561403508,0.0,0.0018438315394243515
17962,2020-08-28,Ontario,1,386,396,38711,0.0025252525252525255,0.0,0.001428968624561437
17963,2020-08-29,Ontario,3,389,394,39105,0.007614213197969543,0.0,0.0015130004072490225
17964,2020-08-30,Ontario,2,391,292,39397,0.00684931506849315,0.0,0.002002237197855676
17965,2020-08-31,Ontario,2,393,218,39615,0.009174311926605505,0.0,0.002657545192613212
17966,2020-09-01,Ontario,0,393,332,39947,0.0,0.0,0.002657545192613212
17967,2020-09-02,Ontario,3,396,369,40316,0.008130081300813009,0.0,0.0026061540339481493
17968,2020-09-03,Ontario,2,398,626,40942,0.003194888178913738,0.0,0.0026777187284319627
17969,2020-09-04,Ontario,3,401,400,41342,0.0075,1.0,0.003033057833771068
17970,2020-09-05,Ontario,4,405,450,41792,0.008888888888888889,1.0,0.0031241060974081638
17971,2020-09-06,Ontario,3,408,178,41970,0.016853932584269662,1.0,0.0038387216342493434
17972,2020-09-07,Ontario,5,413,211,42181,0.023696682464454975,1.0,0.0048760338155243044
17973,2020-09-08,Ontario,8,421,452,42633,0.017699115044247787,2.0,0.006140256318684861
17974,2020-09-09,Ontario,2,423,268,42901,0.007462686567164179,1.0,0.006092585266281375
17975,2020-09-10,Ontario,4,427,311,43212,0.012861736334405145,2.0,0.006783074420245045
17976,2020-09-11,Ontario,8,435,1003,44215,0.007976071784646061,2.0,0.006817079547719764
17977,2020-09-12,Ontario,4,439,284,44499,0.014084507042253521,2.0,0.007188195130102952
17978,2020-09-13,Ontario,4,443,396,44895,0.010101010101010102,2.0,0.006705843524155841
17979,2020-09-14,Ontario,1,444,311,45206,0.003215434083601286,2.0,0.00524289721123772
17980,2020-09-15,Ontario,5,449,438,45644,0.01141552511415525,2.0,0.004794069359088252
17981,2020-09-16,Ontario,3,452,373,46017,0.00804289544235925,2.0,0.004835512850173615
17982,2020-09-17,Ontario,2,454,673,46690,0.0029717682020802376,1.0,0.004129086555007551
17983,2020-09-18,Ontario,2,456,520,47210,0.0038461538461538464,1.0,0.003834092416543821
17984,2020-09-19,Ontario,5,461,443,47653,0.011286681715575621,1.0,0.003634247750352543
17985,2020-09-20,Ontario,3,464,266,47919,0.011278195488721804,1.0,0.0037183324209033785
17986,2020-09-21,Ontario,1,465,346,48265,0.002890173410404624,1.0,0.003695099515675045
17987,2020-09-22,Ontario,1,466,414,48679,0.0024154589371980675,1.0,0.003052237645892389
17988,2020-09-23,Ontario,1,467,466,49145,0.002145922746781116,1.0,0.0026310253104939512
17989,2020-09-24,Ontario,2,469,562,49707,0.0035587188612099642,1.0,0.002672950357574646
17990,2020-09-25,Ontario,2,471,677,50384,0.0029542097488921715,1.0,0.0026092400649130976
17991,2020-09-26,Ontario,2,473,542,50926,0.0036900369003690036,0.0,0.002066622578112625
17992,2020-09-27,Ontario,1,474,294,51220,0.003401360544217687,0.0,0.001503991510648045
17993,2020-09-28,Ontario,1,475,299,51519,0.0033444816053511705,0.0,0.0015364420960013703
17994,2020-09-29,Ontario,0,475,453,51972,0.0,0.0,0.0013639093147729368
17995,2020-09-30,Ontario,6,481,798,52770,0.007518796992481203,1.0,0.0017476860466086569
17996,2020-10-01,Ontario,3,484,554,53324,0.005415162454873646,1.0,0.001880289160441777
17997,2020-10-02,Ontario,2,486,551,53875,0.003629764065335753,1.0,0.0019285430401877472
17998,2020-10-03,Ontario,3,489,518,54393,0.005791505791505791,1.0,0.0020786479609832325
17999,2020-10-04,Ontario,2,491,195,54588,0.010256410256410256,1.0,0.002568294368996987
18000,2020-10-05,Ontario,9,500,467,55055,0.019271948608137045,1.0,0.0037059705834816925
18001,2020-10-06,Ontario,2,502,449,55504,0.004454342984409799,1.0,0.004024137939510964
18002,2020-10-07,Ontario,3,505,440,55944,0.006818181818181818,1.0,0.003974093998489579
18003,2020-10-08,Ontario,6,511,1130,57074,0.005309734513274336,1.0,0.003966563431232486
18004,2020-10-09,Ontario,1,512,521,57595,0.0019193857965451055,1.0,0.0038443935548902962
18005,2020-10-10,Ontario,4,516,932,58527,0.004291845493562232,1.0,0.0037372749621800423
18006,2020-10-11,Ontario,3,519,417,58944,0.007194244604316547,2.0,0.0035185488441733487
18007,2020-10-12,Ontario,8,527,442,59386,0.01809954751131222,1.0,0.0034348059086858613
18008,2020-10-13,Ontario,5,532,421,59807,0.011876484560570071,2.0,0.003964958878411595
18009,2020-10-14,Ontario,5,537,795,60602,0.006289308176100629,2.0,0.0039271821896915094
18010,2020-10-15,Ontario,12,549,598,61200,0.020066889632107024,2.0,0.004981264698179559
18011,2020-10-16,Ontario,10,559,721,61921,0.013869625520110958,3.0,0.005834853249862834
18012,2020-10-17,Ontario,17,576,436,62357,0.0389908256880734,4.0,0.00831335183518506
18013,2020-10-18,Ontario,10,586,504,62861,0.01984126984126984,4.0,0.009216710780681722
18014,2020-10-19,Ontario,12,598,421,63282,0.028503562945368172,5.0,0.009959854740257151
18015,2020-10-20,Ontario,5,603,496,63778,0.010080645161290322,5.0,0.009831580497451451
18016,2020-10-21,Ontario,14,617,471,64249,0.029723991507430998,5.0,0.011505486449689335
18017,2020-10-22,Ontario,12,629,751,65000,0.015978695073235686,5.0,0.011213472552627097
18018,2020-10-23,Ontario,6,635,549,65549,0.01092896174863388,5.0,0.011003425140378735
18019,2020-10-24,Ontario,9,644,427,65976,0.02107728337236534,4.0,0.009723886403542445
18020,2020-10-25,Ontario,6,650,422,66398,0.014218009478672985,4.0,0.009322224949071242
18021,2020-10-26,Ontario,13,663,511,66909,0.025440313111545987,4.0,0.009103421389512515
18022,2020-10-27,Ontario,6,669,424,67333,0.014150943396226415,4.0,0.009394156977722235
18023,2020-10-28,Ontario,10,679,643,67976,0.015552099533437015,4.0,0.008381878979579807
18024,2020-10-29,Ontario,18,697,676,68652,0.026627218934911243,4.0,0.009142487826842348
18025,2020-10-30,Ontario,4,701,627,69279,0.006379585326953748,4.0,0.008817532368150909
18026,2020-10-31,Ontario,9,710,464,69743,0.01939655172413793,4.0,0.008697480107563237
18027,2020-11-01,Ontario,11,721,470,70213,0.023404255319148935,5.0,0.009353640524740092
18028,2020-11-02,Ontario,15,736,549,70762,0.0273224043715847,5.0,0.009488075614742856
18029,2020-11-03,Ontario,9,745,455,71217,0.01978021978021978,5.0,0.009890166785028095
18030,2020-11-04,Ontario,13,758,826,72043,0.015738498789346248,5.0,0.009903481017593042
18031,2020-11-05,Ontario,20,778,608,72651,0.03289473684210526,5.0,0.0103511608681069
18032,2020-11-06,Ontario,16,794,653,73304,0.02450229709035222,6.0,0.011645640279778218
18033,2020-11-07,Ontario,28,822,551,73855,0.050816696914700546,8.0,0.013889936364818405
18034,2020-11-08,Ontario,7,829,255,74110,0.027450980392156862,7.0,0.014178988155747543
18035,2020-11-09,Ontario,19,848,704,74814,0.026988636363636364,8.0,0.014155147583751233
18036,2020-11-10,Ontario,22,870,858,75672,0.02564102564102564,8.0,0.014573776573808797
18037,2020-11-11,Ontario,19,889,759,76431,0.025032938076416336,9.0,0.015237665094313802
18038,2020-11-12,Ontario,23,912,747,77178,0.030789825970548863,9.0,0.01508731431777406
18039,2020-11-13,Ontario,27,939,603,77781,0.04477611940298507,10.0,0.016535444482962118
18040,2020-11-14,Ontario,16,955,446,78227,0.03587443946188341,9.0,0.015468140379189465
18041,2020-11-15,Ontario,14,969,451,78678,0.031042128603104215,10.0,0.015724650965685708
18042,2020-11-16,Ontario,17,986,604,79282,0.028145695364238412,9.0,0.01580729803715728
18043,2020-11-17,Ontario,22,1008,652,79934,0.03374233128834356,9.0,0.016385962726251417
18044,2020-11-18,Ontario,14,1022,1434,81368,0.009762900976290097,9.0,0.015295245790528114
18045,2020-11-19,Ontario,17,1039,512,81880,0.033203125,9.0,0.015467624292631767
18046,2020-11-20,Ontario,33,1072,1052,82932,0.03136882129277566,9.0,0.014509960141902523
18047,2020-11-21,Ontario,15,1087,1699,84631,0.008828722778104767,9.0,0.012578123235918335
18048,2020-11-22,Ontario,42,1129,1719,86350,0.02443280977312391,11.0,0.012106029033776887
18049,2020-11-23,Ontario,6,1135,769,87119,0.007802340702210663,10.0,0.010652932272203475
18050,2020-11-24,Ontario,29,1164,682,87801,0.04252199413489736,11.0,0.011280051046957318
18051,2020-11-25,Ontario,38,1202,800,88601,0.0475,12.0,0.013975558120079456
18052,2020-11-26,Ontario,48,1250,962,89563,0.0498960498960499,15.0,0.015167909898368732
18053,2020-11-27,Ontario,23,1273,619,90182,0.03715670436187399,14.0,0.015581330117590041
18054,2020-11-28,Ontario,31,1304,618,90800,0.05016181229773463,15.0,0.018533693654706456
18055,2020-11-29,Ontario,22,1326,705,91505,0.031205673758865248,14.0,0.019017469653687984
18056,2020-11-30,Ontario,28,1354,517,92022,0.05415860735009671,15.0,0.02232863155710842
18057,2020-12-01,Ontario,36,1390,786,92808,0.04580152671755725,16.0,0.02256288388444127
18058,2020-12-02,Ontario,57,1447,902,93710,0.06319290465631928,17.0,0.023683805645606928
18059,2020-12-03,Ontario,74,1521,1056,94766,0.07007575757575757,19.0,0.025125213337014618
18060,2020-12-04,Ontario,54,1575,980,95746,0.05510204081632653,21.0,0.02640702308376123
18061,2020-12-05,Ontario,54,1629,874,96620,0.06178489702517163,23.0,0.0272372434214353
18062,2020-12-06,Ontario,30,1659,381,97001,0.07874015748031496,23.0,0.030632563687253138
18063,2020-12-07,Ontario,28,1687,411,97412,0.0681265206812652,23.0,0.03163027178233661
18064,2020-12-08,Ontario,77,1764,1091,98503,0.07057745187901009,26.0,0.033399980722440374
18065,2020-12-09,Ontario,87,1851,1076,99579,0.08085501858736059,28.0,0.03466156028894333
18066,2020-12-10,Ontario,69,1920,1069,100648,0.06454630495790459,28.0,0.034266599387668115
18067,2020-12-11,Ontario,75,1995,1101,101749,0.0681198910081744,30.0,0.03519644582994296
18068,2020-12-12,Ontario,58,2053,662,102411,0.08761329305135952,30.0,0.03704133126038495
18069,2020-12-13,Ontario,55,2108,1009,103420,0.05450941526263627,32.0,0.03531056395912219
18070,2020-12-14,Ontario,46,2154,602,104022,0.07641196013289037,33.0,0.0359023810628097
18071,2020-12-15,Ontario,49,2203,836,104858,0.05861244019138756,31.0,0.03504773737083667
18072,2020-12-16,Ontario,80,2283,1015,105873,0.07881773399014778,30.0,0.034902217042464316
18073,2020-12-17,Ontario,84,2367,1197,107070,0.07017543859649122,31.0,0.035304298016649076
18074,2020-12-18,Ontario,79,2446,937,108007,0.08431163287086446,32.0,0.036460851006841224
18075,2020-12-19,Ontario,62,2508,1076,109083,0.05762081784386617,32.0,0.03431853134916313
18076,2020-12-20,Ontario,60,2568,932,110015,0.06437768240343347,32.0,0.03502340757350579
18077,2020-12-21,Ontario,45,2613,556,110571,0.08093525179856115,32.0,0.03534649983533942
18078,2020-12-22,Ontario,88,2701,702,111273,0.12535612535612536,35.0,0.040113905918534976
18079,2020-12-23,Ontario,60,2761,956,112229,0.06276150627615062,34.0,0.03896703251039232
18080,2020-12-24,Ontario,77,2838,1151,113380,0.06689834926151172,33.0,0.038732954700750936
18081,2020-12-25,Ontario,61,2899,1183,114563,0.05156382079459002,32.0,0.03639382526673133
18082,2020-12-26,Ontario,34,2933,425,114988,0.08,30.0,0.037992338277883744
18083,2020-12-27,Ontario,74,3007,642,115630,0.11526479750778816,31.0,0.041627132213909075
18084,2020-12-28,Ontario,66,3073,598,116228,0.11036789297658862,32.0,0.043729463726625326
18085,2020-12-29,Ontario,89,3162,649,116877,0.13713405238828968,32.0,0.04457074422892277
18086,2020-12-30,Ontario,92,3254,1051,117928,0.08753568030447194,35.0,0.04634032808808858
18087,2020-12-31,Ontario,111,3365,1078,119006,0.10296846011131726,37.0,0.0489167645773604
18088,2021-01-01,Ontario,92,3457,1013,120019,0.09081934846989141,39.0,0.051720730839881934
18089,2021-01-02,Ontario,92,3549,824,120843,0.11165048543689321,44.0,0.053981479799660025
18090,2021-01-03,Ontario,103,3652,664,121507,0.15512048192771086,46.0,0.05682831440108307
18091,2021-01-04,Ontario,58,3710,627,122134,0.09250398724082935,45.0,0.05555232113424312
18092,2021-01-05,Ontario,100,3810,741,122875,0.1349527665317139,46.0,0.055396515001630564
18093,2021-01-06,Ontario,90,3900,1273,124148,0.07069913589945012,46.0,0.05419390468698615
18094,2021-01-07,Ontario,136,4036,1237,125385,0.1099434114793856,47.0,0.054692115498991035
18095,2021-01-08,Ontario,89,4125,1053,126438,0.08452041785375118,47.0,0.05424219188355244
18096,2021-01-09,Ontario,72,4197,1085,127523,0.0663594470046083,46.0,0.051007117709817806
18097,2021-01-10,Ontario,58,4255,684,128207,0.0847953216374269,43.0,0.045983891974797526
18098,2021-01-11,Ontario,81,4336,670,128877,0.1208955223880597,44.0,0.04801185877102827
18099,2021-01-12,Ontario,48,4384,616,129493,0.07792207792207792,41.0,0.04393823815605426
18100,2021-01-13,Ontario,61,4445,1107,130600,0.05510388437217705,38.0,0.0428242916183919
18101,2021-01-14,Ontario,83,4528,1419,132019,0.058491895701198025,35.0,0.03914918334852136
18102,2021-01-15,Ontario,64,4592,1143,133162,0.05599300087489064,33.0,0.037111510707174174
18103,2021-01-16,Ontario,55,4647,1121,134283,0.04906333630686887,32.0,0.03587607422876422
18104,2021-01-17,Ontario,47,4694,944,135227,0.04978813559322034,31.0,0.03337556093989232
18105,2021-01-18,Ontario,36,4730,857,136084,0.042007001166861145,28.0,0.027740666566949568
18106,2021-01-19,Ontario,40,4770,884,136968,0.04524886877828054,27.0,0.025406865913821186
18107,2021-01-20,Ontario,45,4815,840,137808,0.05357142857142857,26.0,0.025297404785196292
18108,2021-01-21,Ontario,40,4855,1433,139241,0.027913468248429867,23.0,0.023113231395712856
18109,2021-01-22,Ontario,49,4904,1569,140810,0.03123008285532186,22.0,0.02134445153717223
18110,2021-01-23,Ontario,35,4939,1248,142058,0.028044871794871796,20.0,0.019843132643458154
18111,2021-01-24,Ontario,30,4969,839,142897,0.03575685339690107,19.0,0.01884089820086392
18112,2021-01-25,Ontario,30,4999,852,143749,0.035211267605633804,19.0,0.01835548866077625
18113,2021-01-26,Ontario,33,5032,890,144639,0.03707865168539326,18.0,0.017771901725570017
18114,2021-01-27,Ontario,48,5080,937,145576,0.051227321237993596,18.0,0.017604465487467517
18115,2021-01-28,Ontario,36,5116,1280,146856,0.028125,18.0,0.01761957489829396
18116,2021-01-29,Ontario,31,5147,1025,147881,0.03024390243902439,17.0,0.017549133439986996
18117,2021-01-30,Ontario,34,5181,1177,149058,0.02888700084961767,17.0,0.017609285515325986
18118,2021-01-31,Ontario,24,5205,640,149698,0.0375,16.0,0.017733795986975907
18119,2021-02-01,Ontario,11,5216,404,150102,0.027227722772277228,15.0,0.017163542784593297
18120,2021-02-02,Ontario,21,5237,553,150655,0.0379746835443038,14.0,0.017227545060229766
18121,2021-02-03,Ontario,41,5278,816,151471,0.05024509803921569,14.0,0.017157386260317056
18122,2021-02-04,Ontario,22,5300,828,152299,0.026570048309178744,13.0,0.017046318282401253
18123,2021-02-05,Ontario,29,5329,1068,153367,0.027153558052434457,13.0,0.01682557939764483
18124,2021-02-06,Ontario,26,5355,1367,154734,0.019019751280175568,12.0,0.01612077585697039
18125,2021-02-07,Ontario,28,5383,734,155468,0.03814713896457766,12.0,0.01616700006872594
18126,2021-02-08,Ontario,14,5397,338,155806,0.04142011834319527,12.0,0.0171807426095058
18127,2021-02-09,Ontario,21,5418,634,156440,0.033123028391167195,12.0,0.016834195812853187
18128,2021-02-10,Ontario,28,5446,1133,157573,0.02471315092674316,12.0,0.015010485304819434
18129,2021-02-11,Ontario,14,5460,769,158342,0.018205461638491547,11.0,0.014413014828341775
18130,2021-02-12,Ontario,10,5470,1209,159551,0.008271298593879239,10.0,0.013064282009873546
18131,2021-02-13,Ontario,24,5494,833,160384,0.028811524609843937,9.0,0.013763694390564143
18132,2021-02-14,Ontario,21,5515,974,161358,0.021560574948665298,9.0,0.012578939817998973
18133,2021-02-15,Ontario,18,5533,375,161733,0.048,9.0,0.013048931364913597
18134,2021-02-16,Ontario,21,5554,662,162395,0.03172205438066465,9.0,0.012948861792734846
18135,2021-02-17,Ontario,28,5582,656,163051,0.042682926829268296,9.0,0.014232417214343781
18136,2021-02-18,Ontario,23,5605,813,163864,0.028290282902829027,10.0,0.014952761590367888
18137,2021-02-19,Ontario,21,5626,879,164743,0.023890784982935155,11.0,0.01606843918958617
18138,2021-02-20,Ontario,20,5646,1317,166060,0.015186028853454821,10.0,0.015095189492701234
18139,2021-02-21,Ontario,22,5668,623,166683,0.03531300160513644,10.0,0.016077505682449172
18140,2021-02-22,Ontario,13,5681,497,167180,0.026156941649899398,10.0,0.01451728722887056
18141,2021-02-23,Ontario,18,5699,703,167883,0.025604551920341393,10.0,0.014080322767418897
18142,2021-02-24,Ontario,32,5731,1114,168997,0.02872531418312388,10.0,0.013083350435551436
18143,2021-02-25,Ontario,19,5750,929,169926,0.02045209903121636,10.0,0.012523480159007673
18144,2021-02-26,Ontario,14,5764,1618,171544,0.00865265760197775,9.0,0.011435042488939288
18145,2021-02-27,Ontario,27,5791,1149,172693,0.02349869451697128,10.0,0.012028804322047606
18146,2021-02-28,Ontario,10,5801,811,173504,0.012330456226880395,9.0,0.01038719393788646
18147,2021-03-01,Ontario,12,5813,263,173767,0.045627376425855515,9.0,0.011777939279026184
18148,2021-03-02,Ontario,26,5839,675,174442,0.03851851851851852,10.0,0.012700365464610263
18149,2021-03-03,Ontario,19,5858,991,175433,0.01917255297679112,9.0,0.01201802537844364
18150,2021-03-04,Ontario,18,5876,1430,176863,0.012587412587412588,9.0,0.011456262061029083
18151,2021-03-05,Ontario,22,5898,1197,178060,0.018379281537176273,9.0,0.012151020913543266
18152,2021-03-06,Ontario,16,5914,1106,179166,0.014466546112115732,8.0,0.011505867456053583
18153,2021-03-07,Ontario,11,5925,549,179715,0.020036429872495445,8.0,0.012056294145026085
18154,2021-03-08,Ontario,10,5935,311,180026,0.03215434083601286,8.0,0.011093934460037324
18155,2021-03-09,Ontario,15,5950,689,180715,0.02177068214804064,7.0,0.009897660433574618
18156,2021-03-10,Ontario,14,5964,1113,181828,0.012578616352201259,7.0,0.009426664960389628
18157,2021-03-11,Ontario,18,5982,1308,183136,0.013761467889908258,7.0,0.009510526053425034
18158,2021-03-12,Ontario,7,5989,886,184022,0.007900677200902935,6.0,0.008762054315119795
18159,2021-03-13,Ontario,25,6014,1152,185174,0.021701388888888888,7.0,0.00927882879917502
18160,2021-03-14,Ontario,16,6030,384,185558,0.041666666666666664,7.0,0.010823845713044391
18161,2021-03-15,Ontario,15,6045,472,186030,0.03177966101694915,7.0,0.010797082868825556
18162,2021-03-16,Ontario,9,6054,605,186635,0.01487603305785124,7.0,0.010304607933812026
18163,2021-03-17,Ontario,21,6075,1283,187918,0.01636788776305534,7.0,0.010575270177444461
18164,2021-03-18,Ontario,21,6096,1289,189207,0.016291698991466253,8.0,0.01075600097041289
18165,2021-03-19,Ontario,21,6117,1227,190434,0.017114914425427872,9.0,0.011414160772164672
18166,2021-03-20,Ontario,29,6146,1127,191561,0.025732031943212066,9.0,0.011702063847473469
18167,2021-03-21,Ontario,8,6154,432,191993,0.018518518518518517,8.0,0.010048624694034317
18168,2021-03-22,Ontario,17,6171,468,192461,0.03632478632478633,9.0,0.010373276501736972
18169,2021-03-23,Ontario,18,6189,759,193220,0.023715415019762844,9.0,0.011004660927587801
18170,2021-03-24,Ontario,21,6210,1060,194280,0.01981132075471698,9.0,0.011250620426992207
18171,2021-03-25,Ontario,23,6233,1421,195701,0.01618578465869106,9.0,0.01124305511750826
18172,2021-03-26,Ontario,29,6262,1064,196765,0.02725563909774436,10.0,0.011967392594102297
18173,2021-03-27,Ontario,21,6283,1207,197972,0.01739850869925435,9.0,0.011372140933819604
18174,2021-03-28,Ontario,14,6297,721,198693,0.019417475728155338,10.0,0.011436352163079377
18175,2021-03-29,Ontario,13,6310,466,199159,0.027896995708154508,9.0,0.010834367119034247
18176,2021-03-30,Ontario,23,6333,841,200000,0.027348394768133173,10.0,0.011093865672489269
18177,2021-03-31,Ontario,21,6354,895,200895,0.02346368715083799,10.0,0.011354748986497912
18178,2021-04-01,Ontario,36,6390,1131,202026,0.03183023872679045,11.0,0.012472209991362155
18179,2021-04-02,Ontario,28,6418,1175,203201,0.023829787234042554,11.0,0.012227506286812026
18180,2021-04-03,Ontario,17,6435,1319,204520,0.01288855193328279,10.0,0.011905366517814058
18181,2021-04-04,Ontario,41,6476,525,205045,0.07809523809523809,12.0,0.016096635258319968
18182,2021-04-05,Ontario,14,6490,474,205519,0.029535864978902954,12.0,0.016213697349087713
18183,2021-04-06,Ontario,29,6519,769,206288,0.0377113133940182,13.0,0.016953905822365216
18184,2021-04-07,Ontario,51,6570,1004,207292,0.05079681274900399,15.0,0.01890627193651993
18185,2021-04-08,Ontario,41,6611,1382,208674,0.029667149059334298,15.0,0.018751765531701634
18186,2021-04-09,Ontario,47,6658,1114,209788,0.0421903052064632,17.0,0.020063231101160255
18187,2021-04-10,Ontario,31,6689,1410,211198,0.02198581560283688,18.0,0.020713035648985544
18188,2021-04-11,Ontario,31,6720,530,211728,0.05849056603773585,17.0,0.019312701930592528
18189,2021-04-12,Ontario,20,6740,477,212205,0.041928721174004195,17.0,0.02019790594452833
18190,2021-04-13,Ontario,25,6765,722,212927,0.03462603878116344,17.0,0.019977529186467273
18191,2021-04-14,Ontario,46,6811,1017,213944,0.04523107177974434,17.0,0.019579976260091586
18192,2021-04-15,Ontario,17,6828,1082,215026,0.015711645101663587,15.0,0.018583154548829393
18193,2021-04-16,Ontario,30,6858,1007,216033,0.029791459781529295,14.0,0.017697522732762688
18194,2021-04-17,Ontario,29,6887,1300,217333,0.022307692307692306,14.0,0.017720513925966647
18195,2021-04-18,Ontario,15,6902,536,217869,0.027985074626865673,13.0,0.015541550253761633
18196,2021-04-19,Ontario,18,6920,432,218301,0.041666666666666664,12.0,0.015522832074666093
18197,2021-04-20,Ontario,19,6939,625,218926,0.0304,12.0,0.015220972161725849
18198,2021-04-21,Ontario,15,6954,900,219826,0.016666666666666666,10.0,0.013180657510791728
18199,2021-04-22,Ontario,19,6973,1035,220861,0.018357487922705314,10.0,0.01336964628372328
18200,2021-04-23,Ontario,19,6992,1059,221920,0.01794145420207743,9.0,0.012523217313762432
18201,2021-04-24,Ontario,21,7013,1211,223131,0.017341040462427744,9.0,0.012168456467672105
18202,2021-04-25,Ontario,16,7029,508,223639,0.031496062992125984,9.0,0.012419241350904985
18203,2021-04-26,Ontario,14,7043,507,224146,0.027613412228796843,8.0,0.011415437462485713
18204,2021-04-27,Ontario,20,7063,460,224606,0.043478260869565216,8.0,0.012349598953168941
18205,2021-04-28,Ontario,25,7088,1083,225689,0.023084025854108958,9.0,0.012807981752271963
18206,2021-04-29,Ontario,23,7111,1092,226781,0.021062271062271064,9.0,0.013001180547955233
18207,2021-04-30,Ontario,18,7129,1038,227819,0.017341040462427744,9.0,0.012958293852265967
18208,2021-05-01,Ontario,25,7154,1096,228915,0.02281021897810219,10.0,0.01334894946052843
18209,2021-05-02,Ontario,15,7169,510,229425,0.029411764705882353,10.0,0.013200071011511025
18210,2021-05-03,Ontario,17,7186,277,229702,0.061371841155234655,10.0,0.015611387363399442
18211,2021-05-04,Ontario,6,7192,646,230348,0.009287925696594427,9.0,0.0131692205653301
18212,2021-05-05,Ontario,20,7212,803,231151,0.024906600249066,8.0,0.013299404450684173
18213,2021-05-06,Ontario,22,7234,829,231980,0.026537997587454766,8.0,0.013690527773911582
18214,2021-05-07,Ontario,13,7247,1087,233067,0.011959521619135235,8.0,0.01330613357081926
18215,2021-05-08,Ontario,11,7258,878,233945,0.012528473804100227,7.0,0.012571723201247692
18216,2021-05-09,Ontario,1,7259,587,234532,0.0017035775127768314,6.0,0.010592566973168724
18217,2021-05-10,Ontario,8,7267,418,234950,0.019138755980861243,5.0,0.007575918032142053
18218,2021-05-11,Ontario,5,7272,518,235468,0.009652509652509652,5.0,0.007601959743278854
18219,2021-05-12,Ontario,11,7283,749,236217,0.014686248331108143,5.0,0.006871934606281864
18220,2021-05-13,Ontario,6,7289,836,237053,0.007177033492822967,3.0,0.00548900859952245
18221,2021-05-14,Ontario,10,7299,806,237859,0.01240694789081886,3.0,0.005520967618928423
18222,2021-05-15,Ontario,12,7311,860,238719,0.013953488372093023,3.0,0.005622754373785051
18223,2021-05-16,Ontario,8,7319,483,239202,0.016563146997929608,4.0,0.006684152194153107
18224,2021-05-17,Ontario,4,7323,364,239566,0.01098901098901099,4.0,0.006102027551878089
18225,2021-05-18,Ontario,7,7330,549,240115,0.012750455373406194,4.0,0.006323309389084985
18226,2021-05-19,Ontario,8,7338,653,240768,0.01225114854517611,3.0,0.006149373690089839
18227,2021-05-20,Ontario,6,7344,742,241510,0.008086253369272238,3.0,0.006214317966979073
18228,2021-05-21,Ontario,11,7355,670,242180,0.016417910447761194,4.0,0.006500815292474954
18229,2021-05-22,Ontario,5,7360,535,242715,0.009345794392523364,3.0,0.006171694293934263
18230,2021-05-23,Ontario,2,7362,482,243197,0.004149377593360996,3.0,0.00528499647932222
18231,2021-05-24,Ontario,3,7365,229,243426,0.013100436681222707,3.0,0.005435812600194485
18232,2021-05-25,Ontario,2,7367,462,243888,0.004329004329004329,2.0,0.004834280382737211
18233,2021-05-26,Ontario,4,7371,454,244342,0.00881057268722467,2.0,0.004588524964312107
18234,2021-05-27,Ontario,6,7377,528,244870,0.011363636363636364,2.0,0.004822623749623831
18235,2021-05-28,Ontario,0,7377,528,245398,0.0,1.0,0.0036499158604980306
18236,2021-05-29,Ontario,4,7381,596,245994,0.006711409395973154,1.0,0.003461745503601587
18237,2021-05-30,Ontario,3,7384,427,246421,0.00702576112412178,1.0,0.0036672014700845
18238,2021-05-31,Ontario,1,7385,186,246607,0.005376344086021506,1.0,0.0031154805704272717
18239,2021-06-01,Ontario,5,7390,179,246786,0.027932960893854747,1.0,0.004801477467916587
18240,2021-06-02,Ontario,2,7392,516,247302,0.003875968992248062,1.0,0.004449005775418258
18241,2021-06-03,Ontario,2,7394,662,247964,0.0030211480362537764,1.0,0.0038531137520337877
18242,2021-06-04,Ontario,1,7395,682,248646,0.001466275659824047,1.0,0.003957847727735505
18243,2021-06-05,Ontario,2,7397,519,249165,0.0038535645472061657,1.0,0.0037537159528235778
18244,2021-06-06,Ontario,0,7397,332,249497,0.0,0.0,0.003251875872529165
18245,2021-06-07,Ontario,3,7400,275,249772,0.01090909090909091,1.0,0.003647072074176979
18246,2021-06-08,Ontario,1,7401,371,250143,0.0026954177897574125,0.0,0.0018443904238843122
18247,2021-06-09,Ontario,1,7402,574,250717,0.0017421602787456446,0.0,0.0016919755157769965
18248,2021-06-10,Ontario,0,7402,560,251277,0.0,0.0,0.0014761792274731555
18249,2021-06-11,Ontario,1,7403,485,251762,0.002061855670103093,0.0,0.001518720656778802
18250,2021-06-12,Ontario,0,7403,533,252295,0.0,0.0,0.0012434660462640758
18251,2021-06-13,Ontario,2,7405,203,252498,0.009852216748768473,0.0,0.0019471958140332524
18252,2021-06-14,Ontario,1,7406,258,252756,0.003875968992248062,0.0,0.0014448299628301918
18253,2021-06-15,Ontario,0,7406,578,253334,0.0,0.0,0.0012523001207046624
18254,2021-06-16,Ontario,0,7406,313,253647,0.0,0.0,0.0011278601007942593
18255,2021-06-17,Ontario,2,7408,322,253969,0.006211180124223602,0.0,0.0015715158239530877
18256,2021-06-18,Ontario,0,7408,409,254378,0.0,0.0,0.001424240418945724
18257,2021-06-19,Ontario,0,7408,245,254623,0.0,0.0,0.001424240418945724
18258,2021-06-20,Ontario,0,7408,177,254800,0.0,0.0,0.0007205106511765474
18259,2021-06-21,Ontario,0,7408,145,254945,0.0,0.0,0.0004436557231588287
18260,2021-06-22,Ontario,2,7410,241,255186,0.008298755186721992,0.0,0.0010364239507818281
18261,2021-06-23,Ontario,0,7410,288,255474,0.0,0.0,0.0010364239507818281
18262,2021-06-24,Ontario,0,7410,226,255700,0.0,0.0,0.0005927682276229994
18263,2021-06-25,Ontario,0,7410,303,256003,0.0,0.0,0.0005927682276229994
18264,2021-06-26,Ontario,0,7410,234,256237,0.0,0.0,0.0005927682276229994
18265,2021-06-27,Ontario,0,7410,126,256363,0.0,0.0,0.0005927682276229994
18266,2021-06-28,Ontario,0,7410,153,256516,0.0,0.0,0.0005927682276229994
18267,2021-06-29,Ontario,1,7411,215,256731,0.004651162790697674,0.0,0.0003322259136212625
18268,2021-06-30,Ontario,0,7411,224,256955,0.0,0.0,0.0003322259136212625
18269,2021-07-01,Ontario,0,7411,193,257148,0.0,0.0,0.0003322259136212625
18270,2021-07-02,Ontario,1,7412,225,257373,0.0044444444444444444,0.0,0.00064968623108158
18271,2021-07-03,Ontario,2,7414,221,257594,0.00904977375565611,0.0,0.0012960986421998734
18272,2021-07-04,Ontario,1,7415,150,257744,0.006666666666666667,0.0,0.0017722891183903496
18273,2021-07-05,Ontario,2,7417,90,257834,0.022222222222222223,0.0,0.003359590705691937
18274,2021-07-06,Ontario,0,7417,128,257962,0.0,0.0,0.0030273647920706745
18275,2021-07-07,Ontario,1,7418,208,258170,0.004807692307692308,0.0,0.0033707713854772684
18276,2021-07-08,Ontario,4,7422,253,258423,0.015810276679841896,0.0,0.004500076862608832
18277,2021-07-09,Ontario,3,7425,202,258625,0.01485148514851485,0.0,0.005243436912899575
18278,2021-07-10,Ontario,2,7427,171,258796,0.011695906432748537,0.0,0.005432446389834749
18279,2021-07-11,Ontario,4,7431,234,259030,0.017094017094017096,1.0,0.006177257134645494
18280,2021-07-12,Ontario,0,7431,88,259118,0.0,1.0,0.004589955547343906
18281,2021-07-13,Ontario,0,7431,97,259215,0.0,1.0,0.004589955547343906
18282,2021-07-14,Ontario,1,7432,240,259455,0.004166666666666667,1.0,0.00454416800155636
18283,2021-07-15,Ontario,0,7432,168,259623,0.0,0.0,0.0034148625244247964
18284,2021-07-16,Ontario,3,7435,126,259749,0.023809523809523808,0.0,0.004054722428782579
18285,2021-07-17,Ontario,1,7436,240,259989,0.004166666666666667,0.0,0.0035169195883481595
18286,2021-07-18,Ontario,3,7439,148,260137,0.02027027027027027,0.0,0.0037437948152233866
18287,2021-07-19,Ontario,4,7443,134,260271,0.029850746268656716,0.0,0.005875990977270295
18288,2021-07-20,Ontario,5,7448,233,260504,0.02145922746781116,1.0,0.007408792939256807
18289,2021-07-21,Ontario,2,7450,212,260716,0.009433962264150943,1.0,0.007785028339077112
18290,2021-07-22,Ontario,7,7457,255,260971,0.027450980392156862,1.0,0.009745812652802601
18291,2021-07-23,Ontario,5,7462,206,261177,0.024271844660194174,1.0,0.00977883557070763
18292,2021-07-24,Ontario,16,7478,229,261406,0.06986899563318777,3.0,0.014471859068316276
18293,2021-07-25,Ontario,1,7479,101,261507,0.009900990099009901,2.0,0.013731196198940537
18294,2021-07-26,Ontario,5,7484,224,261731,0.022321428571428572,2.0,0.013193387791995668
18295,2021-07-27,Ontario,10,7494,383,262114,0.02610966057441253,3.0,0.01352556158532434
18296,2021-07-28,Ontario,5,7499,277,262391,0.018050541516245487,3.0,0.01414103153190252
18297,2021-07-29,Ontario,9,7508,252,262643,0.03571428571428571,3.0,0.014731267626340295
18298,2021-07-30,Ontario,7,7515,221,262864,0.03167420814479638,3.0,0.015260007875240454
18299,2021-07-31,Ontario,11,7526,235,263099,0.04680851063829787,3.0,0.013612830375605461
18300,2021-08-01,Ontario,6,7532,196,263295,0.030612244897959183,3.0,0.015092205718387552
18301,2021-08-02,Ontario,2,7534,158,263453,0.012658227848101266,3.0,0.014401977095292744
18302,2021-08-03,Ontario,3,7537,325,263778,0.009230769230769232,3.0,0.013196341999318222
18303,2021-08-04,Ontario,6,7543,297,264075,0.020202020202020204,3.0,0.01335001904830213
18304,2021-08-05,Ontario,6,7549,149,264224,0.040268456375838924,2.0,0.01367531695269879
18305,2020-03-01,Orange,0,0,0,0,,,
18306,2020-03-02,Orange,0,0,0,0,,,
18307,2020-03-03,Orange,0,0,0,0,,,
18308,2020-03-04,Orange,0,0,0,0,,,
18309,2020-03-05,Orange,0,0,0,0,,,
18310,2020-03-06,Orange,0,0,0,0,,,
18311,2020-03-07,Orange,0,0,0,0,,0.0,
18312,2020-03-08,Orange,0,0,0,0,,0.0,
18313,2020-03-09,Orange,0,0,1,1,0.0,0.0,
18314,2020-03-10,Orange,0,0,0,1,,0.0,
18315,2020-03-11,Orange,1,1,4,5,0.25,0.0,
18316,2020-03-12,Orange,0,1,12,17,0.0,0.0,
18317,2020-03-13,Orange,5,6,22,39,0.22727272727272727,0.0,
18318,2020-03-14,Orange,0,6,12,51,0.0,0.0,
18319,2020-03-15,Orange,5,11,36,87,0.1388888888888889,0.0,
18320,2020-03-16,Orange,4,15,36,123,0.1111111111111111,1.0,
18321,2020-03-17,Orange,17,32,83,206,0.20481927710843373,2.0,0.06657800031294007
18322,2020-03-18,Orange,19,51,94,300,0.20212765957446807,3.0,0.06315854742540207
18323,2020-03-19,Orange,33,84,180,480,0.18333333333333332,5.0,0.07625378552064017
18324,2020-03-20,Orange,79,163,377,857,0.20954907161803712,11.0,0.07498781011673372
18325,2020-03-21,Orange,84,247,393,1250,0.21374045801526717,17.0,0.09025498568925282
18326,2020-03-22,Orange,142,389,472,1722,0.3008474576271186,27.0,0.10182345488484065
18327,2020-03-23,Orange,109,498,340,2062,0.3205882352941177,34.0,0.11678610661219826
18328,2020-03-24,Orange,140,638,298,2360,0.4697986577181208,43.0,0.13571320522717592
18329,2020-03-25,Orange,113,751,322,2682,0.35093167701863354,50.0,0.14634206361604485
18330,2020-03-26,Orange,160,911,394,3076,0.40609137055837563,59.0,0.1622533519892622
18331,2020-03-27,Orange,190,1101,498,3574,0.3815261044176707,67.0,0.17453742576066458
18332,2020-03-28,Orange,146,1247,373,3947,0.3914209115281501,71.0,0.18722888672587049
18333,2020-03-29,Orange,188,1435,394,4341,0.47715736040609136,74.0,0.19982245121008285
18334,2020-03-30,Orange,121,1556,306,4647,0.3954248366013072,75.0,0.20516792273202497
18335,2020-03-31,Orange,200,1756,477,5124,0.4192872117400419,79.0,0.20155996230501932
18336,2020-04-01,Orange,237,1993,628,5752,0.37738853503184716,88.0,0.20344973787739168
18337,2020-04-02,Orange,404,2397,1114,6866,0.362657091561939,106.0,0.2003472893776462
18338,2020-04-03,Orange,344,2741,1046,7912,0.32887189292543023,117.0,0.19658627427105763
18339,2020-04-04,Orange,361,3102,1077,8989,0.33519034354688954,132.0,0.19256980512953903
18340,2020-04-05,Orange,295,3397,827,9816,0.3567110036275695,140.0,0.18396649393107317
18341,2020-04-06,Orange,202,3599,604,10420,0.3344370860927152,145.0,0.1796102260376023
18342,2020-04-07,Orange,266,3865,711,11131,0.37412095639943743,150.0,0.17638406494184486
18343,2020-04-08,Orange,225,4090,578,11709,0.3892733564013841,149.0,0.17723298075395463
18344,2020-04-09,Orange,442,4532,1335,13044,0.3310861423220974,152.0,0.17497791295110884
18345,2020-04-10,Orange,315,4847,879,13923,0.3583617747440273,150.0,0.1770843330810086
18346,2020-04-11,Orange,180,5027,563,14486,0.3197158081705151,137.0,0.1759790091255533
18347,2020-04-12,Orange,155,5182,492,14978,0.3150406504065041,127.0,0.17300255532404862
18348,2020-04-13,Orange,396,5578,1161,16139,0.34108527131782945,141.0,0.17347742569727106
18349,2020-04-14,Orange,138,5716,341,16480,0.4046920821114369,132.0,0.17566107753384247
18350,2020-04-15,Orange,172,5888,521,17001,0.33013435700575816,128.0,0.17143686329129773
18351,2020-04-16,Orange,196,6084,512,17513,0.3828125,110.0,0.17513160312543366
18352,2020-04-17,Orange,182,6266,575,18088,0.3165217391304348,101.0,0.17214302915303417
18353,2020-04-18,Orange,113,6379,411,18499,0.2749391727493917,96.0,0.16894469805152537
18354,2020-04-19,Orange,103,6482,278,18777,0.37050359712230213,92.0,0.1729063371026538
18355,2020-04-20,Orange,79,6561,298,19075,0.2651006711409396,70.0,0.16747886566144737
18356,2020-04-21,Orange,129,6690,430,19505,0.3,69.0,0.16000085979634474
18357,2020-04-22,Orange,126,6816,399,19904,0.3157894736842105,66.0,0.15897622527337704
18358,2020-04-23,Orange,339,7155,1213,21117,0.27947238252267104,76.0,0.1515947883107107
18359,2020-04-24,Orange,818,7973,2748,23865,0.29767103347889373,121.0,0.15024830933560063
18360,2020-04-25,Orange,133,8106,643,24508,0.20684292379471228,123.0,0.14538429155312355
18361,2020-04-26,Orange,132,8238,587,25095,0.22487223168654175,125.0,0.13498205116485493
18362,2020-04-27,Orange,136,8374,645,25740,0.21085271317829457,129.0,0.13110719702466597
18363,2020-04-28,Orange,114,8488,602,26342,0.1893687707641196,128.0,0.12320496636496024
18364,2020-04-29,Orange,162,8650,880,27222,0.18409090909090908,131.0,0.1137979260368673
18365,2020-04-30,Orange,101,8751,787,28009,0.12833545108005082,114.0,0.10300243093382298
18366,2020-05-01,Orange,159,8910,839,28848,0.18951132300357568,66.0,0.09527673732844312
18367,2020-05-02,Orange,57,8967,510,29358,0.11176470588235295,61.0,0.08848543604898888
18368,2020-05-03,Orange,48,9015,421,29779,0.11401425178147269,55.0,0.08056700891291253
18369,2020-05-04,Orange,129,9144,869,30648,0.14844649021864212,55.0,0.07610942155865164
18370,2020-05-05,Orange,71,9215,509,31157,0.13948919449901767,51.0,0.07254659468257293
18371,2020-05-06,Orange,113,9328,1181,32338,0.09568162574089754,48.0,0.06623164587185781
18372,2020-05-07,Orange,74,9402,842,33180,0.08788598574821853,46.0,0.06334239834815551
18373,2020-05-08,Orange,84,9486,690,33870,0.12173913043478261,41.0,0.05850152745038458
18374,2020-05-09,Orange,57,9543,535,34405,0.10654205607476636,41.0,0.05812848103555697
18375,2020-05-10,Orange,41,9584,402,34807,0.10199004975124377,40.0,0.057269609461969184
18376,2020-05-11,Orange,48,9632,516,35323,0.09302325581395349,34.0,0.05331080700449142
18377,2020-05-12,Orange,61,9693,614,35937,0.0993485342019544,34.0,0.05044361698327261
18378,2020-05-13,Orange,78,9771,939,36876,0.08306709265175719,31.0,0.04954257890547688
18379,2020-05-14,Orange,54,9825,766,37642,0.07049608355091384,30.0,0.048300443034240824
18380,2020-05-15,Orange,54,9879,715,38357,0.07552447552447553,28.0,0.044999396254933176
18381,2020-05-16,Orange,64,9943,662,39019,0.09667673716012085,28.0,0.044294730618172795
18382,2020-05-17,Orange,22,9965,367,39386,0.05994550408719346,27.0,0.04129154878502634
18383,2020-05-18,Orange,23,9988,362,39748,0.06353591160220995,25.0,0.039185309912758946
18384,2020-05-19,Orange,55,10043,819,40567,0.06715506715506715,25.0,0.03688577655226699
18385,2020-05-20,Orange,49,10092,919,41486,0.05331882480957562,22.0,0.03476090027782546
18386,2020-05-21,Orange,50,10142,753,42239,0.06640106241699867,22.0,0.034468398768260085
18387,2020-05-22,Orange,55,10197,764,43003,0.07198952879581152,22.0,0.034215902573355515
18388,2020-05-23,Orange,28,10225,638,43641,0.0438871473354232,20.0,0.030445217585877114
18389,2020-05-24,Orange,19,10244,478,44119,0.0397489539748954,19.0,0.029002606863570108
18390,2020-05-25,Orange,33,10277,617,44736,0.05348460291734198,20.0,0.028284656243222395
18391,2020-05-26,Orange,15,10292,528,45264,0.028409090909090908,17.0,0.025517086511366947
18392,2020-05-27,Orange,33,10325,1013,46277,0.03257650542941757,16.0,0.02403549226992709
18393,2020-05-28,Orange,36,10361,868,47145,0.041474654377880185,15.0,0.022255034552847195
18394,2020-05-29,Orange,28,10389,776,47921,0.03608247422680412,13.0,0.019690244940775238
18395,2020-05-30,Orange,17,10406,683,48604,0.024890190336749635,12.0,0.018333319440869987
18396,2020-05-31,Orange,16,10422,713,49317,0.02244039270687237,12.0,0.017096993636011196
18397,2020-06-01,Orange,27,10449,1027,50344,0.02629016553067186,12.0,0.015154533822677618
18398,2020-06-02,Orange,11,10460,842,51186,0.013064133016627079,12.0,0.014058465401787344
18399,2020-06-03,Orange,11,10471,941,52127,0.011689691817215728,10.0,0.012566550143772929
18400,2020-06-04,Orange,13,10484,978,53105,0.013292433537832311,8.0,0.010553534369483792
18401,2020-06-05,Orange,24,10508,1157,54262,0.020743301642178046,8.0,0.009457879184867646
18402,2020-06-06,Orange,6,10514,847,55109,0.0070838252656434475,7.0,0.008185995965502917
18403,2020-06-07,Orange,9,10523,827,55936,0.010882708585247884,7.0,0.0073604470996725966
18404,2020-06-08,Orange,10,10533,957,56893,0.01044932079414838,6.0,0.00622895818992092
18405,2020-06-09,Orange,8,10541,937,57830,0.008537886872998933,5.0,0.005905654893947481
18406,2020-06-10,Orange,9,10550,1056,58886,0.008522727272727272,5.0,0.005679443140769735
18407,2020-06-11,Orange,8,10558,1048,59934,0.007633587786259542,5.0,0.00527523987280025
18408,2020-06-12,Orange,5,10563,967,60901,0.005170630816959669,3.0,0.004162906242427509
18409,2020-06-13,Orange,8,10571,655,61556,0.012213740458015267,4.0,0.004529328756168354
18410,2020-06-14,Orange,2,10573,810,62366,0.0024691358024691358,3.0,0.003928359271684156
18411,2020-06-15,Orange,7,10580,758,63124,0.009234828496042216,3.0,0.003841609821819431
18412,2020-06-16,Orange,19,10599,744,63868,0.025537634408602152,4.0,0.0050558775029339465
18413,2020-06-17,Orange,5,10604,793,64661,0.006305170239596469,3.0,0.004897480571996032
18414,2020-06-18,Orange,16,10620,1197,65858,0.013366750208855471,4.0,0.005306992173610027
18415,2020-06-19,Orange,18,10638,646,66504,0.02786377708978328,5.0,0.006927931193097428
18416,2020-06-20,Orange,10,10648,698,67202,0.014326647564469915,5.0,0.00707885312927276
18417,2020-06-21,Orange,6,10654,577,67779,0.010398613518197574,5.0,0.0076452443946819345
18418,2020-06-22,Orange,12,10666,1239,69018,0.009685230024213076,6.0,0.007677415932408424
18419,2020-06-23,Orange,3,10669,502,69520,0.00597609561752988,5.0,0.006280163161617547
18420,2020-06-24,Orange,10,10679,912,70432,0.010964912280701754,5.0,0.006613001878839354
18421,2020-06-25,Orange,19,10698,887,71319,0.02142051860202931,5.0,0.007188271049780343
18422,2020-06-26,Orange,12,10710,1012,72331,0.011857707509881422,5.0,0.006044980365501637
18423,2020-06-27,Orange,3,10713,508,72839,0.005905511811023622,4.0,0.0054434706688269024
18424,2020-06-28,Orange,3,10716,459,73298,0.006535947712418301,4.0,0.005167565968414098
18425,2020-06-29,Orange,7,10723,734,74032,0.009536784741144414,4.0,0.005156962733909192
18426,2020-06-30,Orange,7,10730,638,74670,0.0109717868338558,4.0,0.005513797820789616
18427,2020-07-01,Orange,14,10744,702,75372,0.019943019943019943,4.0,0.006155091225240916
18428,2020-07-02,Orange,15,10759,1204,76576,0.012458471760797342,4.0,0.005514945022295775
18429,2020-07-03,Orange,7,10766,923,77499,0.007583965330444204,4.0,0.005209677723764545
18430,2020-07-04,Orange,9,10775,885,78384,0.010169491525423728,4.0,0.005514247703364553
18431,2020-07-05,Orange,6,10781,622,79006,0.00964630225080386,4.0,0.005736415884677807
18432,2020-07-06,Orange,17,10798,642,79648,0.0264797507788162,5.0,0.006946627744511506
18433,2020-07-07,Orange,8,10806,734,80382,0.010899182561307902,5.0,0.006941441725043798
18434,2020-07-08,Orange,4,10810,866,81248,0.004618937644341801,4.0,0.00584686441799536
18435,2020-07-09,Orange,10,10820,959,82207,0.010427528675703858,4.0,0.005701797054774396
18436,2020-07-10,Orange,10,10830,1007,83214,0.009930486593843098,4.0,0.005869405716445746
18437,2020-07-11,Orange,5,10835,847,84061,0.0059031877213695395,4.0,0.005564669730441876
18438,2020-07-12,Orange,6,10841,605,84666,0.009917355371900827,4.0,0.005584030667663087
18439,2020-07-13,Orange,9,10850,914,85580,0.009846827133479213,3.0,0.00439596469299616
18440,2020-07-14,Orange,28,10878,947,86527,0.029567053854276663,5.0,0.005729384071065357
18441,2020-07-15,Orange,17,10895,796,87323,0.02135678391959799,6.0,0.006924944519297942
18442,2020-07-16,Orange,13,10908,1081,88404,0.012025901942645698,6.0,0.007039114038365217
18443,2020-07-17,Orange,13,10921,796,89200,0.016331658291457288,6.0,0.007496340588194802
18444,2020-07-18,Orange,10,10931,596,89796,0.016778523489932886,6.0,0.008273150285949327
18445,2020-07-19,Orange,7,10938,417,90213,0.016786570743405275,6.0,0.008763808526771073
18446,2020-07-20,Orange,15,10953,864,91077,0.017361111111111112,7.0,0.009300543096601924
18447,2020-07-21,Orange,7,10960,670,91747,0.010447761194029851,5.0,0.007934879335155721
18448,2020-07-22,Orange,8,10968,831,92578,0.009626955475330927,5.0,0.007097034446279502
18449,2020-07-23,Orange,8,10976,974,93552,0.008213552361396304,4.0,0.006824723761904546
18450,2020-07-24,Orange,18,10994,972,94524,0.018518518518518517,5.0,0.0069809280638374925
18451,2020-07-25,Orange,4,10998,418,94942,0.009569377990430622,4.0,0.00646598909958733
18452,2020-07-26,Orange,12,11010,634,95576,0.01892744479495268,5.0,0.006618908674697858
18453,2020-07-27,Orange,14,11024,792,96368,0.017676767676767676,5.0,0.006641455572244754
18454,2020-07-28,Orange,10,11034,648,97016,0.015432098765432098,5.0,0.006997479684487773
18455,2020-07-29,Orange,38,11072,2123,99139,0.017899199246349504,7.0,0.007588354239560529
18456,2020-07-30,Orange,10,11082,712,99851,0.014044943820224719,7.0,0.008004882200905417
18457,2020-07-31,Orange,6,11088,986,100837,0.006085192697768763,6.0,0.0071167874994232895
18458,2020-08-01,Orange,5,11093,585,101422,0.008547008547008548,6.0,0.007043761110607428
18459,2020-08-02,Orange,3,11096,583,102005,0.005145797598627788,6.0,0.006059357739441364
18460,2020-08-03,Orange,9,11105,1050,103055,0.008571428571428572,5.0,0.005408976374774285
18461,2020-08-04,Orange,8,11113,659,103714,0.012139605462822459,5.0,0.005173798281730739
18462,2020-08-05,Orange,14,11127,848,104562,0.01650943396226415,3.0,0.0050745293328674996
18463,2020-08-06,Orange,2,11129,734,105296,0.0027247956403269754,3.0,0.00426594732001766
18464,2020-08-07,Orange,27,11156,1153,106449,0.023417172593235037,4.0,0.0055039458839795385
18465,2020-08-08,Orange,3,11159,644,107093,0.004658385093167702,4.0,0.005226187065848049
18466,2020-08-09,Orange,9,11168,543,107636,0.016574585635359115,5.0,0.006042529068471715
18467,2020-08-10,Orange,12,11180,1202,108838,0.009983361064891847,5.0,0.006143381389433378
18468,2020-08-11,Orange,11,11191,990,109828,0.011111111111111112,5.0,0.006069917507168281
18469,2020-08-12,Orange,19,11210,904,110732,0.02101769911504425,5.0,0.006391936446652574
18470,2020-08-13,Orange,7,11217,1055,111787,0.006635071090047393,6.0,0.006671241835918317
18471,2020-08-14,Orange,12,11229,1349,113136,0.008895478131949592,5.0,0.0056339779458265
18472,2020-08-15,Orange,25,11254,858,113994,0.029137529137529136,6.0,0.007382488234709461
18473,2020-08-16,Orange,2,11256,662,114656,0.0030211480362537764,6.0,0.006414385549059079
18474,2020-08-17,Orange,13,11269,942,115598,0.013800424628450107,6.0,0.006687032946456097
18475,2020-08-18,Orange,13,11282,1068,116666,0.012172284644194757,6.0,0.006762831055962072
18476,2020-08-19,Orange,10,11292,1080,117746,0.009259259259259259,5.0,0.005922942494834572
18477,2020-08-20,Orange,24,11316,1128,118874,0.02127659574468085,7.0,0.006968765684451248
18478,2020-08-21,Orange,12,11328,1315,120189,0.009125475285171103,7.0,0.0069851940525385
18479,2020-08-22,Orange,6,11334,940,121129,0.006382978723404255,5.0,0.005359869022958151
18480,2020-08-23,Orange,9,11343,587,121716,0.015332197614991482,6.0,0.006239229707153701
18481,2020-08-24,Orange,11,11354,671,122387,0.01639344262295082,6.0,0.006424445278189466
18482,2020-08-25,Orange,12,11366,798,123185,0.015037593984962405,6.0,0.0066291102311014415
18483,2020-08-26,Orange,16,11382,873,124058,0.018327605956471937,6.0,0.007276849280902347
18484,2020-08-27,Orange,17,11399,1435,125493,0.011846689895470384,5.0,0.0066032845773873125
18485,2020-08-28,Orange,11,11410,1140,126633,0.009649122807017544,5.0,0.006640687971804915
18486,2020-08-29,Orange,8,11418,1565,128198,0.005111821086261981,6.0,0.006549890997723325
18487,2020-08-30,Orange,15,11433,668,128866,0.02245508982035928,6.0,0.007058669012392454
18488,2020-08-31,Orange,12,11445,829,129695,0.014475271411338963,6.0,0.006921656782991607
18489,2020-09-01,Orange,15,11460,1787,131482,0.008393956351426972,6.0,0.006447111237739076
18490,2020-09-02,Orange,18,11478,1105,132587,0.016289592760180997,6.0,0.006301538866575438
18491,2020-09-03,Orange,9,11487,1220,133807,0.007377049180327869,6.0,0.00598227881549383
18492,2020-09-04,Orange,17,11504,1095,134902,0.015525114155251141,6.0,0.006401992483224801
18493,2020-09-05,Orange,11,11515,944,135846,0.011652542372881356,6.0,0.0068691868608404694
18494,2020-09-06,Orange,10,11525,654,136500,0.01529051987767584,6.0,0.0063574318649345105
18495,2020-09-07,Orange,10,11535,651,137151,0.015360983102918587,6.0,0.006420696985761627
18496,2020-09-08,Orange,17,11552,891,138042,0.019079685746352413,6.0,0.007183963371113443
18497,2020-09-09,Orange,20,11572,973,139015,0.020554984583761562,6.0,0.0074886342156549116
18498,2020-09-10,Orange,22,11594,1354,140369,0.01624815361890694,7.0,0.008122284532696273
18499,2020-09-11,Orange,17,11611,1222,141591,0.013911620294599018,7.0,0.008007034971221122
18500,2020-09-12,Orange,24,11635,798,142389,0.03007518796992481,8.0,0.009322938228152796
18501,2020-09-13,Orange,17,11652,759,143148,0.022397891963109356,9.0,0.00983060766282662
18502,2020-09-14,Orange,24,11676,1534,144682,0.01564537157757497,10.0,0.009850921125302076
18503,2020-09-15,Orange,35,11711,816,145498,0.0428921568627451,11.0,0.011551811919330125
18504,2020-09-16,Orange,23,11734,1112,146610,0.02068345323741007,11.0,0.01156098825173359
18505,2020-09-17,Orange,26,11760,1228,147838,0.021172638436482084,11.0,0.011912737167274673
18506,2020-09-18,Orange,30,11790,1413,149251,0.021231422505307854,12.0,0.012435580182325304
18507,2020-09-19,Orange,22,11812,916,150167,0.024017467248908297,12.0,0.012002885845109838
18508,2020-09-20,Orange,10,11822,724,150891,0.013812154696132596,12.0,0.011389618897468642
18509,2020-09-21,Orange,13,11835,1278,152169,0.010172143974960876,11.0,0.010998674068710492
18510,2020-09-22,Orange,16,11851,845,153014,0.01893491124260355,10.0,0.00928744223870038
18511,2020-09-23,Orange,39,11890,1507,154521,0.025879230258792303,11.0,0.00965856916879911
18512,2020-09-24,Orange,65,11955,1592,156113,0.04082914572864322,13.0,0.011062605403953476
18513,2020-09-25,Orange,59,12014,1462,157575,0.04035567715458276,16.0,0.0124286235931874
18514,2020-09-26,Orange,22,12036,1205,158780,0.018257261410788383,16.0,0.012017180319035977
18515,2020-09-27,Orange,26,12062,566,159346,0.045936395759717315,17.0,0.014311768966434884
18516,2020-09-28,Orange,60,12122,1497,160843,0.04008016032064128,20.0,0.0164480558482692
18517,2020-09-29,Orange,21,12143,1121,161964,0.01873327386262266,20.0,0.016433653178270564
18518,2020-09-30,Orange,56,12199,1405,163369,0.0398576512455516,22.0,0.017432111820181943
18519,2020-10-01,Orange,74,12273,1595,164964,0.04639498432601881,22.0,0.017829671719994486
18520,2020-10-02,Orange,87,12360,1425,166389,0.061052631578947365,24.0,0.0193080256074491
18521,2020-10-03,Orange,34,12394,875,167264,0.038857142857142854,25.0,0.020779445710760132
18522,2020-10-04,Orange,44,12438,945,168209,0.04656084656084656,26.0,0.020824049339412225
18523,2020-10-05,Orange,55,12493,1702,169911,0.03231492361927144,26.0,0.02026938957502866
18524,2020-10-06,Orange,70,12563,1790,171701,0.03910614525139665,30.0,0.021724594674226803
18525,2020-10-07,Orange,101,12664,2622,174323,0.038520213577421816,33.0,0.021629063412217535
18526,2020-10-08,Orange,84,12748,2324,176647,0.03614457831325301,33.0,0.020896891554162834
18527,2020-10-09,Orange,50,12798,2234,178881,0.022381378692927483,31.0,0.018134659205161413
18528,2020-10-10,Orange,44,12842,1789,180670,0.024594745667970933,32.0,0.01711591654879199
18529,2020-10-11,Orange,27,12869,1170,181840,0.023076923076923078,30.0,0.015438493442797458
18530,2020-10-12,Orange,61,12930,2106,183946,0.028964862298195632,31.0,0.015199203348434902
18531,2020-10-13,Orange,53,12983,1848,185794,0.02867965367965368,30.0,0.014454453950453259
18532,2020-10-14,Orange,50,13033,1914,187708,0.02612330198537095,26.0,0.01356896026530677
18533,2020-10-15,Orange,65,13098,2966,190674,0.02191503708698584,25.0,0.012552564463430543
18534,2020-10-16,Orange,41,13139,1930,192604,0.021243523316062177,24.0,0.012471289079368734
18535,2020-10-17,Orange,30,13169,2291,194895,0.013094718463553033,23.0,0.011649858564767456
18536,2020-10-18,Orange,13,13182,1107,196002,0.011743450767841012,22.0,0.010840324828404453
18537,2020-10-19,Orange,36,13218,1970,197972,0.018274111675126905,20.0,0.010076699783899542
18538,2020-10-20,Orange,40,13258,2107,200079,0.018984337921214997,19.0,0.009384177229725352
18539,2020-10-21,Orange,45,13303,2056,202135,0.02188715953307393,19.0,0.00908159562598985
18540,2020-10-22,Orange,39,13342,2644,204779,0.014750378214826021,17.0,0.008569834277978434
18541,2020-10-23,Orange,71,13413,2452,207231,0.02895595432300163,19.0,0.009120722207045536
18542,2020-10-24,Orange,44,13457,2062,209293,0.02133850630455868,20.0,0.009709564195688799
18543,2020-10-25,Orange,18,13475,1113,210406,0.016172506738544475,20.0,0.01002592533645333
18544,2020-10-26,Orange,73,13548,2724,213130,0.026798825256975037,23.0,0.010634833449442485
18545,2020-10-27,Orange,49,13597,2001,215131,0.02448775612193903,24.0,0.0110279347494942
18546,2020-10-28,Orange,75,13672,2918,218049,0.02570253598355038,26.0,0.011300461638813947
18547,2020-10-29,Orange,71,13743,2980,221029,0.0238255033557047,28.0,0.011948684863162423
18548,2020-10-30,Orange,87,13830,2916,223945,0.029835390946502057,29.0,0.012011501764841028
18549,2020-10-31,Orange,59,13889,1799,225744,0.032795997776542525,30.0,0.012829894012839873
18550,2020-11-01,Orange,44,13933,1540,227284,0.02857142857142857,32.0,0.013715531286617308
18551,2020-11-02,Orange,65,13998,2871,230155,0.022640195053988156,32.0,0.013418486272118243
18552,2020-11-03,Orange,57,14055,1764,231919,0.03231292517006803,32.0,0.013977426918413175
18553,2020-11-04,Orange,80,14135,2663,234582,0.030041306796845663,33.0,0.014287339119362835
18554,2020-11-05,Orange,86,14221,2453,237035,0.03505911129229515,34.0,0.015089739686262153
18555,2020-11-06,Orange,80,14301,2860,239895,0.027972027972027972,33.0,0.014956642330942575
18556,2020-11-07,Orange,68,14369,2626,242521,0.025894897182025894,34.0,0.014463706574191387
18557,2020-11-08,Orange,96,14465,2728,245249,0.03519061583577713,38.0,0.014936505664502
18558,2020-11-09,Orange,88,14553,3701,248950,0.023777357470953796,39.0,0.015017731551428116
18559,2020-11-10,Orange,148,14701,2695,251645,0.054916512059369205,46.0,0.016632273472092486
18560,2020-11-11,Orange,102,14803,2401,254046,0.0424822990420658,47.0,0.017520915775322495
18561,2020-11-12,Orange,107,14910,2746,256792,0.03896576839038601,49.0,0.017799962710900414
18562,2020-11-13,Orange,121,15031,3036,259828,0.03985507246376811,52.0,0.018648751603167566
18563,2020-11-14,Orange,93,15124,1531,261359,0.06074461136512083,53.0,0.021138016901960065
18564,2020-11-15,Orange,58,15182,1754,263113,0.0330672748004561,51.0,0.020986349685151416
18565,2020-11-16,Orange,101,15283,2148,265261,0.04702048417132216,52.0,0.022646573020892014
18566,2020-11-17,Orange,129,15412,2464,267725,0.052353896103896104,50.0,0.022463529024072507
18567,2020-11-18,Orange,154,15566,2403,270128,0.06408655846858094,54.0,0.024006690411680735
18568,2020-11-19,Orange,111,15677,2354,272482,0.04715378079864061,54.0,0.024591548440841774
18569,2020-11-20,Orange,122,15799,2552,275034,0.04780564263322884,54.0,0.025159446310088974
18570,2020-11-21,Orange,73,15872,2316,277350,0.03151986183074266,53.0,0.02307196420049053
18571,2020-11-22,Orange,115,15987,2956,280306,0.038903924221921515,57.0,0.0234888677305952
18572,2020-11-23,Orange,106,16093,2270,282576,0.04669603524229075,57.0,0.023465692807092958
18573,2020-11-24,Orange,135,16228,2909,285485,0.04640770024063252,58.0,0.023040964531145562
18574,2020-11-25,Orange,177,16405,2899,288384,0.06105553639185926,59.0,0.02282446295423687
18575,2020-11-26,Orange,150,16555,2576,290960,0.05822981366459627,62.0,0.023615608158947986
18576,2020-11-27,Orange,95,16650,1988,292948,0.04778672032193159,60.0,0.0236142565652839
18577,2020-11-28,Orange,151,16801,2652,295600,0.05693815987933635,66.0,0.025429849283040592
18578,2020-11-29,Orange,90,16891,2081,297681,0.04324843825084094,64.0,0.02574017171367769
18579,2020-11-30,Orange,184,17075,3054,300735,0.06024885396201703,70.0,0.02670823019365814
18580,2020-12-01,Orange,208,17283,2676,303411,0.07772795216741404,75.0,0.028945391045571107
18581,2020-12-02,Orange,213,17496,2846,306257,0.07484188334504568,77.0,0.029930130113655855
18582,2020-12-03,Orange,220,17716,2616,308873,0.08409785932721713,82.0,0.03177784766098592
18583,2020-12-04,Orange,302,18018,3247,312120,0.09300893132121958,97.0,0.03500800558950649
18584,2020-12-05,Orange,201,18219,2286,314406,0.08792650918635171,101.0,0.03722145911143615
18585,2020-12-06,Orange,130,18349,2345,316751,0.05543710021321962,104.0,0.03809207782303463
18586,2020-12-07,Orange,185,18534,2487,319238,0.07438681141938078,104.0,0.03910193192713204
18587,2020-12-08,Orange,186,18720,2287,321525,0.08132925229558373,102.0,0.03935916765057273
18588,2020-12-09,Orange,203,18923,2828,324353,0.07178217821782178,101.0,0.03914061728434245
18589,2020-12-10,Orange,223,19146,2725,327078,0.0818348623853211,102.0,0.03897897464563559
18590,2020-12-11,Orange,184,19330,2768,329846,0.06647398843930635,93.0,0.03708362158264179
18591,2020-12-12,Orange,206,19536,2820,332666,0.07304964539007092,94.0,0.036020988454336024
18592,2020-12-13,Orange,220,19756,2378,335044,0.09251471825063078,100.0,0.038669389742722535
18593,2020-12-14,Orange,136,19892,2050,337094,0.06634146341463415,97.0,0.03809472202809777
18594,2020-12-15,Orange,222,20114,3232,340326,0.0686881188118812,99.0,0.03719178392211902
18595,2020-12-16,Orange,210,20324,2732,343058,0.07686676427525622,100.0,0.03755496864050719
18596,2020-12-17,Orange,393,20717,3998,347056,0.0982991495747874,112.0,0.038730989154040496
18597,2020-12-18,Orange,159,20876,2262,349318,0.07029177718832891,110.0,0.03900368835039926
18598,2020-12-19,Orange,196,21072,2700,352018,0.0725925925925926,109.0,0.038971041722007944
18599,2020-12-20,Orange,76,21148,1434,353452,0.05299860529986053,99.0,0.036148462225524355
18600,2020-12-21,Orange,179,21327,2687,356139,0.06661704503163379,102.0,0.03616814662673862
18601,2020-12-22,Orange,222,21549,2559,358698,0.08675263774912075,102.0,0.03745846940797002
18602,2020-12-23,Orange,273,21822,3353,362051,0.081419624217119,107.0,0.03778367368953164
18603,2020-12-24,Orange,210,22032,3217,365268,0.06527820951196767,93.0,0.03542503511361595
18604,2020-12-25,Orange,181,22213,2411,367679,0.07507258399004563,95.0,0.03576652131373857
18605,2020-12-26,Orange,129,22342,1932,369611,0.06677018633540373,90.0,0.035350635152510794
18606,2020-12-27,Orange,164,22506,1599,371210,0.10256410256410256,97.0,0.03889102781424236
18607,2020-12-28,Orange,177,22683,1930,373140,0.09170984455958549,96.0,0.040683370637667485
18608,2020-12-29,Orange,336,23019,2803,375943,0.11987156617909382,105.0,0.043049008382665566
18609,2020-12-30,Orange,338,23357,3107,379050,0.1087866108786611,109.0,0.04500379314420428
18610,2020-12-31,Orange,322,23679,2898,381948,0.1111111111111111,117.0,0.04827757182985738
18611,2021-01-01,Orange,354,24033,3350,385298,0.10567164179104478,130.0,0.05046321881564304
18612,2021-01-02,Orange,164,24197,1947,387245,0.08423215202876219,132.0,0.051710502079454365
18613,2021-01-03,Orange,173,24370,1578,388823,0.10963244613434728,133.0,0.052215383763043265
18614,2021-01-04,Orange,209,24579,2138,390961,0.09775491113189898,135.0,0.05264717423249423
18615,2021-01-05,Orange,274,24853,2847,393808,0.0962416578854935,131.0,0.05095932364009421
18616,2021-01-06,Orange,401,25254,3722,397530,0.10773777538957549,135.0,0.05088440681944525
18617,2021-01-07,Orange,429,25683,4442,401972,0.09657811796488068,143.0,0.049846335880428784
18618,2021-01-08,Orange,255,25938,2627,404599,0.0970688998858013,136.0,0.049231854315768535
18619,2021-01-09,Orange,322,26260,3125,407724,0.10304,147.0,0.05057527202799981
18620,2021-01-10,Orange,228,26488,2427,410151,0.09394313967861558,151.0,0.04945460728116182
18621,2021-01-11,Orange,299,26787,2828,412979,0.10572842998585573,157.0,0.05002414434215874
18622,2021-01-12,Orange,373,27160,3438,416417,0.1084933100639907,164.0,0.05089926235490854
18623,2021-01-13,Orange,312,27472,3300,419717,0.09454545454545454,158.0,0.04995695372318561
18624,2021-01-14,Orange,390,27862,4565,424282,0.08543263964950712,155.0,0.04916084812923035
18625,2021-01-15,Orange,306,28168,3674,427956,0.08328796951551443,159.0,0.04817649595992416
18626,2021-01-16,Orange,218,28386,2973,430929,0.07332660612176253,151.0,0.04605411068290719
18627,2021-01-17,Orange,188,28574,2345,433274,0.08017057569296375,149.0,0.045070356112503485
18628,2021-01-18,Orange,274,28848,2787,436061,0.09831359885181198,147.0,0.04454072531721465
18629,2021-01-19,Orange,230,29078,2732,438793,0.0841874084919473,137.0,0.04280458949064011
18630,2021-01-20,Orange,328,29406,3995,442788,0.0821026282853567,138.0,0.04191581618634741
18631,2021-01-21,Orange,347,29753,3534,446322,0.09818902093944538,135.0,0.04282698627848586
18632,2021-01-22,Orange,259,30012,3611,449933,0.07172528385488784,131.0,0.042001080159869676
18633,2021-01-23,Orange,276,30288,3691,453624,0.07477648333784882,135.0,0.04210464281816155
18634,2021-01-24,Orange,257,30545,3396,457020,0.07567726737338044,140.0,0.0417836922239056
18635,2021-01-25,Orange,364,30909,3713,460733,0.09803393482359278,147.0,0.04176371622188994
18636,2021-01-26,Orange,228,31137,3318,464051,0.06871609403254973,147.0,0.04065862233193297
18637,2021-01-27,Orange,241,31378,3720,467771,0.06478494623655914,140.0,0.039421645042733156
18638,2021-01-28,Orange,248,31626,3825,471596,0.06483660130718955,133.0,0.03703932935471488
18639,2021-01-29,Orange,441,32067,5542,477138,0.07957416095272465,146.0,0.0375999634331318
18640,2021-01-30,Orange,172,32239,2612,479750,0.06584992343032159,139.0,0.036962352011165565
18641,2021-01-31,Orange,168,32407,2320,482070,0.07241379310344828,133.0,0.03672924670617041
18642,2021-02-01,Orange,173,32580,2317,484387,0.07466551575312905,119.0,0.035060073915423
18643,2021-02-02,Orange,84,32664,1403,485790,0.05987170349251604,109.0,0.03442833173399202
18644,2021-02-03,Orange,166,32830,2020,487810,0.08217821782178218,103.0,0.03567070827579367
18645,2021-02-04,Orange,212,33042,3723,491533,0.05694332527531561,101.0,0.03510690284494553
18646,2021-02-05,Orange,204,33246,3640,495173,0.056043956043956046,84.0,0.033426173922890635
18647,2021-02-06,Orange,179,33425,2851,498024,0.06278498772360576,84.0,0.0332072499438395
18648,2021-02-07,Orange,174,33599,2521,500545,0.06902023006743356,85.0,0.03296485258412416
18649,2021-02-08,Orange,135,33734,2298,502843,0.0587467362924282,82.0,0.031827796908359816
18650,2021-02-09,Orange,175,33909,2523,505366,0.06936187078874356,88.0,0.032505666000947495
18651,2021-02-10,Orange,148,34057,3644,509010,0.04061470911086718,87.0,0.02953684395016785
18652,2021-02-11,Orange,188,34245,2878,511888,0.06532314107018763,85.0,0.03013540222123014
18653,2021-02-12,Orange,197,34442,3395,515283,0.05802650957290133,85.0,0.030277013187583374
18654,2021-02-13,Orange,146,34588,2479,517762,0.05889471561113352,83.0,0.02999913660812107
18655,2021-02-14,Orange,141,34729,2298,520060,0.06135770234986945,80.0,0.029451813199723637
18656,2021-02-15,Orange,169,34898,2398,522458,0.07047539616346955,83.0,0.030289574619083732
18657,2021-02-16,Orange,137,35035,2079,524537,0.0658970658970659,80.0,0.03004208855539247
18658,2021-02-17,Orange,175,35210,3041,527578,0.057546859585662614,82.0,0.03125152787502072
18659,2021-02-18,Orange,145,35355,2836,530414,0.05112834978843441,79.0,0.030237614212038345
18660,2021-02-19,Orange,141,35496,3031,533445,0.046519300560871,75.0,0.02941567071117903
18661,2021-02-20,Orange,152,35648,2081,535526,0.07304180682364247,75.0,0.03042617722635824
18662,2021-02-21,Orange,107,35755,2020,537546,0.05297029702970297,73.0,0.02982707684634635
18663,2021-02-22,Orange,170,35925,1953,539499,0.08704557091653865,73.0,0.031010660757279856
18664,2021-02-23,Orange,177,36102,2313,541812,0.07652399481193256,76.0,0.031769727108341764
18665,2021-02-24,Orange,232,36334,3510,545322,0.0660968660968661,80.0,0.03238044185914201
18666,2021-02-25,Orange,222,36556,3628,548950,0.061190738699007714,85.0,0.033099183924182964
18667,2021-02-26,Orange,191,36747,3666,552616,0.05210038188761593,89.0,0.03349783259037903
18668,2021-02-27,Orange,205,36952,2827,555443,0.07251503360452777,93.0,0.03346020593187083
18669,2021-02-28,Orange,107,37059,2303,557746,0.04646113764654798,93.0,0.03299526597593119
18670,2021-03-01,Orange,173,37232,2040,559786,0.08480392156862746,93.0,0.03283514816536611
18671,2021-03-02,Orange,209,37441,2942,562728,0.07104010876954453,95.0,0.03244344201948125
18672,2021-03-03,Orange,190,37631,3490,566218,0.054441260744985676,92.0,0.03161089878006122
18673,2021-03-04,Orange,216,37847,3023,569241,0.07145219980152166,92.0,0.03234386028738365
18674,2021-03-05,Orange,182,38029,3599,572840,0.050569602667407614,91.0,0.032234518914511616
18675,2021-03-06,Orange,165,38194,2902,575742,0.05685733976567884,88.0,0.031116112211736692
18676,2021-03-07,Orange,113,38307,1741,577483,0.06490522688110281,89.0,0.032433547157062044
18677,2021-03-08,Orange,146,38453,2448,579931,0.059640522875817,87.0,0.03063616153614701
18678,2021-03-09,Orange,207,38660,3034,582965,0.06822676334871457,87.0,0.03043520829180201
18679,2021-03-10,Orange,199,38859,2879,585844,0.06912122264675234,87.0,0.03148377699907106
18680,2021-03-11,Orange,272,39131,4141,589985,0.06568461724221203,91.0,0.031071806816263235
18681,2021-03-12,Orange,157,39288,2647,592632,0.05931242916509256,89.0,0.03169629442324073
18682,2021-03-13,Orange,174,39462,2687,595319,0.064756233717901,90.0,0.03226050113411374
18683,2021-03-14,Orange,113,39575,1726,597045,0.06546929316338354,90.0,0.03230079158284808
18684,2021-03-15,Orange,220,39795,2619,599664,0.08400152730049637,95.0,0.03404086332746803
18685,2021-03-16,Orange,235,40030,3289,602953,0.07145028884159318,97.0,0.03427111514838793
18686,2021-03-17,Orange,247,40277,3359,606312,0.07353378981839834,101.0,0.03458629851779122
18687,2021-03-18,Orange,222,40499,3364,609676,0.06599286563614744,97.0,0.034608316260215176
18688,2021-03-19,Orange,281,40780,4237,613913,0.06632050979466604,106.0,0.03510889344804185
18689,2021-03-20,Orange,213,40993,3057,616970,0.06967615309126594,109.0,0.03546031626042506
18690,2021-03-21,Orange,144,41137,1909,618879,0.07543216343635412,111.0,0.03617194985135153
18691,2021-03-22,Orange,233,41370,2681,621560,0.08690787019768743,112.0,0.036379545772579465
18692,2021-03-23,Orange,257,41627,3212,624772,0.08001245330012453,114.0,0.036991128948188845
18693,2021-03-24,Orange,198,41825,3355,628127,0.05901639344262295,110.0,0.03595417206420489
18694,2021-03-25,Orange,242,42067,3971,632098,0.060941828254847646,112.0,0.03559338367982633
18695,2021-03-26,Orange,261,42328,4386,636484,0.05950752393980848,110.0,0.03510674183305079
18696,2021-03-27,Orange,207,42535,2955,639439,0.0700507614213198,110.0,0.03513349957091178
18697,2021-03-28,Orange,234,42769,2815,642254,0.08312611012433392,116.0,0.03568306719148177
18698,2021-03-29,Orange,246,43015,2929,645183,0.08398770911573916,117.0,0.03547448425705689
18699,2021-03-30,Orange,216,43231,2974,648157,0.0726294552790854,114.0,0.03494712725555409
18700,2021-03-31,Orange,252,43483,3625,651782,0.06951724137931034,118.0,0.03569718782246034
18701,2021-04-01,Orange,203,43686,3925,655707,0.051719745222929936,115.0,0.03503846760589478
18702,2021-04-02,Orange,207,43893,3710,659417,0.05579514824797844,111.0,0.034773297913621215
18703,2021-04-03,Orange,155,44048,2907,662324,0.053319573443412455,108.0,0.0335782130580564
18704,2021-04-04,Orange,137,44185,2191,664515,0.06252852578731173,101.0,0.032106957033983384
18705,2021-04-05,Orange,185,44370,2238,666753,0.08266309204647006,96.0,0.03201234152903559
18706,2021-04-06,Orange,195,44565,4023,670776,0.048471290082028336,95.0,0.03028675830067438
18707,2021-04-07,Orange,128,44693,2624,673400,0.04878048780487805,86.0,0.028805561616786355
18708,2021-04-08,Orange,218,44911,4771,678171,0.045692726891636976,87.0,0.028375060307408283
18709,2021-04-09,Orange,146,45057,3423,681594,0.04265264387963774,83.0,0.02743630999538395
18710,2021-04-10,Orange,137,45194,3025,684619,0.04528925619834711,81.0,0.026862715906450712
18711,2021-04-11,Orange,126,45320,1981,686600,0.0636042402826855,81.0,0.026939552656120268
18712,2021-04-12,Orange,103,45423,1933,688533,0.05328504914640455,75.0,0.024841121020401303
18713,2021-04-13,Orange,160,45583,2926,691459,0.05468215994531784,72.0,0.02528475458206484
18714,2021-04-14,Orange,172,45755,3588,695047,0.04793756967670011,75.0,0.02522454614433785
18715,2021-04-15,Orange,129,45884,3017,698064,0.04275770633079218,69.0,0.02501490181856322
18716,2021-04-16,Orange,137,46021,3048,701112,0.04494750656167979,68.0,0.02517882058156622
18717,2021-04-17,Orange,112,46133,3446,704558,0.03250145095763204,67.0,0.024265405921515142
18718,2021-04-18,Orange,90,46223,1887,706445,0.04769475357710652,64.0,0.023129014013973787
18719,2021-04-19,Orange,81,46304,1807,708252,0.0448256779192031,62.0,0.02252477321203083
18720,2021-04-20,Orange,84,46388,2781,711033,0.030204962243797196,57.0,0.020776401947636493
18721,2021-04-21,Orange,152,46540,3170,714203,0.04794952681388013,56.0,0.020777256028863638
18722,2021-04-22,Orange,82,46622,2898,717101,0.028295376121463076,52.0,0.01974423244248299
18723,2021-04-23,Orange,112,46734,3024,720125,0.037037037037037035,50.0,0.019179198905008504
18724,2021-04-24,Orange,84,46818,2705,722830,0.031053604436229204,48.0,0.019075781296336875
18725,2021-04-25,Orange,74,46892,1949,724779,0.03796818881477681,47.0,0.018381026670456182
18726,2021-04-26,Orange,52,46944,1441,726220,0.03608605135322693,45.0,0.017756767630029313
18727,2021-04-27,Orange,94,47038,2836,729056,0.03314527503526093,46.0,0.01796678997227672
18728,2021-04-28,Orange,83,47121,3216,732272,0.025808457711442787,41.0,0.01638528503638834
18729,2021-04-29,Orange,77,47198,3084,735356,0.02496757457846952,41.0,0.016147584926174515
18730,2021-04-30,Orange,66,47264,3222,738578,0.020484171322160148,37.0,0.01496523737511188
18731,2021-05-01,Orange,53,47317,2869,741447,0.018473335657023353,35.0,0.01406664674802575
18732,2021-05-02,Orange,32,47349,1491,742938,0.021462105969148222,32.0,0.012887640830480848
18733,2021-05-03,Orange,41,47390,1325,744263,0.030943396226415093,31.0,0.01252030832142286
18734,2021-05-04,Orange,47,47437,2077,746340,0.02262879152623977,28.0,0.011769130927921352
18735,2021-05-05,Orange,54,47491,2705,749045,0.019963031423290204,26.0,0.011351600478767595
18736,2021-05-06,Orange,56,47547,2557,751602,0.021900664841611264,24.0,0.011132535497563434
18737,2021-05-07,Orange,68,47615,3637,755239,0.018696728072587297,25.0,0.0110048609797368
18738,2021-05-08,Orange,39,47654,2220,757459,0.01756756756756757,24.0,0.010940163259061386
18739,2021-05-09,Orange,28,47682,1574,759033,0.017789072426937738,23.0,0.010677803720332066
18740,2021-05-10,Orange,24,47706,1746,760779,0.013745704467353952,22.0,0.009449397166113415
18741,2021-05-11,Orange,32,47738,2446,763225,0.013082583810302535,21.0,0.008767525186403611
18742,2021-05-12,Orange,39,47777,2707,765932,0.014407092722571112,20.0,0.008370672422066534
18743,2021-05-13,Orange,31,47808,2677,768609,0.011580127007844603,18.0,0.007633491148226057
18744,2021-05-14,Orange,43,47851,2822,771431,0.015237420269312544,16.0,0.007386397733706432
18745,2021-05-15,Orange,32,47883,2139,773570,0.014960261804581581,16.0,0.007200161607778863
18746,2021-05-16,Orange,25,47908,1395,774965,0.017921146953405017,16.0,0.007209595502526526
18747,2021-05-17,Orange,12,47920,1112,776077,0.01079136690647482,15.0,0.006998571391035158
18748,2021-05-18,Orange,21,47941,2553,778630,0.008225616921269096,14.0,0.006651645184675627
18749,2021-05-19,Orange,25,47966,2611,781241,0.009574875526618154,13.0,0.006306486813536129
18750,2021-05-20,Orange,18,47984,2153,783394,0.008360427310729215,12.0,0.006076508263742174
18751,2021-05-21,Orange,31,48015,2545,785939,0.01218074656188605,11.0,0.0058581744274974245
18752,2021-05-22,Orange,18,48033,1832,787771,0.009825327510917031,10.0,0.005491393406521385
18753,2021-05-23,Orange,10,48043,1219,788990,0.008203445447087777,9.0,0.004797271870355868
18754,2021-05-24,Orange,18,48061,1260,790250,0.014285714285714285,10.0,0.005046868111730115
18755,2021-05-25,Orange,18,48079,2296,792546,0.0078397212543554,9.0,0.005019304135521993
18756,2021-05-26,Orange,12,48091,1963,794509,0.006113092205807438,8.0,0.0047720338983212275
18757,2021-05-27,Orange,22,48113,2116,796625,0.010396975425330813,9.0,0.004917501620792771
18758,2021-05-28,Orange,19,48132,1934,798559,0.00982419855222337,8.0,0.004749176762959722
18759,2021-05-29,Orange,13,48145,1702,800261,0.00763807285546416,8.0,0.004592944287570231
18760,2021-05-30,Orange,9,48154,1104,801365,0.008152173913043478,7.0,0.0045892820351384955
18761,2021-05-31,Orange,8,48162,764,802129,0.010471204188481676,7.0,0.00431681702819331
18762,2021-06-01,Orange,10,48172,1178,803307,0.008488964346349746,6.0,0.004363191534764334
18763,2021-06-02,Orange,18,48190,2265,805572,0.007947019867549669,7.0,0.004494186367745922
18764,2021-06-03,Orange,11,48201,2101,807673,0.005235602094240838,6.0,0.004125516844096638
18765,2021-06-04,Orange,15,48216,2400,810073,0.00625,6.0,0.0038702169475092548
18766,2021-06-05,Orange,12,48228,1766,811839,0.006795016987542469,5.0,0.003809998671229134
18767,2021-06-06,Orange,9,48237,901,812740,0.009988901220865706,5.0,0.003941193478930721
18768,2021-06-07,Orange,9,48246,1076,813816,0.008364312267657992,6.0,0.003790701198871887
18769,2021-06-08,Orange,11,48257,2155,815971,0.005104408352668214,6.0,0.0035489471993232066
18770,2021-06-09,Orange,11,48268,1889,817860,0.005823186871360508,5.0,0.003397244842452552
18771,2021-06-10,Orange,13,48281,1675,819535,0.007761194029850746,5.0,0.0035776442664246884
18772,2021-06-11,Orange,13,48294,2049,821584,0.00634455832113226,5.0,0.0035843984322198497
18773,2021-06-12,Orange,9,48303,1395,822979,0.0064516129032258064,5.0,0.0035598695690543733
18774,2021-06-13,Orange,5,48308,833,823812,0.006002400960384154,5.0,0.0032751195504485482
18775,2021-06-14,Orange,4,48312,964,824776,0.004149377593360996,4.0,0.0029740527879987626
18776,2021-06-15,Orange,4,48316,1609,826385,0.002486016159105034,4.0,0.0027870247741728217
18777,2021-06-16,Orange,10,48326,1654,828039,0.006045949214026602,4.0,0.002802936370077543
18778,2021-06-17,Orange,4,48330,1334,829373,0.0029985007496251873,3.0,0.002462743992918574
18779,2021-06-18,Orange,7,48337,1672,831045,0.004186602870813397,3.0,0.0023086043178957984
18780,2021-06-19,Orange,8,48345,1300,832345,0.006153846153846154,3.0,0.0022873352643686803
18781,2021-06-20,Orange,9,48354,698,833043,0.012893982808022923,3.0,0.0027795911106285923
18782,2021-06-21,Orange,6,48360,975,834018,0.006153846153846154,3.0,0.0029227674363775324
18783,2021-06-22,Orange,5,48365,1198,835216,0.004173622704507512,3.0,0.0030433107610491382
18784,2021-06-23,Orange,7,48372,1806,837022,0.003875968992248062,3.0,0.0028883121737792424
18785,2021-06-24,Orange,3,48375,1730,838752,0.0017341040462427746,3.0,0.0027979981235376414
18786,2021-06-25,Orange,20,48395,2419,841171,0.00826787928896238,4.0,0.0030895178676911403
18787,2021-06-26,Orange,3,48398,1182,842353,0.0025380710659898475,3.0,0.002831248218558547
18788,2021-06-27,Orange,7,48405,2349,844702,0.002979991485738612,3.0,0.0021231059812525242
18789,2021-06-28,Orange,4,48409,841,845543,0.0047562425683709865,3.0,0.002023277153718584
18790,2021-06-29,Orange,8,48417,1672,847215,0.004784688995215311,3.0,0.002066924745911998
18791,2021-06-30,Orange,7,48424,1395,848610,0.005017921146953405,3.0,0.0021484927569623796
18792,2021-07-01,Orange,7,48431,1618,850228,0.004326328800988875,4.0,0.0023336516680156727
18793,2021-07-02,Orange,1,48432,1393,851621,0.0007178750897343862,2.0,0.0017943656537851016
18794,2021-07-03,Orange,7,48439,1005,852626,0.006965174129353234,2.0,0.0021105873011682008
18795,2021-07-04,Orange,1,48440,713,853339,0.001402524544179523,2.0,0.001997911091056837
18796,2021-07-05,Orange,13,48453,2266,855605,0.005736981465136805,3.0,0.0020679638693972533
18797,2021-07-06,Orange,5,48458,972,856577,0.0051440329218107,2.0,0.0020936312927254948
18798,2021-07-07,Orange,14,48472,1770,858347,0.007909604519774011,3.0,0.0023001801050698237
18799,2021-07-08,Orange,15,48487,1489,859836,0.010073875083948958,4.0,0.0027107191252812583
18800,2021-07-09,Orange,12,48499,1444,861280,0.008310249307479225,4.0,0.0032530315694058896
18801,2021-07-10,Orange,18,48517,903,862183,0.019933554817275746,5.0,0.004179344475686069
18802,2021-07-11,Orange,1,48518,822,863005,0.0012165450121654502,5.0,0.0041660602233993494
18803,2021-07-12,Orange,6,48524,995,864000,0.006030150753768844,5.0,0.004187000886873066
18804,2021-07-13,Orange,16,48540,1632,865632,0.00980392156862745,5.0,0.004519850075931406
18805,2021-07-14,Orange,6,48546,1009,866641,0.005946481665014866,5.0,0.004379627014877181
18806,2021-07-15,Orange,15,48561,1077,867718,0.013927576601671309,5.0,0.004654891409000206
18807,2021-07-16,Orange,16,48577,1062,868780,0.015065913370998116,5.0,0.005137438842108698
18808,2021-07-17,Orange,18,48595,2367,871147,0.0076045627376425855,5.0,0.00425679655070633
18809,2021-07-18,Orange,17,48612,1470,872617,0.011564625850340135,6.0,0.0049959451820045225
18810,2021-07-19,Orange,16,48628,2768,875385,0.005780346820809248,7.0,0.004978102043935979
18811,2021-07-20,Orange,39,48667,1348,876733,0.028931750741839762,9.0,0.006344375556308288
18812,2021-07-21,Orange,38,48705,1548,878281,0.02454780361757106,11.0,0.007673041410062301
18813,2021-07-22,Orange,28,48733,1300,879581,0.021538461538461538,12.0,0.00821667604840446
18814,2021-07-23,Orange,35,48768,1387,880968,0.025234318673395817,13.0,0.008942990712861438
18815,2021-07-24,Orange,38,48806,1190,882158,0.031932773109243695,15.0,0.01068072002511866
18816,2021-07-25,Orange,26,48832,984,883142,0.026422764227642278,15.0,0.011742015623497385
18817,2021-07-26,Orange,23,48855,946,884088,0.024312896405919663,16.0,0.013065769165290985
18818,2021-07-27,Orange,45,48900,4167,888255,0.01079913606911447,16.0,0.011770582402953466
18819,2021-07-28,Orange,48,48948,1544,889799,0.031088082901554404,17.0,0.012237745208952277
18820,2021-07-29,Orange,40,48988,1624,891423,0.024630541871921183,18.0,0.012458608089913678
18821,2021-07-30,Orange,52,49040,2112,893535,0.02462121212121212,19.0,0.0124148147647577
18822,2021-07-31,Orange,65,49105,1447,894982,0.044920525224602624,21.0,0.013342511344426196
18823,2021-08-01,Orange,35,49140,1341,896323,0.02609992542878449,22.0,0.013319451430222068
18824,2021-08-02,Orange,41,49181,1946,898269,0.0210688591983556,23.0,0.013087734486824636
18825,2021-08-03,Orange,65,49246,1838,900107,0.03536452665941241,24.0,0.014842405243274489
18826,2021-08-04,Orange,101,49347,1958,902065,0.05158324821246169,28.0,0.01630634562262501
18827,2021-08-05,Orange,91,49438,1997,904062,0.04556835252879319,32.0,0.017801903526687295
18828,2020-03-01,Orleans,0,0,0,0,,,
18829,2020-03-02,Orleans,0,0,0,0,,,
18830,2020-03-03,Orleans,0,0,0,0,,,
18831,2020-03-04,Orleans,0,0,0,0,,,
18832,2020-03-05,Orleans,0,0,0,0,,,
18833,2020-03-06,Orleans,0,0,0,0,,,
18834,2020-03-07,Orleans,0,0,0,0,,0.0,
18835,2020-03-08,Orleans,0,0,0,0,,0.0,
18836,2020-03-09,Orleans,0,0,0,0,,0.0,
18837,2020-03-10,Orleans,0,0,0,0,,0.0,
18838,2020-03-11,Orleans,0,0,0,0,,0.0,
18839,2020-03-12,Orleans,0,0,0,0,,0.0,
18840,2020-03-13,Orleans,0,0,1,1,0.0,0.0,
18841,2020-03-14,Orleans,0,0,0,1,,0.0,
18842,2020-03-15,Orleans,0,0,0,1,,0.0,
18843,2020-03-16,Orleans,0,0,5,6,0.0,0.0,
18844,2020-03-17,Orleans,0,0,5,11,0.0,0.0,
18845,2020-03-18,Orleans,0,0,3,14,0.0,0.0,
18846,2020-03-19,Orleans,0,0,6,20,0.0,0.0,
18847,2020-03-20,Orleans,0,0,5,25,0.0,0.0,
18848,2020-03-21,Orleans,0,0,7,32,0.0,0.0,
18849,2020-03-22,Orleans,0,0,4,36,0.0,0.0,0.0
18850,2020-03-23,Orleans,2,2,9,45,0.2222222222222222,0.0,0.015873015873015872
18851,2020-03-24,Orleans,0,2,7,52,0.0,0.0,0.015873015873015872
18852,2020-03-25,Orleans,0,2,11,63,0.0,0.0,0.015873015873015872
18853,2020-03-26,Orleans,1,3,11,74,0.09090909090909091,0.0,0.022366522366522368
18854,2020-03-27,Orleans,0,3,8,82,0.0,0.0,0.022366522366522368
18855,2020-03-28,Orleans,0,3,3,85,0.0,0.0,0.022366522366522368
18856,2020-03-29,Orleans,1,4,11,96,0.09090909090909091,0.0,0.02886002886002886
18857,2020-03-30,Orleans,2,6,14,110,0.14285714285714285,0.0,0.023191094619666047
18858,2020-03-31,Orleans,0,6,6,116,0.0,0.0,0.023191094619666047
18859,2020-04-01,Orleans,0,6,11,127,0.0,0.0,0.023191094619666047
18860,2020-04-02,Orleans,3,9,13,140,0.23076923076923078,0.0,0.03318110460967604
18861,2020-04-03,Orleans,1,10,11,151,0.09090909090909091,0.0,0.03967461110318253
18862,2020-04-04,Orleans,1,11,9,160,0.1111111111111111,0.0,0.04761111903969047
18863,2020-04-05,Orleans,2,13,16,176,0.125,0.0,0.0500461839747554
18864,2020-04-06,Orleans,2,15,17,193,0.11764705882352941,0.0,0.048245463686640164
18865,2020-04-07,Orleans,1,16,14,207,0.07142857142857142,0.0,0.05334750450296669
18866,2020-04-08,Orleans,6,22,27,234,0.2222222222222222,1.0,0.06922052037598256
18867,2020-04-09,Orleans,2,24,14,248,0.14285714285714285,1.0,0.06294108552511915
18868,2020-04-10,Orleans,0,24,3,251,0.0,1.0,0.05644757903161265
18869,2020-04-11,Orleans,1,25,7,258,0.14285714285714285,1.0,0.05871515272775777
18870,2020-04-12,Orleans,1,26,6,264,0.16666666666666666,0.0,0.06169134320394825
18871,2020-04-13,Orleans,5,31,18,282,0.2777777777777778,1.0,0.07312925170068027
18872,2020-04-14,Orleans,2,33,8,290,0.25,1.0,0.08588435374149658
18873,2020-04-15,Orleans,1,34,5,295,0.2,0.0,0.08429705215419502
18874,2020-04-16,Orleans,0,34,4,299,0.0,0.0,0.07409297052154196
18875,2020-04-17,Orleans,7,41,14,313,0.5,1.0,0.10980725623582767
18876,2020-04-18,Orleans,5,46,35,348,0.14285714285714285,1.0,0.10980725623582767
18877,2020-04-19,Orleans,0,46,3,351,0.0,1.0,0.09790249433106576
18878,2020-04-20,Orleans,7,53,33,384,0.21212121212121213,1.0,0.09321273964131106
18879,2020-04-21,Orleans,3,56,11,395,0.2727272727272727,1.0,0.09483611626468769
18880,2020-04-22,Orleans,3,59,11,406,0.2727272727272727,1.0,0.10003092145949288
18881,2020-04-23,Orleans,1,60,13,419,0.07692307692307693,1.0,0.10552542695399837
18882,2020-04-24,Orleans,15,75,98,517,0.15306122448979592,2.0,0.08074408584612666
18883,2020-04-25,Orleans,5,80,28,545,0.17857142857142858,2.0,0.08329510625428993
18884,2020-04-26,Orleans,0,80,14,559,0.0,2.0,0.08329510625428993
18885,2020-04-27,Orleans,0,80,8,567,0.0,1.0,0.06814359110277478
18886,2020-04-28,Orleans,5,85,26,593,0.19230769230769232,2.0,0.062399335358519034
18887,2020-04-29,Orleans,4,89,35,628,0.11428571428571428,2.0,0.051082081184122004
18888,2020-04-30,Orleans,3,92,23,651,0.13043478260869565,2.0,0.05490434587595191
18889,2020-05-01,Orleans,1,93,29,680,0.034482758620689655,1.0,0.046434455456730035
18890,2020-05-02,Orleans,4,97,22,702,0.18181818181818182,1.0,0.0466663664029267
18891,2020-05-03,Orleans,0,97,21,723,0.0,1.0,0.0466663664029267
18892,2020-05-04,Orleans,2,99,15,738,0.13333333333333333,1.0,0.05619017592673622
18893,2020-05-05,Orleans,4,103,36,774,0.1111111111111111,1.0,0.05039042012698042
18894,2020-05-06,Orleans,5,108,33,807,0.15151515151515152,1.0,0.053049665643368785
18895,2020-05-07,Orleans,13,121,62,869,0.20967741935483872,2.0,0.058709853982379004
18896,2020-05-08,Orleans,1,122,29,898,0.034482758620689655,2.0,0.05870985398237901
18897,2020-05-09,Orleans,4,126,41,939,0.0975609756097561,2.0,0.05269148211034859
18898,2020-05-10,Orleans,4,130,40,979,0.1,2.0,0.05983433925320574
18899,2020-05-11,Orleans,3,133,31,1010,0.0967741935483871,2.0,0.05722297212570958
18900,2020-05-12,Orleans,9,142,61,1071,0.14754098360655737,2.0,0.05982510587538432
18901,2020-05-13,Orleans,3,145,57,1128,0.05263157894736842,2.0,0.052761993549114095
18902,2020-05-14,Orleans,2,147,38,1166,0.05263157894736842,1.0,0.04154443352000907
18903,2020-05-15,Orleans,16,163,102,1268,0.1568627450980392,2.0,0.050285861125534036
18904,2020-05-16,Orleans,4,167,59,1327,0.06779661016949153,2.0,0.048159835022658005
18905,2020-05-17,Orleans,0,167,42,1369,0.0,2.0,0.04101697787980086
18906,2020-05-18,Orleans,1,168,48,1417,0.020833333333333332,2.0,0.03559263072158274
18907,2020-05-19,Orleans,3,171,60,1477,0.05,2.0,0.028625417606828636
18908,2020-05-20,Orleans,3,174,98,1575,0.030612244897959183,2.0,0.027052608031870835
18909,2020-05-21,Orleans,1,175,50,1625,0.02,2.0,0.02472178096420166
18910,2020-05-22,Orleans,21,196,85,1710,0.24705882352941178,2.0,0.031164357995013985
18911,2020-05-23,Orleans,6,202,129,1839,0.046511627906976744,2.0,0.02964400211912007
18912,2020-05-24,Orleans,3,205,63,1902,0.047619047619047616,2.0,0.03304536266333776
18913,2020-05-25,Orleans,3,208,49,1951,0.061224489795918366,2.0,0.03593044526780812
18914,2020-05-26,Orleans,2,210,44,1995,0.045454545454545456,2.0,0.035605769943132796
18915,2020-05-27,Orleans,2,212,117,2112,0.017094017094017096,2.0,0.03464018224285122
18916,2020-05-28,Orleans,4,216,112,2224,0.03571428571428571,2.0,0.03576263122244305
18917,2020-05-29,Orleans,12,228,83,2307,0.14457831325301204,2.0,0.028442594774128787
18918,2020-05-30,Orleans,1,229,101,2408,0.009900990099009901,1.0,0.025827549216416872
18919,2020-05-31,Orleans,7,236,105,2513,0.06666666666666667,2.0,0.027188093434103947
18920,2020-06-01,Orleans,5,241,89,2602,0.056179775280898875,2.0,0.026827756683031122
18921,2020-06-02,Orleans,5,246,157,2759,0.03184713375796178,2.0,0.025855798704703722
18922,2020-06-03,Orleans,1,247,81,2840,0.012345679012345678,2.0,0.025516631698870047
18923,2020-06-04,Orleans,0,247,102,2942,0.0,2.0,0.022965611290706782
18924,2020-06-05,Orleans,7,254,183,3125,0.03825136612021858,1.0,0.015370829352650106
18925,2020-06-06,Orleans,1,255,115,3240,0.008695652173913044,1.0,0.015284733786571759
18926,2020-06-07,Orleans,1,256,69,3309,0.014492753623188406,1.0,0.011558025712037597
18927,2020-06-08,Orleans,1,257,77,3386,0.012987012987012988,1.0,0.008472828405331463
18928,2020-06-09,Orleans,2,259,117,3503,0.017094017094017096,0.0,0.007419034357906842
18929,2020-06-10,Orleans,1,260,89,3592,0.011235955056179775,0.0,0.007339768361037849
18930,2020-06-11,Orleans,0,260,89,3681,0.0,0.0,0.007339768361037849
18931,2020-06-12,Orleans,1,261,114,3795,0.008771929824561403,0.0,0.005234094339919479
18932,2020-06-13,Orleans,6,267,92,3887,0.06521739130434782,0.0,0.009271361420664823
18933,2020-06-14,Orleans,1,268,60,3947,0.016666666666666666,0.0,0.009426640923770411
18934,2020-06-15,Orleans,0,268,117,4064,0.0,0.0,0.008498997138983768
18935,2020-06-16,Orleans,2,270,81,4145,0.024691358024691357,0.0,0.009041664348317645
18936,2020-06-17,Orleans,1,271,121,4266,0.008264462809917356,0.0,0.008829414902156043
18937,2020-06-18,Orleans,3,274,110,4376,0.02727272727272727,1.0,0.01077746685020799
18938,2020-06-19,Orleans,1,275,89,4465,0.011235955056179775,1.0,0.010953468652466446
18939,2020-06-20,Orleans,1,276,97,4562,0.010309278350515464,0.0,0.007031460584335563
18940,2020-06-21,Orleans,0,276,111,4673,0.0,0.0,0.0058409843938593735
18941,2020-06-22,Orleans,1,277,98,4771,0.01020408163265306,0.0,0.006569847367620306
18942,2020-06-23,Orleans,0,277,53,4824,0.0,0.0,0.004806178937285209
18943,2020-06-24,Orleans,2,279,85,4909,0.023529411764705882,0.0,0.005896532434055818
18944,2020-06-25,Orleans,0,279,37,4946,0.0,0.0,0.00394848048600387
18945,2020-06-26,Orleans,1,280,128,5074,0.0078125,0.0,0.003703947981991029
18946,2020-06-27,Orleans,1,281,98,5172,0.01020408163265306,0.0,0.003696433930715143
18947,2020-06-28,Orleans,0,281,121,5293,0.0,0.0,0.003696433930715143
18948,2020-06-29,Orleans,0,281,70,5363,0.0,0.0,0.00296757095695421
18949,2020-06-30,Orleans,0,281,84,5447,0.0,0.0,0.00296757095695421
18950,2020-07-01,Orleans,1,282,68,5515,0.014705882352941176,0.0,0.0023373188561138744
18951,2020-07-02,Orleans,0,282,78,5593,0.0,0.0,0.0023373188561138744
18952,2020-07-03,Orleans,0,282,152,5745,0.0,0.0,0.0017792831418281599
18953,2020-07-04,Orleans,0,282,138,5883,0.0,0.0,0.0010504201680672268
18954,2020-07-05,Orleans,2,284,95,5978,0.021052631578947368,0.0,0.0025541795665634673
18955,2020-07-06,Orleans,1,285,98,6076,0.01020408163265306,0.0,0.0032830425403244
18956,2020-07-07,Orleans,1,286,115,6191,0.008695652173913044,0.0,0.003904160552746761
18957,2020-07-08,Orleans,0,286,41,6232,0.0,0.0,0.002853740384679534
18958,2020-07-09,Orleans,1,287,140,6372,0.007142857142857143,0.0,0.003363944466312187
18959,2020-07-10,Orleans,0,287,105,6477,0.0,0.0,0.003363944466312187
18960,2020-07-11,Orleans,0,287,144,6621,0.0,0.0,0.003363944466312187
18961,2020-07-12,Orleans,0,287,66,6687,0.0,0.0,0.001860185067815946
18962,2020-07-13,Orleans,1,288,65,6752,0.015384615384615385,0.0,0.0022302231929561124
18963,2020-07-14,Orleans,0,288,81,6833,0.0,0.0,0.001609105180533752
18964,2020-07-15,Orleans,0,288,147,6980,0.0,0.0,0.001609105180533752
18965,2020-07-16,Orleans,0,288,73,7053,0.0,0.0,0.001098901098901099
18966,2020-07-17,Orleans,0,288,114,7167,0.0,0.0,0.001098901098901099
18967,2020-07-18,Orleans,0,288,48,7215,0.0,0.0,0.001098901098901099
18968,2020-07-19,Orleans,0,288,64,7279,0.0,0.0,0.001098901098901099
18969,2020-07-20,Orleans,0,288,90,7369,0.0,0.0,0.0
18970,2020-07-21,Orleans,0,288,72,7441,0.0,0.0,0.0
18971,2020-07-22,Orleans,0,288,78,7519,0.0,0.0,0.0
18972,2020-07-23,Orleans,1,289,85,7604,0.011764705882352941,0.0,0.0008403361344537815
18973,2020-07-24,Orleans,0,289,71,7675,0.0,0.0,0.0008403361344537815
18974,2020-07-25,Orleans,1,290,70,7745,0.014285714285714285,0.0,0.0018607442977190876
18975,2020-07-26,Orleans,0,290,75,7820,0.0,0.0,0.0018607442977190876
18976,2020-07-27,Orleans,0,290,74,7894,0.0,0.0,0.0018607442977190876
18977,2020-07-28,Orleans,1,291,111,8005,0.009009009009009009,0.0,0.0025042449412197307
18978,2020-07-29,Orleans,0,291,80,8085,0.0,0.0,0.0025042449412197307
18979,2020-07-30,Orleans,2,293,100,8185,0.02,0.0,0.0030924802353373784
18980,2020-07-31,Orleans,2,295,170,8355,0.011764705882352941,0.0,0.00393281636979116
18981,2020-08-01,Orleans,0,295,81,8436,0.0,0.0,0.0029124082065258537
18982,2020-08-02,Orleans,0,295,61,8497,0.0,0.0,0.0029124082065258537
18983,2020-08-03,Orleans,0,295,123,8620,0.0,0.0,0.0029124082065258537
18984,2020-08-04,Orleans,2,297,162,8782,0.012345679012345678,0.0,0.003150741778192759
18985,2020-08-05,Orleans,0,297,66,8848,0.0,0.0,0.003150741778192759
18986,2020-08-06,Orleans,0,297,111,8959,0.0,0.0,0.00172217034962133
18987,2020-08-07,Orleans,1,298,199,9158,0.005025125628140704,0.0,0.0012407717600347416
18988,2020-08-08,Orleans,0,298,89,9247,0.0,0.0,0.0012407717600347416
18989,2020-08-09,Orleans,0,298,65,9312,0.0,0.0,0.0012407717600347416
18990,2020-08-10,Orleans,0,298,110,9422,0.0,0.0,0.0012407717600347416
18991,2020-08-11,Orleans,0,298,110,9532,0.0,0.0,0.0003589375448671931
18992,2020-08-12,Orleans,1,299,166,9698,0.006024096385542169,0.0,0.0007892301438344908
18993,2020-08-13,Orleans,0,299,113,9811,0.0,0.0,0.0007892301438344908
18994,2020-08-14,Orleans,1,300,104,9915,0.009615384615384616,0.0,0.0011171057857804845
18995,2020-08-15,Orleans,1,301,174,10089,0.005747126436781609,0.0,0.0015276148169791708
18996,2020-08-16,Orleans,1,302,75,10164,0.013333333333333334,0.0,0.0024799957693601234
18997,2020-08-17,Orleans,0,302,96,10260,0.0,0.0,0.0024799957693601234
18998,2020-08-18,Orleans,1,303,134,10394,0.007462686567164179,0.0,0.00301304480987185
18999,2020-08-19,Orleans,0,303,95,10489,0.0,0.0,0.0025827522109045523
19000,2020-08-20,Orleans,0,303,94,10583,0.0,0.0,0.0025827522109045523
19001,2020-08-21,Orleans,1,304,130,10713,0.007692307692307693,0.0,0.0024453895735419154
19002,2020-08-22,Orleans,0,304,111,10824,0.0,0.0,0.002034880542343229
19003,2020-08-23,Orleans,0,304,99,10923,0.0,0.0,0.0010824995899622765
19004,2020-08-24,Orleans,0,304,67,10990,0.0,0.0,0.0010824995899622765
19005,2020-08-25,Orleans,1,305,143,11133,0.006993006993006993,0.0,0.001048951048951049
19006,2020-08-26,Orleans,0,305,105,11238,0.0,0.0,0.001048951048951049
19007,2020-08-27,Orleans,1,306,97,11335,0.010309278350515464,0.0,0.0017853280739878678
19008,2020-08-28,Orleans,0,306,147,11482,0.0,0.0,0.0012358775245373183
19009,2020-08-29,Orleans,0,306,114,11596,0.0,0.0,0.0012358775245373183
19010,2020-08-30,Orleans,0,306,118,11714,0.0,0.0,0.0012358775245373183
19011,2020-08-31,Orleans,0,306,71,11785,0.0,0.0,0.0012358775245373183
19012,2020-09-01,Orleans,0,306,112,11897,0.0,0.0,0.0007363770250368188
19013,2020-09-02,Orleans,0,306,184,12081,0.0,0.0,0.0007363770250368188
19014,2020-09-03,Orleans,1,307,225,12306,0.0044444444444444444,0.0,0.00031746031746031746
19015,2020-09-04,Orleans,3,310,161,12467,0.018633540372670808,0.0,0.0016484274869368039
19016,2020-09-05,Orleans,4,314,347,12814,0.011527377521613832,0.0,0.0024718115956235062
19017,2020-09-06,Orleans,1,315,66,12880,0.015151515151515152,0.0,0.0035540626778745887
19018,2020-09-07,Orleans,2,317,130,13010,0.015384615384615385,0.0,0.004652963776775688
19019,2020-09-08,Orleans,0,317,86,13096,0.0,0.0,0.004652963776775688
19020,2020-09-09,Orleans,1,318,99,13195,0.010101010101010102,0.0,0.0053744644982764095
19021,2020-09-10,Orleans,2,320,195,13390,0.010256410256410256,0.0,0.005789604913416824
19022,2020-09-11,Orleans,1,321,123,13513,0.008130081300813009,0.0,0.005039357836855552
19023,2020-09-12,Orleans,0,321,132,13645,0.0,0.0,0.00421597372816885
19024,2020-09-13,Orleans,0,321,81,13726,0.0,0.0,0.0031337226459177683
19025,2020-09-14,Orleans,1,322,57,13783,0.017543859649122806,0.0,0.00328795437909687
19026,2020-09-15,Orleans,0,322,165,13948,0.0,0.0,0.00328795437909687
19027,2020-09-16,Orleans,0,322,251,14199,0.0,0.0,0.002566453657596148
19028,2020-09-17,Orleans,0,322,160,14359,0.0,0.0,0.0018338529249954155
19029,2020-09-18,Orleans,1,323,240,14599,0.004166666666666667,0.0,0.001550751879699248
19030,2020-09-19,Orleans,0,323,171,14770,0.0,0.0,0.001550751879699248
19031,2020-09-20,Orleans,1,324,62,14832,0.016129032258064516,0.0,0.002702825612418142
19032,2020-09-21,Orleans,1,325,278,15110,0.0035971223021582736,0.0,0.001706630087634961
19033,2020-09-22,Orleans,0,325,144,15254,0.0,0.0,0.001706630087634961
19034,2020-09-23,Orleans,2,327,256,15510,0.0078125,0.0,0.002264665801920675
19035,2020-09-24,Orleans,3,330,164,15674,0.018292682926829267,0.0,0.0035712860109799087
19036,2020-09-25,Orleans,2,332,149,15823,0.013422818791946308,0.0,0.004232439734214169
19037,2020-09-26,Orleans,3,335,162,15985,0.018518518518518517,0.0,0.005555191056965491
19038,2020-09-27,Orleans,0,335,80,16065,0.0,0.0,0.004403117324246597
19039,2020-09-28,Orleans,0,335,131,16196,0.0,0.0,0.004146180016949578
19040,2020-09-29,Orleans,1,336,135,16331,0.007407407407407408,0.0,0.004675280546050107
19041,2020-09-30,Orleans,0,336,192,16523,0.0,0.0,0.0041172448317643925
19042,2020-10-01,Orleans,0,336,118,16641,0.0,0.0,0.0028106246227051594
19043,2020-10-02,Orleans,1,337,164,16805,0.006097560975609756,0.0,0.002287391921538263
19044,2020-10-03,Orleans,0,337,130,16935,0.0,0.0,0.0009646405987869403
19045,2020-10-04,Orleans,0,337,47,16982,0.0,0.0,0.0009646405987869403
19046,2020-10-05,Orleans,1,338,89,17071,0.011235955056179775,0.0,0.0017672088170854955
19047,2020-10-06,Orleans,2,340,148,17219,0.013513513513513514,0.0,0.0022033592532359316
19048,2020-10-07,Orleans,2,342,190,17409,0.010526315789473684,0.0,0.002955238952484052
19049,2020-10-08,Orleans,1,343,163,17572,0.006134969325153374,0.0,0.0033934510471378644
19050,2020-10-09,Orleans,1,344,178,17750,0.0056179775280898875,0.0,0.003359195086600731
19051,2020-10-10,Orleans,6,350,170,17920,0.03529411764705882,0.0,0.005880203489962076
19052,2020-10-11,Orleans,2,352,81,18001,0.024691358024691357,1.0,0.0076438719202971735
19053,2020-10-12,Orleans,2,354,133,18134,0.015037593984962405,1.0,0.00791541755806736
19054,2020-10-13,Orleans,1,355,97,18231,0.010309278350515464,1.0,0.007686543617853215
19055,2020-10-14,Orleans,1,356,175,18406,0.005714285714285714,1.0,0.007342827183911217
19056,2020-10-15,Orleans,3,359,176,18582,0.017045454545454544,1.0,0.00812214755678987
19057,2020-10-16,Orleans,1,360,161,18743,0.006211180124223602,1.0,0.008164519170799422
19058,2020-10-17,Orleans,2,362,105,18848,0.01904761904761905,0.0,0.007004054985125152
19059,2020-10-18,Orleans,1,363,133,18981,0.007518796992481203,0.0,0.005777443482824427
19060,2020-10-19,Orleans,5,368,105,19086,0.047619047619047616,1.0,0.00810469017097337
19061,2020-10-20,Orleans,8,376,114,19200,0.07017543859649122,1.0,0.012380844474257354
19062,2020-10-21,Orleans,2,378,190,19390,0.010526315789473684,1.0,0.012724560908199354
19063,2020-10-22,Orleans,1,379,174,19564,0.005747126436781609,1.0,0.011917537471865572
19064,2020-10-23,Orleans,6,385,228,19792,0.02631578947368421,1.0,0.013353580996827041
19065,2020-10-24,Orleans,8,393,137,19929,0.058394160583941604,2.0,0.01616404824942151
19066,2020-10-25,Orleans,6,399,167,20096,0.03592814371257485,2.0,0.01819328730085677
19067,2020-10-26,Orleans,2,401,146,20242,0.0136986301369863,2.0,0.015770400337852392
19068,2020-10-27,Orleans,5,406,106,20348,0.04716981132075472,2.0,0.014127141246728354
19069,2020-10-28,Orleans,6,412,205,20553,0.02926829268292683,2.0,0.015465853881975009
19070,2020-10-29,Orleans,1,413,158,20711,0.006329113924050633,2.0,0.015507424416779938
19071,2020-10-30,Orleans,0,413,149,20860,0.0,2.0,0.013627725168659637
19072,2020-10-31,Orleans,0,413,157,21017,0.0,1.0,0.009456713698378095
19073,2020-11-01,Orleans,2,415,196,21213,0.01020408163265306,1.0,0.007619280692669396
19074,2020-11-02,Orleans,3,418,132,21345,0.022727272727272728,1.0,0.008264183734832712
19075,2020-11-03,Orleans,3,421,96,21441,0.03125,1.0,0.007127054354778804
19076,2020-11-04,Orleans,1,422,182,21623,0.005494505494505495,0.0,0.005428926698462995
19077,2020-11-05,Orleans,7,429,191,21814,0.03664921465968586,1.0,0.007594648179579796
19078,2020-11-06,Orleans,5,434,234,22048,0.021367521367521368,1.0,0.009120899705831324
19079,2020-11-07,Orleans,8,442,161,22209,0.049689440993788817,2.0,0.012670145491101953
19080,2020-11-08,Orleans,8,450,63,22272,0.12698412698412698,2.0,0.021011577301921516
19081,2020-11-09,Orleans,3,453,181,22453,0.016574585635359115,2.0,0.020572099652499117
19082,2020-11-10,Orleans,13,466,214,22667,0.06074766355140187,3.0,0.02267907562045639
19083,2020-11-11,Orleans,14,480,133,22800,0.10526315789473684,4.0,0.02980540793475863
19084,2020-11-12,Orleans,18,498,238,23038,0.07563025210084033,4.0,0.03258976775198395
19085,2020-11-13,Orleans,10,508,242,23280,0.04132231404958678,5.0,0.034015110086417194
19086,2020-11-14,Orleans,7,515,64,23344,0.109375,5.0,0.03827836430114657
19087,2020-11-15,Orleans,6,521,141,23485,0.0425531914893617,5.0,0.032247583194377615
19088,2020-11-16,Orleans,5,526,197,23682,0.025380710659898477,5.0,0.032876592124701856
19089,2020-11-17,Orleans,12,538,136,23818,0.08823529411764706,5.0,0.034839994308005086
19090,2020-11-18,Orleans,10,548,192,24010,0.052083333333333336,4.0,0.031041435410761976
19091,2020-11-19,Orleans,2,550,89,24099,0.02247191011235955,3.0,0.02724441098301335
19092,2020-11-20,Orleans,4,554,233,24332,0.017167381974248927,3.0,0.02551905869191779
19093,2020-11-21,Orleans,7,561,119,24451,0.058823529411764705,3.0,0.0219082393641867
19094,2020-11-22,Orleans,15,576,385,24836,0.03896103896103896,3.0,0.021651657040735073
19095,2020-11-23,Orleans,5,581,258,25094,0.01937984496124031,3.0,0.021223023776545204
19096,2020-11-24,Orleans,4,585,178,25272,0.02247191011235955,3.0,0.016525639204738953
19097,2020-11-25,Orleans,13,598,243,25515,0.053497942386831275,3.0,0.01662668270856024
19098,2020-11-26,Orleans,6,604,225,25740,0.02666666666666667,3.0,0.016926308176725028
19099,2020-11-27,Orleans,14,618,175,25915,0.08,4.0,0.021414352321421533
19100,2020-11-28,Orleans,5,623,387,26302,0.012919896640826873,4.0,0.018135521409211687
19101,2020-11-29,Orleans,7,630,175,26477,0.04,3.0,0.01820973291199462
19102,2020-11-30,Orleans,4,634,137,26614,0.029197080291970802,3.0,0.0189109640070468
19103,2020-12-01,Orleans,11,645,296,26910,0.037162162162162164,4.0,0.019960267724889843
19104,2020-12-02,Orleans,7,652,193,27103,0.03626943005181347,3.0,0.018729659700959998
19105,2020-12-03,Orleans,20,672,391,27494,0.05115089514066496,4.0,0.020478533163388445
19106,2020-12-04,Orleans,21,693,308,27802,0.06818181818181818,5.0,0.0196343773192326
19107,2020-12-05,Orleans,15,708,212,28014,0.07075471698113207,6.0,0.023765435914968686
19108,2020-12-06,Orleans,13,721,190,28204,0.06842105263157895,6.0,0.02579551110293862
19109,2020-12-07,Orleans,9,730,150,28354,0.06,6.0,0.02799571965351213
19110,2020-12-08,Orleans,26,756,235,28589,0.11063829787234042,7.0,0.033244015061382005
19111,2020-12-09,Orleans,32,788,230,28819,0.1391304347826087,9.0,0.04059122968501023
19112,2020-12-10,Orleans,28,816,288,29107,0.09722222222222222,10.0,0.043882038762264326
19113,2020-12-11,Orleans,22,838,370,29477,0.05945945945945946,10.0,0.0432590131392387
19114,2020-12-12,Orleans,22,860,316,29793,0.06962025316455696,10.0,0.04317798000948333
19115,2020-12-13,Orleans,27,887,210,30003,0.12857142857142856,11.0,0.0474744354337583
19116,2020-12-14,Orleans,17,904,175,30178,0.09714285714285714,12.0,0.0501274966582481
19117,2020-12-15,Orleans,19,923,151,30329,0.12582781456953643,11.0,0.051212462136619244
19118,2020-12-16,Orleans,27,950,216,30545,0.125,11.0,0.05020314536643291
19119,2020-12-17,Orleans,38,988,634,31179,0.05993690851735016,12.0,0.04753990867322777
19120,2020-12-18,Orleans,30,1018,428,31607,0.07009345794392523,12.0,0.04829947999354676
19121,2020-12-19,Orleans,38,1056,401,32008,0.09476309226932668,14.0,0.050095397072458865
19122,2020-12-20,Orleans,25,1081,224,32232,0.11160714285714286,13.0,0.04888366237858133
19123,2020-12-21,Orleans,15,1096,184,32416,0.08152173913043478,13.0,0.04776786823483687
19124,2020-12-22,Orleans,43,1139,637,33053,0.06750392464678179,15.0,0.04360187609749725
19125,2020-12-23,Orleans,15,1154,215,33268,0.06976744186046512,14.0,0.039656693373244754
19126,2020-12-24,Orleans,26,1180,406,33674,0.06403940886699508,13.0,0.039949729112505106
19127,2020-12-25,Orleans,39,1219,261,33935,0.14942528735632185,14.0,0.045616288356247724
19128,2020-12-26,Orleans,22,1241,253,34188,0.08695652173913043,13.0,0.04505867617551943
19129,2020-12-27,Orleans,12,1253,153,34341,0.0784313725490196,12.0,0.042688978296367766
19130,2020-12-28,Orleans,6,1259,132,34473,0.045454545454545456,11.0,0.04011275017666138
19131,2020-12-29,Orleans,65,1324,617,35090,0.1053484602917342,13.0,0.042815931294157984
19132,2020-12-30,Orleans,35,1359,345,35435,0.10144927536231885,14.0,0.04507891940143325
19133,2020-12-31,Orleans,38,1397,507,35942,0.07495069033530571,15.0,0.045858296649169725
19134,2021-01-01,Orleans,25,1422,178,36120,0.1404494382022472,14.0,0.04521716456673582
19135,2021-01-02,Orleans,19,1441,212,36332,0.08962264150943396,14.0,0.04540760169318606
19136,2021-01-03,Orleans,23,1464,186,36518,0.12365591397849462,15.0,0.04863792608100571
19137,2021-01-04,Orleans,35,1499,204,36722,0.1715686274509804,17.0,0.057646074795036785
19138,2021-01-05,Orleans,22,1521,240,36962,0.09166666666666666,14.0,0.056668803821817666
19139,2021-01-06,Orleans,31,1552,298,37260,0.1040268456375839,13.0,0.0568529159843366
19140,2021-01-07,Orleans,77,1629,964,38224,0.07987551867219916,16.0,0.05720468943697186
19141,2021-01-08,Orleans,32,1661,345,38569,0.0927536231884058,17.0,0.05379784550741175
19142,2021-01-09,Orleans,41,1702,328,38897,0.125,18.0,0.056324799685309325
19143,2021-01-10,Orleans,14,1716,212,39109,0.0660377358490566,18.0,0.052209215533206614
19144,2021-01-11,Orleans,21,1737,271,39380,0.07749077490774908,17.0,0.045489368922975795
19145,2021-01-12,Orleans,28,1765,231,39611,0.12121212121212122,17.0,0.04759975853336541
19146,2021-01-13,Orleans,33,1798,295,39906,0.11186440677966102,17.0,0.04815958432922807
19147,2021-01-14,Orleans,53,1851,998,40904,0.0531062124248497,15.0,0.04624749102584596
19148,2021-01-15,Orleans,31,1882,434,41338,0.07142857142857142,15.0,0.04472427304300065
19149,2021-01-16,Orleans,16,1898,312,41650,0.05128205128205128,14.0,0.039458705277432886
19150,2021-01-17,Orleans,10,1908,211,41861,0.04739336492890995,13.0,0.03812696449742241
19151,2021-01-18,Orleans,11,1919,222,42083,0.04954954954954955,13.0,0.03613116268612244
19152,2021-01-19,Orleans,26,1945,231,42314,0.11255411255411256,12.0,0.03551273349626467
19153,2021-01-20,Orleans,23,1968,349,42663,0.0659025787965616,12.0,0.032229745783186145
19154,2021-01-21,Orleans,35,2003,726,43389,0.048209366391184574,10.0,0.031879971066495774
19155,2021-01-22,Orleans,21,2024,289,43678,0.0726643598615917,10.0,0.03196824166885437
19156,2021-01-23,Orleans,8,2032,238,43916,0.03361344537815126,9.0,0.03070619839000437
19157,2021-01-24,Orleans,10,2042,206,44122,0.04854368932038835,9.0,0.030788364417967114
19158,2021-01-25,Orleans,20,2062,309,44431,0.06472491909385113,10.0,0.03187231938541722
19159,2021-01-26,Orleans,21,2083,279,44710,0.07526881720430108,9.0,0.029209084003287835
19160,2021-01-27,Orleans,30,2113,327,45037,0.09174311926605505,10.0,0.031054836893965935
19161,2021-01-28,Orleans,33,2146,612,45649,0.05392156862745098,10.0,0.03146285133941354
19162,2021-01-29,Orleans,12,2158,321,45970,0.037383177570093455,9.0,0.02894276689002081
19163,2021-01-30,Orleans,15,2173,221,46191,0.06787330316742081,10.0,0.031389899589254346
19164,2021-01-31,Orleans,7,2180,173,46364,0.04046242774566474,9.0,0.03081266661963123
19165,2021-02-01,Orleans,10,2190,218,46582,0.045871559633027525,9.0,0.02946599808671526
19166,2021-02-02,Orleans,25,2215,213,46795,0.11737089201877934,9.0,0.03247328914489228
19167,2021-02-03,Orleans,35,2250,369,47164,0.0948509485094851,9.0,0.03269527694799442
19168,2021-02-04,Orleans,31,2281,404,47568,0.07673267326732673,9.0,0.034324641565128405
19169,2021-02-05,Orleans,13,2294,300,47868,0.043333333333333335,9.0,0.034749652691074114
19170,2021-02-06,Orleans,15,2309,220,48088,0.06818181818181818,9.0,0.03477168947781678
19171,2021-02-07,Orleans,9,2318,191,48279,0.04712041884816754,9.0,0.0352472602708527
19172,2021-02-08,Orleans,6,2324,179,48458,0.0335195530726257,9.0,0.034364974087966856
19173,2021-02-09,Orleans,3,2327,161,48619,0.018633540372670808,8.0,0.027312306113244814
19174,2021-02-10,Orleans,9,2336,374,48993,0.02406417112299465,6.0,0.022256107728495494
19175,2021-02-11,Orleans,17,2353,339,49332,0.05014749262536873,5.0,0.02035716625406992
19176,2021-02-12,Orleans,10,2363,242,49574,0.04132231404958678,4.0,0.020213522019516598
19177,2021-02-13,Orleans,4,2367,195,49769,0.020512820512820513,4.0,0.016808593614588193
19178,2021-02-14,Orleans,3,2370,203,49972,0.014778325123152709,3.0,0.014498444062801418
19179,2021-02-15,Orleans,3,2373,145,50117,0.020689655172413793,3.0,0.013582022784214857
19180,2021-02-16,Orleans,6,2379,166,50283,0.03614457831325301,3.0,0.014832811208542154
19181,2021-02-17,Orleans,2,2381,242,50525,0.008264462809917356,3.0,0.013704260614750921
19182,2021-02-18,Orleans,6,2387,250,50775,0.024,2.0,0.011836582570081725
19183,2021-02-19,Orleans,7,2394,227,51002,0.030837004405286344,2.0,0.011087631881203123
19184,2021-02-20,Orleans,4,2398,215,51217,0.018604651162790697,2.0,0.010951334070486709
19185,2021-02-21,Orleans,5,2403,177,51394,0.02824858757062147,2.0,0.011913495673877336
19186,2021-02-22,Orleans,6,2409,179,51573,0.0335195530726257,2.0,0.012829916952463898
19187,2021-02-23,Orleans,13,2422,294,51867,0.04421768707482993,3.0,0.013406567578290821
19188,2021-02-24,Orleans,11,2433,354,52221,0.031073446327683617,3.0,0.015035780686702695
19189,2021-02-25,Orleans,6,2439,304,52525,0.019736842105263157,3.0,0.014731269408507205
19190,2021-02-26,Orleans,5,2444,245,52770,0.02040816326530612,3.0,0.013986352184222907
19191,2021-02-27,Orleans,3,2447,215,52985,0.013953488372093023,3.0,0.013654126270601643
19192,2021-02-28,Orleans,4,2451,150,53135,0.02666666666666667,3.0,0.013541131920319157
19193,2021-03-01,Orleans,1,2452,164,53299,0.006097560975609756,3.0,0.011582418199103734
19194,2021-03-02,Orleans,4,2456,230,53529,0.017391304347826087,2.0,0.009666248004317745
19195,2021-03-03,Orleans,7,2463,282,53811,0.024822695035460994,2.0,0.009219765769158986
19196,2021-03-04,Orleans,4,2467,329,54140,0.0121580547112462,2.0,0.008678423812443489
19197,2021-03-05,Orleans,5,2472,216,54356,0.023148148148148147,2.0,0.008874137018360777
19198,2021-03-06,Orleans,5,2477,205,54561,0.024390243902439025,2.0,0.009619619556242633
19199,2021-03-07,Orleans,4,2481,176,54737,0.022727272727272728,2.0,0.009338234274857351
19200,2021-03-08,Orleans,1,2482,131,54868,0.007633587786259542,2.0,0.009447950475618054
19201,2021-03-09,Orleans,4,2486,270,55138,0.014814814814814815,2.0,0.00926391550897439
19202,2021-03-10,Orleans,4,2490,283,55421,0.014134275618374558,1.0,0.0085004569791825
19203,2021-03-11,Orleans,7,2497,275,55696,0.025454545454545455,2.0,0.00945020631798959
19204,2021-03-12,Orleans,7,2504,257,55953,0.027237354085603113,2.0,0.00974229245637923
19205,2021-03-13,Orleans,4,2508,215,56168,0.018604651162790697,2.0,0.009329035832118636
19206,2021-03-14,Orleans,2,2510,122,56290,0.01639344262295082,2.0,0.008876619396095643
19207,2021-03-15,Orleans,2,2512,182,56472,0.01098901098901099,2.0,0.00911629248200646
19208,2021-03-16,Orleans,3,2515,334,56806,0.008982035928143712,2.0,0.00869966541867281
19209,2021-03-17,Orleans,5,2520,250,57056,0.02,2.0,0.009118645731646056
19210,2021-03-18,Orleans,12,2532,273,57329,0.04395604395604396,2.0,0.01044018133889595
19211,2021-03-19,Orleans,5,2537,230,57559,0.021739130434782608,2.0,0.010047451078123057
19212,2021-03-20,Orleans,3,2540,207,57766,0.014492753623188406,2.0,0.009753744111008609
19213,2021-03-21,Orleans,6,2546,173,57939,0.03468208092485549,2.0,0.01106007541828751
19214,2021-03-22,Orleans,3,2549,237,58176,0.012658227848101266,2.0,0.011179305193936815
19215,2021-03-23,Orleans,6,2555,270,58446,0.022222222222222223,2.0,0.012125032786370995
19216,2021-03-24,Orleans,4,2559,302,58748,0.013245033112582781,2.0,0.01164253515155548
19217,2021-03-25,Orleans,8,2567,375,59123,0.021333333333333333,2.0,0.010026627249933293
19218,2021-03-26,Orleans,3,2570,313,59436,0.009584664536741214,2.0,0.009158451114358908
19219,2021-03-27,Orleans,4,2574,297,59733,0.013468013468013467,2.0,0.00908525538898927
19220,2021-03-28,Orleans,1,2575,226,59959,0.004424778761061947,2.0,0.0069240195201468735
19221,2021-03-29,Orleans,6,2581,200,60159,0.03,2.0,0.008162717530996783
19222,2021-03-30,Orleans,10,2591,224,60383,0.044642857142857144,2.0,0.00976419145389928
19223,2021-03-31,Orleans,12,2603,252,60635,0.047619047619047616,3.0,0.012219478204361051
19224,2021-04-01,Orleans,7,2610,433,61068,0.016166281755196306,3.0,0.011850403091636976
19225,2021-04-02,Orleans,12,2622,303,61371,0.039603960396039604,3.0,0.013994638510158293
19226,2021-04-03,Orleans,7,2629,215,61586,0.03255813953488372,3.0,0.015358218943506167
19227,2021-04-04,Orleans,8,2637,169,61755,0.047337278106508875,4.0,0.018423397468180946
19228,2021-04-05,Orleans,4,2641,346,62101,0.011560693641618497,4.0,0.017106304156867983
19229,2021-04-06,Orleans,9,2650,203,62304,0.04433497536945813,4.0,0.017084312601625195
19230,2021-04-07,Orleans,8,2658,319,62623,0.025078369905956112,3.0,0.015474264193547232
19231,2021-04-08,Orleans,15,2673,539,63162,0.027829313543599257,4.0,0.01630733789271887
19232,2021-04-09,Orleans,9,2682,279,63441,0.03225806451612903,4.0,0.01578263104415383
19233,2021-04-10,Orleans,9,2691,218,63659,0.04128440366972477,4.0,0.016405935625213905
19234,2021-04-11,Orleans,6,2697,90,63749,0.06666666666666667,4.0,0.017786606236653745
19235,2021-04-12,Orleans,5,2702,312,64061,0.016025641025641024,4.0,0.018105531049798212
19236,2021-04-13,Orleans,14,2716,416,64477,0.03365384615384615,4.0,0.017342593248683074
19237,2021-04-14,Orleans,18,2734,301,64778,0.059800664451827246,5.0,0.01982275714481672
19238,2021-04-15,Orleans,7,2741,343,65121,0.02040816326530612,4.0,0.019292674982081502
19239,2021-04-16,Orleans,13,2754,394,65515,0.03299492385786802,5.0,0.019345307792205717
19240,2021-04-17,Orleans,22,2776,340,65855,0.06470588235294118,6.0,0.0210182705552926
19241,2021-04-18,Orleans,6,2782,227,66082,0.02643171806167401,6.0,0.018144345654935983
19242,2021-04-19,Orleans,10,2792,173,66255,0.057803468208092484,6.0,0.021128476167968226
19243,2021-04-20,Orleans,9,2801,347,66602,0.025936599423631124,6.0,0.020577244258667155
19244,2021-04-21,Orleans,22,2823,387,66989,0.056847545219638244,6.0,0.020366307170653658
19245,2021-04-22,Orleans,11,2834,337,67326,0.032640949554896145,6.0,0.021240077619910088
19246,2021-04-23,Orleans,13,2847,310,67636,0.041935483870967745,6.0,0.02187868904941721
19247,2021-04-24,Orleans,16,2863,484,68120,0.03305785123966942,6.0,0.019618115398469225
19248,2021-04-25,Orleans,6,2869,163,68283,0.03680981595092025,6.0,0.02035940810484396
19249,2021-04-26,Orleans,10,2879,180,68463,0.05555555555555555,6.0,0.020198842915377036
19250,2021-04-27,Orleans,10,2889,215,68678,0.046511627906976744,6.0,0.02166848780704458
19251,2021-04-28,Orleans,21,2910,379,69057,0.055408970976253295,6.0,0.021565732503945657
19252,2021-04-29,Orleans,13,2923,359,69416,0.036211699164345405,6.0,0.021820786047477746
19253,2021-04-30,Orleans,9,2932,277,69693,0.032490974729241874,6.0,0.02114617825164018
19254,2021-05-01,Orleans,9,2941,270,69963,0.03333333333333333,5.0,0.021165855544044748
19255,2021-05-02,Orleans,9,2950,208,70171,0.04326923076923077,5.0,0.02162724231678121
19256,2021-05-03,Orleans,17,2967,149,70320,0.11409395973154363,6.0,0.02580855690078036
19257,2021-05-04,Orleans,9,2976,354,70674,0.025423728813559324,6.0,0.024302278394107684
19258,2021-05-05,Orleans,13,2989,561,71235,0.023172905525846704,5.0,0.02199970229050722
19259,2021-05-06,Orleans,3,2992,269,71504,0.011152416356877323,4.0,0.02020975351854521
19260,2021-05-07,Orleans,8,3000,477,71981,0.016771488469601678,4.0,0.019086933071428055
19261,2021-05-08,Orleans,20,3020,239,72220,0.08368200836820083,5.0,0.02268326700249002
19262,2021-05-09,Orleans,8,3028,208,72428,0.038461538461538464,5.0,0.022339860409083423
19263,2021-05-10,Orleans,3,3031,166,72594,0.018072289156626505,4.0,0.0154811696537322
19264,2021-05-11,Orleans,4,3035,270,72864,0.014814814814814815,4.0,0.014723390082393309
19265,2021-05-12,Orleans,8,3043,490,73354,0.0163265306122449,3.0,0.014234363302850323
19266,2021-05-13,Orleans,5,3048,265,73619,0.018867924528301886,4.0,0.014785471029380647
19267,2021-05-14,Orleans,3,3051,340,73959,0.008823529411764706,3.0,0.014217759668106579
19268,2021-05-15,Orleans,5,3056,200,74159,0.025,2.0,0.01002618764180652
19269,2021-05-16,Orleans,5,3061,136,74295,0.03676470588235294,2.0,0.009904985314721839
19270,2021-05-17,Orleans,2,3063,140,74435,0.014285714285714285,2.0,0.009634515681085252
19271,2021-05-18,Orleans,8,3071,282,74717,0.028368794326241134,2.0,0.01060265707475856
19272,2021-05-19,Orleans,5,3076,352,75069,0.014204545454545454,2.0,0.010451086706351458
19273,2021-05-20,Orleans,3,3079,286,75355,0.01048951048951049,2.0,0.0098526285607235
19274,2021-05-21,Orleans,7,3086,319,75674,0.0219435736677116,2.0,0.010789774579005424
19275,2021-05-22,Orleans,4,3090,144,75818,0.027777777777777776,2.0,0.010988187277418121
19276,2021-05-23,Orleans,3,3093,99,75917,0.030303030303030304,2.0,0.010526639021752219
19277,2021-05-24,Orleans,0,3093,121,76038,0.0,2.0,0.009506230858486913
19278,2021-05-25,Orleans,7,3100,233,76271,0.030042918454935622,2.0,0.00962581115339366
19279,2021-05-26,Orleans,5,3105,379,76650,0.013192612137203167,2.0,0.009553530202154926
19280,2021-05-27,Orleans,2,3107,199,76849,0.010050251256281407,2.0,0.009522154542638562
19281,2021-05-28,Orleans,2,3109,287,77136,0.006968641114982578,1.0,0.008452516503157918
19282,2021-05-29,Orleans,0,3109,126,77262,0.0,1.0,0.006468389519030934
19283,2021-05-30,Orleans,1,3110,65,77327,0.015384615384615385,1.0,0.005402788453429869
19284,2021-05-31,Orleans,0,3110,115,77442,0.0,1.0,0.005402788453429869
19285,2021-06-01,Orleans,0,3110,144,77586,0.0,0.0,0.0032568657066487524
19286,2021-06-02,Orleans,0,3110,335,77921,0.0,0.0,0.002314536268277098
19287,2021-06-03,Orleans,3,3113,165,78086,0.01818181818181818,0.0,0.0028953624772440102
19288,2021-06-04,Orleans,2,3115,228,78314,0.008771929824561403,0.0,0.003024168813642498
19289,2021-06-05,Orleans,2,3117,154,78468,0.012987012987012988,0.0,0.0039518125984291394
19290,2021-06-06,Orleans,0,3117,69,78537,0.0,0.0,0.0028529114995280405
19291,2021-06-07,Orleans,0,3117,172,78709,0.0,0.0,0.0028529114995280405
19292,2021-06-08,Orleans,0,3117,200,78909,0.0,0.0,0.0028529114995280405
19293,2021-06-09,Orleans,0,3117,214,79123,0.0,0.0,0.0028529114995280405
19294,2021-06-10,Orleans,1,3118,175,79298,0.005714285714285714,0.0,0.0019623734661328644
19295,2021-06-11,Orleans,0,3118,210,79508,0.0,0.0,0.0013358070500927644
19296,2021-06-12,Orleans,0,3118,107,79615,0.0,0.0,0.00040816326530612246
19297,2021-06-13,Orleans,0,3118,39,79654,0.0,0.0,0.00040816326530612246
19298,2021-06-14,Orleans,0,3118,98,79752,0.0,0.0,0.00040816326530612246
19299,2021-06-15,Orleans,2,3120,182,79934,0.01098901098901099,0.0,0.0011930926216640503
19300,2021-06-16,Orleans,0,3120,123,80057,0.0,0.0,0.0011930926216640503
19301,2021-06-17,Orleans,0,3120,136,80193,0.0,0.0,0.0007849293563579278
19302,2021-06-18,Orleans,1,3121,143,80336,0.006993006993006993,0.0,0.0012844298558584274
19303,2021-06-19,Orleans,0,3121,98,80434,0.0,0.0,0.0012844298558584274
19304,2021-06-20,Orleans,0,3121,47,80481,0.0,0.0,0.0012844298558584274
19305,2021-06-21,Orleans,0,3121,67,80548,0.0,0.0,0.0012844298558584274
19306,2021-06-22,Orleans,0,3121,106,80654,0.0,0.0,0.0004995004995004995
19307,2021-06-23,Orleans,2,3123,97,80751,0.020618556701030927,0.0,0.001972254549574137
19308,2021-06-24,Orleans,0,3123,97,80848,0.0,0.0,0.001972254549574137
19309,2021-06-25,Orleans,0,3123,138,80986,0.0,0.0,0.0014727540500736377
19310,2021-06-26,Orleans,0,3123,90,81076,0.0,0.0,0.0014727540500736377
19311,2021-06-27,Orleans,0,3123,59,81135,0.0,0.0,0.0014727540500736377
19312,2021-06-28,Orleans,0,3123,79,81214,0.0,0.0,0.0014727540500736377
19313,2021-06-29,Orleans,0,3123,97,81311,0.0,0.0,0.0014727540500736377
19314,2021-06-30,Orleans,1,3124,113,81424,0.008849557522123894,0.0,0.0006321112515802781
19315,2021-07-01,Orleans,1,3125,84,81508,0.011904761904761904,0.0,0.0014824513876346998
19316,2021-07-02,Orleans,0,3125,79,81587,0.0,0.0,0.0014824513876346998
19317,2021-07-03,Orleans,0,3125,62,81649,0.0,0.0,0.0014824513876346998
19318,2021-07-04,Orleans,0,3125,57,81706,0.0,0.0,0.0014824513876346998
19319,2021-07-05,Orleans,0,3125,44,81750,0.0,0.0,0.0014824513876346998
19320,2021-07-06,Orleans,0,3125,57,81807,0.0,0.0,0.0014824513876346998
19321,2021-07-07,Orleans,0,3125,71,81878,0.0,0.0,0.0008503401360544217
19322,2021-07-08,Orleans,1,3126,93,81971,0.010752688172043012,0.0,0.0007680491551459294
19323,2021-07-09,Orleans,3,3129,82,82053,0.036585365853658534,0.0,0.003381289573264396
19324,2021-07-10,Orleans,0,3129,57,82110,0.0,0.0,0.003381289573264396
19325,2021-07-11,Orleans,1,3130,69,82179,0.014492753623188406,0.0,0.004416486260634997
19326,2021-07-12,Orleans,0,3130,50,82229,0.0,0.0,0.004416486260634997
19327,2021-07-13,Orleans,2,3132,56,82285,0.03571428571428571,0.0,0.0069675066687982625
19328,2021-07-14,Orleans,0,3132,73,82358,0.0,0.0,0.0069675066687982625
19329,2021-07-15,Orleans,0,3132,78,82436,0.0,0.0,0.006199457513652333
19330,2021-07-16,Orleans,0,3132,59,82495,0.0,0.0,0.0035862170955338656
19331,2021-07-17,Orleans,2,3134,79,82574,0.02531645569620253,0.0,0.005394535359548332
19332,2021-07-18,Orleans,0,3134,37,82611,0.0,0.0,0.004359338672177732
19333,2021-07-19,Orleans,0,3134,40,82651,0.0,0.0,0.004359338672177732
19334,2021-07-20,Orleans,2,3136,69,82720,0.028985507246376812,0.0,0.0038787116387556672
19335,2021-07-21,Orleans,0,3136,62,82782,0.0,0.0,0.0038787116387556672
19336,2021-07-22,Orleans,2,3138,85,82867,0.023529411764705882,0.0,0.00555938390766323
19337,2021-07-23,Orleans,1,3139,87,82954,0.011494252873563218,0.0,0.006380401970060603
19338,2021-07-24,Orleans,2,3141,55,83009,0.03636363636363636,0.0,0.007169486303448734
19339,2021-07-25,Orleans,0,3141,32,83041,0.0,0.0,0.007169486303448734
19340,2021-07-26,Orleans,1,3142,53,83094,0.018867924528301886,0.0,0.00851719519832744
19341,2021-07-27,Orleans,0,3142,86,83180,0.0,0.0,0.0064468018235862385
19342,2021-07-28,Orleans,1,3143,68,83248,0.014705882352941176,0.0,0.007497221991653466
19343,2021-07-29,Orleans,0,3143,78,83326,0.0,0.0,0.005816549722745903
19344,2021-07-30,Orleans,1,3144,96,83422,0.010416666666666666,0.0,0.005739579279396149
19345,2021-07-31,Orleans,0,3144,68,83490,0.0,0.0,0.0031421766819935523
19346,2021-08-01,Orleans,0,3144,40,83530,0.0,0.0,0.0031421766819935523
19347,2021-08-02,Orleans,2,3146,58,83588,0.034482758620689655,0.0,0.0042575219743069635
19348,2021-08-03,Orleans,2,3148,77,83665,0.025974025974025976,0.0,0.006112809543880248
19349,2021-08-04,Orleans,3,3151,87,83752,0.034482758620689655,0.0,0.0075254435630051405
19350,2021-08-05,Orleans,5,3156,73,83825,0.0684931506849315,0.0,0.012417811469071673
19351,2020-03-01,Oswego,0,0,0,0,,,
19352,2020-03-02,Oswego,0,0,0,0,,,
19353,2020-03-03,Oswego,0,0,0,0,,,
19354,2020-03-04,Oswego,0,0,0,0,,,
19355,2020-03-05,Oswego,0,0,0,0,,,
19356,2020-03-06,Oswego,0,0,0,0,,,
19357,2020-03-07,Oswego,0,0,0,0,,0.0,
19358,2020-03-08,Oswego,0,0,0,0,,0.0,
19359,2020-03-09,Oswego,0,0,0,0,,0.0,
19360,2020-03-10,Oswego,0,0,1,1,0.0,0.0,
19361,2020-03-11,Oswego,0,0,0,1,,0.0,
19362,2020-03-12,Oswego,0,0,0,1,,0.0,
19363,2020-03-13,Oswego,0,0,2,3,0.0,0.0,
19364,2020-03-14,Oswego,0,0,2,5,0.0,0.0,
19365,2020-03-15,Oswego,0,0,0,5,,0.0,
19366,2020-03-16,Oswego,0,0,4,9,0.0,0.0,
19367,2020-03-17,Oswego,0,0,3,12,0.0,0.0,
19368,2020-03-18,Oswego,0,0,8,20,0.0,0.0,
19369,2020-03-19,Oswego,0,0,3,23,0.0,0.0,
19370,2020-03-20,Oswego,0,0,11,34,0.0,0.0,
19371,2020-03-21,Oswego,0,0,19,53,0.0,0.0,
19372,2020-03-22,Oswego,1,1,23,76,0.043478260869565216,0.0,0.003105590062111801
19373,2020-03-23,Oswego,1,2,28,104,0.03571428571428571,0.0,0.005656610470275067
19374,2020-03-24,Oswego,0,2,13,117,0.0,0.0,0.005656610470275067
19375,2020-03-25,Oswego,2,4,25,142,0.08,0.0,0.01137089618456078
19376,2020-03-26,Oswego,0,4,18,160,0.0,0.0,0.01137089618456078
19377,2020-03-27,Oswego,3,7,38,198,0.07894736842105263,0.0,0.01700999392892168
19378,2020-03-28,Oswego,1,8,35,233,0.02857142857142857,0.0,0.019050810255452293
19379,2020-03-29,Oswego,6,14,53,286,0.11320754716981132,0.0,0.024031473562612732
19380,2020-03-30,Oswego,1,15,30,316,0.03333333333333333,0.0,0.023861405535401847
19381,2020-03-31,Oswego,2,17,27,343,0.07407407407407407,1.0,0.029152410826407137
19382,2020-04-01,Oswego,5,22,80,423,0.0625,1.0,0.027902410826407136
19383,2020-04-02,Oswego,4,26,82,505,0.04878048780487805,1.0,0.03138673138389843
19384,2020-04-03,Oswego,0,26,31,536,0.0,1.0,0.025747633639537526
19385,2020-04-04,Oswego,2,28,26,562,0.07692307692307693,1.0,0.029201322807512402
19386,2020-04-05,Oswego,1,29,39,601,0.02564102564102564,1.0,0.022946571269742002
19387,2020-04-06,Oswego,2,31,70,671,0.02857142857142857,1.0,0.022606435215320235
19388,2020-04-07,Oswego,2,33,27,698,0.07407407407407407,1.0,0.022606435215320235
19389,2020-04-08,Oswego,3,36,61,759,0.04918032786885246,1.0,0.02165503006309541
19390,2020-04-09,Oswego,0,36,32,791,0.0,0.0,0.01817070950560412
19391,2020-04-10,Oswego,1,37,12,803,0.08333333333333333,0.0,0.024123090457985073
19392,2020-04-11,Oswego,1,38,15,818,0.06666666666666667,0.0,0.02339048972538434
19393,2020-04-12,Oswego,0,38,10,828,0.0,0.0,0.021558987893882504
19394,2020-04-13,Oswego,3,41,74,902,0.04054054054054054,0.0,0.02241392446310479
19395,2020-04-14,Oswego,1,42,17,919,0.058823529411764705,0.0,0.021324599844368408
19396,2020-04-15,Oswego,2,44,18,937,0.1111111111111111,0.0,0.025748227218815454
19397,2020-04-16,Oswego,1,45,28,965,0.03571428571428571,0.0,0.02829924762697872
19398,2020-04-17,Oswego,0,45,14,979,0.0,0.0,0.022346866674597766
19399,2020-04-18,Oswego,2,47,18,997,0.1111111111111111,0.0,0.025521469849200944
19400,2020-04-19,Oswego,1,48,18,1015,0.05555555555555555,0.0,0.02948972381745491
19401,2020-04-20,Oswego,1,49,12,1027,0.08333333333333333,0.0,0.03254635187408297
19402,2020-04-21,Oswego,0,49,4,1031,0.0,0.0,0.028344671201814057
19403,2020-04-22,Oswego,0,49,21,1052,0.0,0.0,0.02040816326530612
19404,2020-04-23,Oswego,2,51,18,1070,0.1111111111111111,0.0,0.02579365079365079
19405,2020-04-24,Oswego,6,57,298,1368,0.020134228187919462,0.0,0.02723180994993075
19406,2020-04-25,Oswego,4,61,67,1435,0.05970149253731343,1.0,0.02355969433751664
19407,2020-04-26,Oswego,0,61,33,1468,0.0,0.0,0.019591440369262667
19408,2020-04-27,Oswego,2,63,40,1508,0.05,1.0,0.017210487988310284
19409,2020-04-28,Oswego,0,63,39,1547,0.0,1.0,0.017210487988310284
19410,2020-04-29,Oswego,0,63,45,1592,0.0,1.0,0.017210487988310284
19411,2020-04-30,Oswego,1,64,36,1628,0.027777777777777776,0.0,0.011258107035929334
19412,2020-05-01,Oswego,2,66,30,1658,0.06666666666666667,0.0,0.014581852641554134
19413,2020-05-02,Oswego,0,66,37,1695,0.0,0.0,0.010317460317460317
19414,2020-05-03,Oswego,1,67,44,1739,0.022727272727272728,0.0,0.011940836940836941
19415,2020-05-04,Oswego,1,68,40,1779,0.025,0.0,0.010155122655122655
19416,2020-05-05,Oswego,2,70,41,1820,0.04878048780487805,0.0,0.013639443212613947
19417,2020-05-06,Oswego,0,70,48,1868,0.0,0.0,0.013639443212613947
19418,2020-05-07,Oswego,2,72,54,1922,0.037037037037037035,0.0,0.014300818873989608
19419,2020-05-08,Oswego,3,75,52,1974,0.057692307692307696,0.0,0.013659793232963966
19420,2020-05-09,Oswego,0,75,59,2033,0.0,0.0,0.013659793232963966
19421,2020-05-10,Oswego,0,75,49,2082,0.0,0.0,0.012036416609587342
19422,2020-05-11,Oswego,1,76,53,2135,0.018867924528301886,0.0,0.011598411218751761
19423,2020-05-12,Oswego,0,76,59,2194,0.0,0.0,0.008114090661260473
19424,2020-05-13,Oswego,2,78,64,2258,0.03125,0.0,0.01034623351840333
19425,2020-05-14,Oswego,2,80,110,2368,0.01818181818181818,0.0,0.008999432171601984
19426,2020-05-15,Oswego,3,83,241,2609,0.012448132780082987,0.0,0.005767705392157361
19427,2020-05-16,Oswego,1,84,81,2690,0.012345679012345678,0.0,0.0066495396073249086
19428,2020-05-17,Oswego,0,84,197,2887,0.0,0.0,0.0066495396073249086
19429,2020-05-18,Oswego,5,89,95,2982,0.05263157894736842,0.0,0.009061229208686804
19430,2020-05-19,Oswego,1,90,129,3111,0.007751937984496124,1.0,0.009614939064722243
19431,2020-05-20,Oswego,2,92,300,3411,0.006666666666666667,1.0,0.00785898668376986
19432,2020-05-21,Oswego,4,96,215,3626,0.018604651162790697,1.0,0.007889189039553612
19433,2020-05-22,Oswego,3,99,302,3928,0.009933774834437087,1.0,0.007709592043436048
19434,2020-05-23,Oswego,1,100,479,4407,0.0020876826722338203,1.0,0.0069768780191423446
19435,2020-05-24,Oswego,4,104,131,4538,0.030534351145038167,1.0,0.009157903100930785
19436,2020-05-25,Oswego,0,104,175,4713,0.0,1.0,0.0053985046046901835
19437,2020-05-26,Oswego,1,105,337,5050,0.002967359050445104,1.0,0.005056748966543681
19438,2020-05-27,Oswego,2,107,260,5310,0.007692307692307693,1.0,0.0051300090398037545
19439,2020-05-28,Oswego,1,108,252,5562,0.003968253968253968,0.0,0.004084552097336846
19440,2020-05-29,Oswego,0,108,317,5879,0.0,0.0,0.0033749967520199107
19441,2020-05-30,Oswego,1,109,443,6322,0.002257336343115124,0.0,0.003387114871368575
19442,2020-05-31,Oswego,1,110,138,6460,0.007246376811594203,0.0,0.0017236881332654348
19443,2020-06-01,Oswego,0,110,308,6768,0.0,0.0,0.0017236881332654348
19444,2020-06-02,Oswego,2,112,409,7177,0.004889975550122249,0.0,0.0018610178832423742
19445,2020-06-03,Oswego,0,112,185,7362,0.0,0.0,0.0013115673337918247
19446,2020-06-04,Oswego,0,112,609,7971,0.0,0.0,0.001028120621773684
19447,2020-06-05,Oswego,2,114,475,8446,0.004210526315789474,0.0,0.0013288725014729322
19448,2020-06-06,Oswego,1,115,272,8718,0.003676470588235294,0.0,0.00143023923326723
19449,2020-06-07,Oswego,0,115,414,9132,0.0,0.0,0.0009126408895819299
19450,2020-06-08,Oswego,0,115,149,9281,0.0,0.0,0.0009126408895819299
19451,2020-06-09,Oswego,0,115,489,9770,0.0,0.0,0.0005633569217160549
19452,2020-06-10,Oswego,4,119,297,10067,0.013468013468013467,0.0,0.0015253578837170166
19453,2020-06-11,Oswego,1,120,614,10681,0.0016286644951140066,0.0,0.0016416910619394458
19454,2020-06-12,Oswego,2,122,246,10927,0.008130081300813009,0.0,0.0019216592751554128
19455,2020-06-13,Oswego,0,122,274,11201,0.0,0.0,0.001659054233138606
19456,2020-06-14,Oswego,4,126,199,11400,0.020100502512562814,0.0,0.0030948044126073784
19457,2020-06-15,Oswego,13,139,197,11597,0.06598984771573604,1.0,0.007808364963731382
19458,2020-06-16,Oswego,0,139,117,11714,0.0,1.0,0.007808364963731382
19459,2020-06-17,Oswego,5,144,417,12131,0.011990407673860911,1.0,0.007702821692720485
19460,2020-06-18,Oswego,23,167,771,12902,0.029831387808041506,3.0,0.009717301929358161
19461,2020-06-19,Oswego,2,169,351,13253,0.005698005698005698,3.0,0.009543582243443356
19462,2020-06-20,Oswego,4,173,191,13444,0.020942408376963352,3.0,0.011039468556083594
19463,2020-06-21,Oswego,0,173,258,13702,0.0,3.0,0.009603718376614822
19464,2020-06-22,Oswego,6,179,176,13878,0.03409090909090909,2.0,0.007325222760555754
19465,2020-06-23,Oswego,9,188,191,14069,0.04712041884816754,3.0,0.010690966963996292
19466,2020-06-24,Oswego,3,191,343,14412,0.008746355685131196,3.0,0.010459248964801313
19467,2020-06-25,Oswego,1,192,363,14775,0.0027548209366391185,1.0,0.008525208473986858
19468,2020-06-26,Oswego,2,194,401,15176,0.004987531172069825,1.0,0.008474460293562866
19469,2020-06-27,Oswego,1,195,127,15303,0.007874015748031496,1.0,0.00754100367721059
19470,2020-06-28,Oswego,1,196,272,15575,0.003676470588235294,1.0,0.007803608719227397
19471,2020-06-29,Oswego,1,197,145,15720,0.006896551724137931,1.0,0.005861154621600885
19472,2020-06-30,Oswego,4,201,233,15953,0.017167381974248927,0.0,0.003721651987749556
19473,2020-07-01,Oswego,5,206,218,16171,0.022935779816513763,1.0,0.004735182282848311
19474,2020-07-02,Oswego,0,206,286,16457,0.0,1.0,0.00453840935880266
19475,2020-07-03,Oswego,0,206,200,16657,0.0,0.0,0.0041821571322262436
19476,2020-07-04,Oswego,0,206,221,16878,0.0,0.0,0.0036197274359382795
19477,2020-07-05,Oswego,0,206,186,17064,0.0,0.0,0.003357122393921473
19478,2020-07-06,Oswego,1,207,308,17372,0.003246753246753247,0.0,0.0030964225026797096
19479,2020-07-07,Oswego,3,210,367,17739,0.008174386920980926,0.0,0.0024540657131605667
19480,2020-07-08,Oswego,1,211,358,18097,0.002793296089385475,0.0,0.0010153168755085464
19481,2020-07-09,Oswego,5,216,248,18345,0.020161290322580645,0.0,0.0024554090414071637
19482,2020-07-10,Oswego,3,219,208,18553,0.014423076923076924,0.0,0.0034856288216269437
19483,2020-07-11,Oswego,1,220,139,18692,0.007194244604316547,1.0,0.003999503436220983
19484,2020-07-12,Oswego,2,222,322,19014,0.006211180124223602,1.0,0.004443159159379811
19485,2020-07-13,Oswego,3,225,367,19381,0.008174386920980926,1.0,0.004795132993253216
19486,2020-07-14,Oswego,1,226,349,19730,0.0028653295128939827,1.0,0.004415914606961293
19487,2020-07-15,Oswego,1,227,269,19999,0.0037174721189591076,1.0,0.004481927180502267
19488,2020-07-16,Oswego,0,227,510,20509,0.0,0.0,0.003041835014603649
19489,2020-07-17,Oswego,2,229,391,20900,0.005115089514066497,0.0,0.0023769787711029047
19490,2020-07-18,Oswego,0,229,223,21123,0.0,0.0,0.0018631041565088653
19491,2020-07-19,Oswego,0,229,213,21336,0.0,0.0,0.0014194484333500366
19492,2020-07-20,Oswego,2,231,398,21734,0.005025125628140704,0.0,0.0011945011981471638
19493,2020-07-21,Oswego,1,232,640,22374,0.0015625,0.0,0.0011014419472261648
19494,2020-07-22,Oswego,2,234,402,22776,0.004975124378109453,0.0,0.0011912742514511895
19495,2020-07-23,Oswego,0,234,402,23178,0.0,0.0,0.0011912742514511895
19496,2020-07-24,Oswego,2,236,422,23600,0.004739336492890996,0.0,0.0011644347499386537
19497,2020-07-25,Oswego,2,238,512,24112,0.00390625,0.0,0.001443452607081511
19498,2020-07-26,Oswego,1,239,349,24461,0.0028653295128939827,0.0,0.0016481190008596526
19499,2020-07-27,Oswego,0,239,311,24772,0.0,0.0,0.0012891814559924594
19500,2020-07-28,Oswego,0,239,254,25026,0.0,0.0,0.0011775743131353165
19501,2020-07-29,Oswego,1,240,341,25367,0.002932551319648094,0.0,0.0010316762375309338
19502,2020-07-30,Oswego,1,241,253,25620,0.003952569169960474,0.0,0.0013140026068138248
19503,2020-07-31,Oswego,3,244,413,26033,0.007263922518159807,0.0,0.0014943301800473114
19504,2020-08-01,Oswego,2,246,307,26340,0.006514657980456026,0.0,0.0016806450357941705
19505,2020-08-02,Oswego,2,248,199,26539,0.010050251256281407,0.0,0.002193853731750415
19506,2020-08-03,Oswego,1,249,459,26998,0.002178649237472767,0.0,0.0023494715344270405
19507,2020-08-04,Oswego,1,250,231,27229,0.004329004329004329,0.0,0.0026586861293559218
19508,2020-08-05,Oswego,1,251,372,27601,0.002688172043010753,0.0,0.0026412304667389687
19509,2020-08-06,Oswego,0,251,328,27929,0.0,0.0,0.0023589040974560777
19510,2020-08-07,Oswego,2,253,492,28421,0.0040650406504065045,0.0,0.002130412535473699
19511,2020-08-08,Oswego,0,253,218,28639,0.0,0.0,0.001665079822583983
19512,2020-08-09,Oswego,0,253,236,28875,0.0,0.0,0.0009472047328495968
19513,2020-08-10,Oswego,2,255,540,29415,0.003703703703703704,0.0,0.001056137194723235
19514,2020-08-11,Oswego,2,257,193,29608,0.010362694300518135,0.0,0.001487115049831364
19515,2020-08-12,Oswego,1,258,330,29938,0.0030303030303030303,0.0,0.001511552977495098
19516,2020-08-13,Oswego,6,264,612,30550,0.00980392156862745,0.0,0.002211833089539916
19517,2020-08-14,Oswego,7,271,350,30900,0.02,1.0,0.0033500444716537373
19518,2020-08-15,Oswego,0,271,259,31159,0.0,1.0,0.0033500444716537373
19519,2020-08-16,Oswego,1,272,276,31435,0.0036231884057971015,1.0,0.0036088436434963873
19520,2020-08-17,Oswego,0,272,317,31752,0.0,1.0,0.0033442933789461227
19521,2020-08-18,Oswego,2,274,353,32105,0.0056657223796034,1.0,0.00300879538459507
19522,2020-08-19,Oswego,2,276,368,32473,0.005434782608695652,1.0,0.003180543925908829
19523,2020-08-20,Oswego,3,279,410,32883,0.007317073170731708,1.0,0.003002911897487704
19524,2020-08-21,Oswego,2,281,710,33593,0.0028169014084507044,0.0,0.0017755477123770403
19525,2020-08-22,Oswego,1,282,186,33779,0.005376344086021506,0.0,0.0021595722899500048
19526,2020-08-23,Oswego,0,282,180,33959,0.0,0.0,0.001900773118107355
19527,2020-08-24,Oswego,3,285,354,34313,0.00847457627118644,0.0,0.002506099994620672
19528,2020-08-25,Oswego,1,286,153,34466,0.006535947712418301,0.0,0.0025682589469645935
19529,2020-08-26,Oswego,1,287,203,34669,0.0049261083743842365,0.0,0.0025319250730852067
19530,2020-08-27,Oswego,1,288,290,34959,0.0034482758620689655,0.0,0.0022555824081807257
19531,2020-08-28,Oswego,3,291,489,35448,0.006134969325153374,0.0,0.0024925872593737734
19532,2020-08-29,Oswego,4,295,501,35949,0.007984031936127744,0.0,0.0026788506772385044
19533,2020-08-30,Oswego,8,303,215,36164,0.037209302325581395,1.0,0.005336657986208604
19534,2020-08-31,Oswego,1,304,482,36646,0.002074688796680498,1.0,0.004879523166601036
19535,2020-09-01,Oswego,3,307,203,36849,0.014778325123152709,1.0,0.005468264410224924
19536,2020-09-02,Oswego,4,311,351,37200,0.011396011396011397,1.0,0.005930400340341151
19537,2020-09-03,Oswego,3,314,294,37494,0.01020408163265306,1.0,0.00641295789538287
19538,2020-09-04,Oswego,11,325,708,38202,0.015536723163841809,2.0,0.007084511741003471
19539,2020-09-05,Oswego,0,325,416,38618,0.0,2.0,0.006514223745565775
19540,2020-09-06,Oswego,4,329,240,38858,0.016666666666666666,1.0,0.0050468926270718665
19541,2020-09-07,Oswego,2,331,280,39138,0.007142857142857143,1.0,0.0054089046517987694
19542,2020-09-08,Oswego,0,331,149,39287,0.0,1.0,0.0043533100001450055
19543,2020-09-09,Oswego,2,333,135,39422,0.014814814814814815,1.0,0.00459751024434525
19544,2020-09-10,Oswego,24,357,498,39920,0.04819277108433735,3.0,0.007310988062322699
19545,2020-09-11,Oswego,5,362,735,40655,0.006802721088435374,2.0,0.006687130771222239
19546,2020-09-12,Oswego,26,388,508,41163,0.051181102362204724,4.0,0.010342923797094006
19547,2020-09-13,Oswego,2,390,293,41456,0.006825938566552901,4.0,0.009640014647085879
19548,2020-09-14,Oswego,12,402,398,41854,0.03015075376884422,5.0,0.011283435834656384
19549,2020-09-15,Oswego,7,409,226,42080,0.030973451327433628,5.0,0.013495825215187359
19550,2020-09-16,Oswego,3,412,320,42400,0.009375,5.0,0.01310726701412916
19551,2020-09-17,Oswego,6,418,416,42816,0.014423076923076924,4.0,0.010695146002610555
19552,2020-09-18,Oswego,6,424,543,43359,0.011049723756906077,4.0,0.010998503336072748
19553,2020-09-19,Oswego,23,447,477,43836,0.04821802935010482,4.0,0.010786855263779897
19554,2020-09-20,Oswego,9,456,348,44184,0.02586206896551724,4.0,0.012146578863705921
19555,2020-09-21,Oswego,8,464,331,44515,0.02416918429003021,4.0,0.011719323900933493
19556,2020-09-22,Oswego,4,468,287,44802,0.013937282229965157,4.0,0.010502454679685745
19557,2020-09-23,Oswego,2,470,326,45128,0.006134969325153374,4.0,0.0102710239171967
19558,2020-09-24,Oswego,9,479,457,45585,0.019693654266958426,4.0,0.01064749372747395
19559,2020-09-25,Oswego,4,483,520,46105,0.007692307692307693,4.0,0.01040767829428835
19560,2020-09-26,Oswego,10,493,440,46545,0.022727272727272728,3.0,0.00858690996408606
19561,2020-09-27,Oswego,0,493,297,46842,0.0,2.0,0.0067396193236919704
19562,2020-09-28,Oswego,6,499,482,47324,0.012448132780082987,2.0,0.0059024013586957405
19563,2020-09-29,Oswego,4,503,564,47888,0.0070921985815602835,2.0,0.005413466812381107
19564,2020-09-30,Oswego,3,506,466,48354,0.006437768240343348,2.0,0.005435095306323247
19565,2020-10-01,Oswego,8,514,1026,49380,0.007797270955165692,2.0,0.0045853536411951945
19566,2020-10-02,Oswego,4,518,676,50056,0.005917159763313609,2.0,0.0044585573605527605
19567,2020-10-03,Oswego,3,521,733,50789,0.004092769440654843,2.0,0.003127521411508626
19568,2020-10-04,Oswego,2,523,440,51229,0.004545454545454545,2.0,0.003452196736183951
19569,2020-10-05,Oswego,6,529,389,51618,0.015424164524421594,2.0,0.0036647704322081373
19570,2020-10-06,Oswego,2,531,684,52302,0.0029239766081871343,2.0,0.003367040291252912
19571,2020-10-07,Oswego,5,536,363,52665,0.013774104683195593,2.0,0.003891064322885215
19572,2020-10-08,Oswego,6,542,824,53489,0.007281553398058253,2.0,0.003854227354520398
19573,2020-10-09,Oswego,5,547,923,54412,0.005417118093174431,2.0,0.0038185100923676
19574,2020-10-10,Oswego,3,550,749,55161,0.004005340453938585,2.0,0.0038122651647450093
19575,2020-10-11,Oswego,2,552,581,55742,0.0034423407917383822,2.0,0.0037334713251938553
19576,2020-10-12,Oswego,5,557,275,56017,0.01818181818181818,2.0,0.003930446586436469
19577,2020-10-13,Oswego,9,566,779,56796,0.011553273427471117,2.0,0.004546824930671039
19578,2020-10-14,Oswego,2,568,738,57534,0.0027100271002710027,2.0,0.003756533674747854
19579,2020-10-15,Oswego,11,579,1138,58672,0.009666080843585237,2.0,0.003926857063714067
19580,2020-10-16,Oswego,3,582,820,59492,0.003658536585365854,2.0,0.003801244098870597
19581,2020-10-17,Oswego,2,584,366,59858,0.00546448087431694,2.0,0.0039054684146119087
19582,2020-10-18,Oswego,3,587,804,60662,0.0037313432835820895,2.0,0.003926111449743601
19583,2020-10-19,Oswego,7,594,326,60988,0.02147239263803681,2.0,0.004161152482330646
19584,2020-10-20,Oswego,5,599,633,61621,0.007898894154818325,2.0,0.0039001253914268757
19585,2020-10-21,Oswego,7,606,586,62207,0.011945392491467578,2.0,0.004559794347940916
19586,2020-10-22,Oswego,1,607,573,62780,0.0017452006980802793,2.0,0.003994017194690562
19587,2020-10-23,Oswego,2,609,998,63778,0.002004008016032064,1.0,0.0038758365825952916
19588,2020-10-24,Oswego,7,616,388,64166,0.01804123711340206,2.0,0.004774176313958515
19589,2020-10-25,Oswego,4,620,480,64646,0.008333333333333333,2.0,0.005102889888940747
19590,2020-10-26,Oswego,3,623,369,65015,0.008130081300813009,2.0,0.004149867650567618
19591,2020-10-27,Oswego,4,627,755,65770,0.005298013245033113,2.0,0.003964090442725817
19592,2020-10-28,Oswego,4,631,591,66361,0.00676818950930626,1.0,0.003594290229714294
19593,2020-10-29,Oswego,8,639,566,66927,0.014134275618374558,2.0,0.004479224152592456
19594,2020-10-30,Oswego,5,644,822,67749,0.006082725060827251,2.0,0.004770561084363543
19595,2020-10-31,Oswego,4,648,644,68393,0.006211180124223602,2.0,0.003925557013707938
19596,2020-11-01,Oswego,13,661,366,68759,0.03551912568306011,2.0,0.005867399324402707
19597,2020-11-02,Oswego,8,669,350,69109,0.022857142857142857,3.0,0.006919332292711982
19598,2020-11-03,Oswego,9,678,409,69518,0.022004889975550123,3.0,0.008112680630606054
19599,2020-11-04,Oswego,11,689,756,70274,0.01455026455026455,4.0,0.008668543133531647
19600,2020-11-05,Oswego,22,711,1125,71399,0.019555555555555555,5.0,0.009055777414758858
19601,2020-11-06,Oswego,23,734,1106,72505,0.020795660036166366,6.0,0.010106701341568797
19602,2020-11-07,Oswego,24,758,888,73393,0.02702702702702703,7.0,0.011593547548911898
19603,2020-11-08,Oswego,29,787,1274,74667,0.022762951334379906,9.0,0.010682392238291885
19604,2020-11-09,Oswego,22,809,492,75159,0.044715447154471545,10.0,0.012243699688101076
19605,2020-11-10,Oswego,31,840,743,75902,0.04172274562584118,11.0,0.013652117948836152
19606,2020-11-11,Oswego,31,871,761,76663,0.040735873850197106,13.0,0.015522518613117051
19607,2020-11-12,Oswego,26,897,873,77536,0.029782359679266894,13.0,0.016253004621953573
19608,2020-11-13,Oswego,57,954,1137,78673,0.05013192612137203,15.0,0.018348452199468266
19609,2020-11-14,Oswego,14,968,308,78981,0.045454545454545456,15.0,0.01966470351571958
19610,2020-11-15,Oswego,19,987,616,79597,0.030844155844155844,14.0,0.020241932409275003
19611,2020-11-16,Oswego,19,1006,644,80241,0.029503105590062112,14.0,0.01915533658324576
19612,2020-11-17,Oswego,47,1053,645,80886,0.07286821705426356,15.0,0.02138001311384736
19613,2020-11-18,Oswego,28,1081,1204,82090,0.023255813953488372,15.0,0.02013143740693959
19614,2020-11-19,Oswego,20,1101,1029,83119,0.019436345966958212,14.0,0.01939243642748897
19615,2020-11-20,Oswego,63,1164,870,83989,0.07241379310344828,15.0,0.02098399835478013
19616,2020-11-21,Oswego,23,1187,1001,84990,0.022977022977022976,15.0,0.0193784610349571
19617,2020-11-22,Oswego,86,1273,2332,87322,0.03687821612349914,20.0,0.019809465340624475
19618,2020-11-23,Oswego,29,1302,841,88163,0.034482758620689655,21.0,0.020165154842812155
19619,2020-11-24,Oswego,57,1359,744,88907,0.07661290322580645,21.0,0.02043263242649379
19620,2020-11-25,Oswego,46,1405,1007,89914,0.04568023833167825,23.0,0.02203437702493593
19621,2020-11-26,Oswego,31,1436,825,90739,0.037575757575757575,23.0,0.023330049282707314
19622,2020-11-27,Oswego,60,1496,936,91675,0.0641025641025641,23.0,0.022736390068358436
19623,2020-11-28,Oswego,75,1571,885,92560,0.0847457627118644,27.0,0.027148442906561397
19624,2020-11-29,Oswego,54,1625,978,93538,0.05521472392638037,25.0,0.02845819346391006
19625,2020-11-30,Oswego,59,1684,580,94118,0.10172413793103448,27.0,0.03326114912893469
19626,2020-12-01,Oswego,58,1742,525,94643,0.11047619047619048,27.0,0.03567995536110498
19627,2020-12-02,Oswego,57,1799,786,95429,0.07251908396946564,28.0,0.03759701576380407
19628,2020-12-03,Oswego,84,1883,1113,96542,0.07547169811320754,31.0,0.04030386865933622
19629,2020-12-04,Oswego,97,1980,1195,97737,0.08117154811715481,34.0,0.04152308180323556
19630,2020-12-05,Oswego,59,2039,977,98714,0.06038894575230297,33.0,0.03978330916326688
19631,2020-12-06,Oswego,17,2056,430,99144,0.03953488372093023,30.0,0.038663320577163304
19632,2020-12-07,Oswego,54,2110,636,99780,0.08490566037735849,30.0,0.037462000751900724
19633,2020-12-08,Oswego,49,2159,651,100431,0.07526881720430108,29.0,0.0349471883753372
19634,2020-12-09,Oswego,45,2204,784,101215,0.05739795918367347,28.0,0.0338671080334949
19635,2020-12-10,Oswego,68,2272,1126,102341,0.06039076376554174,27.0,0.03278989843723305
19636,2020-12-11,Oswego,63,2335,1330,103671,0.04736842105263158,25.0,0.03037538936119568
19637,2020-12-12,Oswego,54,2389,632,104303,0.08544303797468354,25.0,0.03216496737708001
19638,2020-12-13,Oswego,51,2440,652,104955,0.07822085889570553,27.0,0.034928251318135387
19639,2020-12-14,Oswego,47,2487,649,105604,0.0724191063174114,26.0,0.034036354599567734
19640,2020-12-15,Oswego,60,2547,570,106174,0.10526315789473684,27.0,0.036178807506027436
19641,2020-12-16,Oswego,51,2598,816,106990,0.0625,28.0,0.0365432389929079
19642,2020-12-17,Oswego,77,2675,900,107890,0.08555555555555555,28.0,0.038340724120766036
19643,2020-12-18,Oswego,49,2724,967,108857,0.050672182006204755,27.0,0.03857670704602125
19644,2020-12-19,Oswego,58,2782,933,109790,0.06216505894962487,28.0,0.03691399425851707
19645,2020-12-20,Oswego,45,2827,741,110531,0.06072874493927125,27.0,0.03566455754734319
19646,2020-12-21,Oswego,45,2872,523,111054,0.08604206500956023,27.0,0.03663762602535382
19647,2020-12-22,Oswego,46,2918,607,111661,0.0757825370675453,26.0,0.03453186739484014
19648,2020-12-23,Oswego,52,2970,885,112546,0.05875706214689266,26.0,0.03426451469104676
19649,2020-12-24,Oswego,75,3045,1022,113568,0.07338551859099804,26.0,0.03339522633643551
19650,2020-12-25,Oswego,48,3093,702,114270,0.06837606837606838,26.0,0.034659789648568626
19651,2020-12-26,Oswego,46,3139,469,114739,0.09808102345415778,25.0,0.03722521568460669
19652,2020-12-27,Oswego,57,3196,624,115363,0.09134615384615384,26.0,0.03941217346366973
19653,2020-12-28,Oswego,68,3264,665,116028,0.10225563909774436,28.0,0.040570285898540025
19654,2020-12-29,Oswego,79,3343,837,116865,0.09438470728793309,30.0,0.04189901234285344
19655,2020-12-30,Oswego,82,3425,953,117818,0.08604407135362015,32.0,0.04384808442904826
19656,2020-12-31,Oswego,85,3510,1027,118845,0.0827653359298929,33.0,0.044518071381826466
19657,2021-01-01,Oswego,76,3586,782,119627,0.09718670076726342,35.0,0.046575973695483254
19658,2021-01-02,Oswego,72,3658,755,120382,0.09536423841059603,37.0,0.046381917620943125
19659,2021-01-03,Oswego,62,3720,557,120939,0.11131059245960502,37.0,0.047807948950475354
19660,2021-01-04,Oswego,87,3807,626,121565,0.1389776357827476,38.0,0.050430948713689874
19661,2021-01-05,Oswego,84,3891,848,122413,0.09905660377358491,39.0,0.05076465560552214
19662,2021-01-06,Oswego,84,3975,1082,123495,0.07763401109057301,39.0,0.050163937015304486
19663,2021-01-07,Oswego,124,4099,957,124452,0.12957157784743992,42.0,0.053507240009414994
19664,2021-01-08,Oswego,100,4199,1325,125777,0.07547169811320754,43.0,0.05195616839126815
19665,2021-01-09,Oswego,75,4274,1239,127016,0.06053268765133172,44.0,0.04946820047989213
19666,2021-01-10,Oswego,81,4355,651,127667,0.12442396313364056,45.0,0.05040486981375181
19667,2021-01-11,Oswego,67,4422,728,128395,0.09203296703296704,43.0,0.04705167918876748
19668,2021-01-12,Oswego,63,4485,589,128984,0.10696095076400679,42.0,0.04761627540236905
19669,2021-01-13,Oswego,67,4552,932,129916,0.07188841201716738,41.0,0.047205875468554356
19670,2021-01-14,Oswego,112,4664,1279,131195,0.0875684128225176,40.0,0.04420564939534562
19671,2021-01-15,Oswego,98,4762,1489,132684,0.06581598388179986,40.0,0.04351595552167364
19672,2021-01-16,Oswego,54,4816,916,133600,0.05895196506550218,38.0,0.043403046765542956
19673,2021-01-17,Oswego,56,4872,706,134306,0.07932011331444759,36.0,0.04018134320702917
19674,2021-01-18,Oswego,42,4914,562,134868,0.07473309608540925,35.0,0.038945638139346477
19675,2021-01-19,Oswego,47,4961,607,135475,0.07742998352553541,34.0,0.03683628333659852
19676,2021-01-20,Oswego,51,5012,1099,136574,0.04640582347588717,32.0,0.035016098440792794
19677,2021-01-21,Oswego,47,5059,1113,137687,0.042228212039532795,28.0,0.03177751267057959
19678,2021-01-22,Oswego,64,5123,1267,138954,0.050513022888713496,25.0,0.030684444028216278
19679,2021-01-23,Oswego,53,5176,806,139760,0.06575682382133995,25.0,0.031170505367918978
19680,2021-01-24,Oswego,25,5201,711,140471,0.035161744022503515,23.0,0.028016336132780116
19681,2021-01-25,Oswego,17,5218,462,140933,0.0367965367965368,21.0,0.02530658189786066
19682,2021-01-26,Oswego,65,5283,1412,142345,0.04603399433427762,23.0,0.023064011241342244
19683,2021-01-27,Oswego,38,5321,730,143075,0.052054794520547946,22.0,0.023467509173103723
19684,2021-01-28,Oswego,35,5356,1003,144078,0.03489531405782652,21.0,0.02294373074583899
19685,2021-01-29,Oswego,41,5397,1132,145210,0.036219081272084806,19.0,0.021922734916079798
19686,2021-01-30,Oswego,47,5444,1474,146684,0.03188602442333786,19.0,0.01950339210193679
19687,2021-01-31,Oswego,19,5463,416,147100,0.04567307692307692,18.0,0.020254201594834893
19688,2021-02-01,Oswego,43,5506,520,147620,0.08269230769230769,20.0,0.023532470944532813
19689,2021-02-02,Oswego,27,5533,565,148185,0.047787610619469026,17.0,0.02365772925061791
19690,2021-02-03,Oswego,28,5561,602,148787,0.046511627906976744,17.0,0.02326178877821997
19691,2021-02-04,Oswego,21,5582,1552,150339,0.013530927835051547,16.0,0.0217357611908789
19692,2021-02-05,Oswego,33,5615,1604,151943,0.02057356608478803,15.0,0.02061822439178627
19693,2021-02-06,Oswego,26,5641,1437,153380,0.018093249826026444,14.0,0.019633026206264028
19694,2021-02-07,Oswego,9,5650,2119,155499,0.004247286455875413,13.0,0.01667404117289249
19695,2021-02-08,Oswego,15,5665,266,155765,0.05639097744360902,11.0,0.014795374726556874
19696,2021-02-09,Oswego,23,5688,546,156311,0.04212454212454213,11.0,0.014390869834062096
19697,2021-02-10,Oswego,22,5710,1544,157855,0.014248704663212436,10.0,0.012086375316650359
19698,2021-02-11,Oswego,20,5730,661,158516,0.030257186081694403,10.0,0.01328110804855342
19699,2021-02-12,Oswego,16,5746,1164,159680,0.013745704467353952,9.0,0.012793403647308129
19700,2021-02-13,Oswego,28,5774,1515,161195,0.018481848184818482,9.0,0.01282116067293613
19701,2021-02-14,Oswego,12,5786,1417,162612,0.008468595624558928,9.0,0.013122682756413526
19702,2021-02-15,Oswego,12,5798,420,163032,0.02857142857142857,9.0,0.011135572122686349
19703,2021-02-16,Oswego,19,5817,952,163984,0.01995798319327731,9.0,0.009552246484738864
19704,2021-02-17,Oswego,20,5837,605,164589,0.03305785123966942,9.0,0.01089575695448579
19705,2021-02-18,Oswego,17,5854,1358,165947,0.012518409425625921,8.0,0.009628701479052327
19706,2021-02-19,Oswego,21,5875,1497,167444,0.014028056112224449,9.0,0.009648869453685935
19707,2021-02-20,Oswego,19,5894,1803,169247,0.010537992235163616,8.0,0.009081451171567731
19708,2021-02-21,Oswego,15,5909,1610,170857,0.009316770186335404,8.0,0.009142035068837479
19709,2021-02-22,Oswego,9,5918,393,171250,0.022900763358778626,8.0,0.008736987553648197
19710,2021-02-23,Oswego,17,5935,532,171782,0.03195488721804511,8.0,0.009593909269703039
19711,2021-02-24,Oswego,21,5956,2054,173836,0.010223953261927946,8.0,0.00796291655700722
19712,2021-02-25,Oswego,13,5969,1340,175176,0.009701492537313432,8.0,0.007761708207842042
19713,2021-02-26,Oswego,14,5983,1735,176911,0.008069164265129682,7.0,0.007336073075906702
19714,2021-02-27,Oswego,13,5996,1889,178800,0.006881948120698782,7.0,0.007074927067730641
19715,2021-02-28,Oswego,6,6002,708,179508,0.00847457627118644,6.0,0.007014770359505715
19716,2021-03-01,Oswego,6,6008,426,179934,0.014084507042253521,6.0,0.0063850377654682084
19717,2021-03-02,Oswego,30,6038,1125,181059,0.02666666666666667,7.0,0.006007307726084034
19718,2021-03-03,Oswego,22,6060,1392,182451,0.015804597701149427,7.0,0.006405925186028426
19719,2021-03-04,Oswego,27,6087,1842,184293,0.014657980456026058,8.0,0.006759960037365042
19720,2021-03-05,Oswego,19,6106,1538,185831,0.01235370611183355,8.0,0.007065998740701032
19721,2021-03-06,Oswego,13,6119,1750,187581,0.0074285714285714285,8.0,0.007105043262691935
19722,2021-03-07,Oswego,22,6141,829,188410,0.026537997587454766,9.0,0.008395287642425387
19723,2021-03-08,Oswego,20,6161,299,188709,0.06688963210702341,10.0,0.01216708228990895
19724,2021-03-09,Oswego,20,6181,1112,189821,0.017985611510791366,10.0,0.011547006921632144
19725,2021-03-10,Oswego,19,6200,1436,191257,0.013231197771587743,10.0,0.011363192640949166
19726,2021-03-11,Oswego,15,6215,1926,193183,0.00778816199376947,9.0,0.010872491322216554
19727,2021-03-12,Oswego,15,6230,1462,194645,0.010259917920656635,8.0,0.010722935022846772
19728,2021-03-13,Oswego,12,6242,1682,196327,0.007134363852556481,8.0,0.010701920195988562
19729,2021-03-14,Oswego,20,6262,726,197053,0.027548209366391185,8.0,0.010774078180198305
19730,2021-03-15,Oswego,9,6271,234,197287,0.038461538461538464,7.0,0.008743500062663667
19731,2021-03-16,Oswego,34,6305,1032,198319,0.03294573643410853,8.0,0.00981208041432918
19732,2021-03-17,Oswego,23,6328,2037,200356,0.011291114383897889,9.0,0.009673503029494188
19733,2021-03-18,Oswego,17,6345,1697,202053,0.010017678255745434,9.0,0.009832754191063902
19734,2021-03-19,Oswego,20,6365,1533,203586,0.01304631441617743,9.0,0.01003178251217253
19735,2021-03-20,Oswego,39,6404,1584,205170,0.02462121212121212,11.0,0.011280843102790789
19736,2021-03-21,Oswego,18,6422,848,206018,0.02122641509433962,11.0,0.010829286369072821
19737,2021-03-22,Oswego,19,6441,408,206426,0.04656862745098039,12.0,0.011408364154032957
19738,2021-03-23,Oswego,18,6459,993,207419,0.01812688821752266,11.0,0.010349874995705393
19739,2021-03-24,Oswego,25,6484,1418,208837,0.01763046544428773,11.0,0.01080268578573324
19740,2021-03-25,Oswego,23,6507,1930,210767,0.011917098445595855,11.0,0.010938358656436843
19741,2021-03-26,Oswego,23,6530,1778,212545,0.012935883014623173,11.0,0.01093047069918297
19742,2021-03-27,Oswego,23,6553,1947,214492,0.011813045711350795,10.0,0.010015601669907158
19743,2021-03-28,Oswego,12,6565,892,215384,0.013452914798206279,10.0,0.009460351648754778
19744,2021-03-29,Oswego,20,6585,532,215916,0.03759398496240601,10.0,0.00881930575671375
19745,2021-03-30,Oswego,23,6608,1417,217333,0.016231474947071278,10.0,0.008683919094538651
19746,2021-03-31,Oswego,25,6633,950,218283,0.02631578947368421,10.0,0.009304299382352684
19747,2021-04-01,Oswego,15,6648,971,219254,0.015447991761071062,10.0,0.009556506047743772
19748,2021-04-02,Oswego,21,6669,1742,220996,0.012055109070034443,9.0,0.009493593623130292
19749,2021-04-03,Oswego,18,6687,1670,222666,0.010778443113772455,9.0,0.009419693437588982
19750,2021-04-04,Oswego,30,6717,410,223076,0.07317073170731707,10.0,0.013685251788239752
19751,2021-04-05,Oswego,11,6728,616,223692,0.017857142857142856,10.0,0.012275477352149528
19752,2021-04-06,Oswego,30,6758,1148,224840,0.02613240418118467,10.0,0.012982686583157625
19753,2021-04-07,Oswego,15,6773,1438,226278,0.01043115438108484,10.0,0.0118480697908291
19754,2021-04-08,Oswego,32,6805,2132,228410,0.0150093808630394,11.0,0.011816740440969694
19755,2021-04-09,Oswego,20,6825,1611,230021,0.012414649286157667,11.0,0.011842421884978499
19756,2021-04-10,Oswego,18,6843,1153,231174,0.015611448395490026,11.0,0.012187636547958323
19757,2021-04-11,Oswego,14,6857,222,231396,0.06306306306306306,10.0,0.011465660216225892
19758,2021-04-12,Oswego,19,6876,734,232130,0.025885558583106268,10.0,0.012039118482366136
19759,2021-04-13,Oswego,33,6909,1127,233257,0.029281277728482696,10.0,0.012264038021458853
19760,2021-04-14,Oswego,30,6939,1828,235085,0.016411378555798686,11.0,0.012691196891081275
19761,2021-04-15,Oswego,17,6956,1663,236748,0.010222489476849068,10.0,0.012349276077781964
19762,2021-04-16,Oswego,16,6972,911,237659,0.01756311745334797,10.0,0.01271702380400984
19763,2021-04-17,Oswego,14,6986,1152,238811,0.012152777777777778,10.0,0.01246997590274468
19764,2021-04-18,Oswego,12,6998,565,239376,0.021238938053097345,10.0,0.009482538402032845
19765,2021-04-19,Oswego,15,7013,558,239934,0.026881720430107527,9.0,0.00955369281967579
19766,2021-04-20,Oswego,21,7034,1214,241148,0.01729818780889621,8.0,0.008697757825419613
19767,2021-04-21,Oswego,18,7052,1591,242739,0.011313639220615965,8.0,0.008333633587192276
19768,2021-04-22,Oswego,18,7070,1205,243944,0.014937759336099586,8.0,0.008670438577138742
19769,2021-04-23,Oswego,20,7090,1545,245489,0.012944983818770227,8.0,0.008340571888954618
19770,2021-04-24,Oswego,13,7103,907,246396,0.014332965821389196,8.0,0.008496299606355433
19771,2021-04-25,Oswego,8,7111,951,247347,0.008412197686645636,8.0,0.007580103865894597
19772,2021-04-26,Oswego,14,7125,677,248024,0.0206794682422452,8.0,0.007137085852475858
19773,2021-04-27,Oswego,30,7155,580,248604,0.05172413793103448,8.0,0.009596082289771449
19774,2021-04-28,Oswego,26,7181,1128,249732,0.02304964539007092,9.0,0.010434368444732518
19775,2021-04-29,Oswego,21,7202,1127,250859,0.018633540372670808,9.0,0.010698352804487606
19776,2021-04-30,Oswego,19,7221,1272,252131,0.014937106918238994,9.0,0.01084064731159252
19777,2021-05-01,Oswego,16,7237,955,253086,0.016753926701570682,9.0,0.011013573088748337
19778,2021-05-02,Oswego,17,7254,525,253611,0.03238095238095238,10.0,0.012725626995484534
19779,2021-05-03,Oswego,13,7267,330,253941,0.03939393939393939,10.0,0.01406237493489126
19780,2021-05-04,Oswego,16,7283,538,254479,0.02973977695167286,9.0,0.012492063436365431
19781,2021-05-05,Oswego,21,7304,1018,255497,0.0206286836935167,8.0,0.012319137600897272
19782,2021-05-06,Oswego,19,7323,989,256486,0.019211324570273004,8.0,0.012360407900726001
19783,2021-05-07,Oswego,9,7332,1273,257759,0.007069913589945012,7.0,0.011798465520133573
19784,2021-05-08,Oswego,27,7359,1145,258904,0.023580786026200874,8.0,0.01228609832903573
19785,2021-05-09,Oswego,11,7370,430,259334,0.02558139534883721,8.0,0.011800415683884647
19786,2021-05-10,Oswego,11,7381,472,259806,0.023305084745762712,8.0,0.010651211780443454
19787,2021-05-11,Oswego,10,7391,408,260214,0.024509803921568627,7.0,0.010277642278293152
19788,2021-05-12,Oswego,6,7397,883,261097,0.006795016987542469,6.0,0.009289523227866423
19789,2021-05-13,Oswego,18,7415,1313,262410,0.013709063214013708,6.0,0.008896504559562186
19790,2021-05-14,Oswego,21,7436,1216,263626,0.017269736842105265,7.0,0.009625063363287919
19791,2021-05-15,Oswego,10,7446,663,264289,0.015082956259426848,6.0,0.00901807552280406
19792,2021-05-16,Oswego,15,7461,251,264540,0.05976095617529881,6.0,0.011459472724694175
19793,2021-05-17,Oswego,6,7467,450,264990,0.013333333333333334,6.0,0.010747204766663505
19794,2021-05-18,Oswego,13,7480,594,265584,0.021885521885521887,6.0,0.010559756049803025
19795,2021-05-19,Oswego,4,7484,813,266397,0.004920049200492005,6.0,0.010425829779299418
19796,2021-05-20,Oswego,16,7500,897,267294,0.017837235228539576,6.0,0.010720699208908408
19797,2021-05-21,Oswego,18,7518,980,268274,0.018367346938775512,5.0,0.010799099930099141
19798,2021-05-22,Oswego,12,7530,468,268742,0.02564102564102564,6.0,0.011553247743070483
19799,2021-05-23,Oswego,5,7535,253,268995,0.019762845849802372,5.0,0.00869623986267788
19800,2021-05-24,Oswego,11,7546,357,269352,0.03081232492997199,5.0,0.009944739262437784
19801,2021-05-25,Oswego,8,7554,474,269826,0.016877637130801686,5.0,0.009587033208529199
19802,2021-05-26,Oswego,7,7561,912,270738,0.007675438596491228,5.0,0.009783846736814858
19803,2021-05-27,Oswego,4,7565,497,271235,0.008048289738430584,4.0,0.009084636344664216
19804,2021-05-28,Oswego,4,7569,821,272056,0.0048721071863581,3.0,0.00812069064806297
19805,2021-05-29,Oswego,6,7575,451,272507,0.013303769401330377,3.0,0.007239458059513309
19806,2021-05-30,Oswego,3,7578,285,272792,0.010526315789473684,3.0,0.006579705912346975
19807,2021-05-31,Oswego,0,7578,66,272858,0.0,2.0,0.004378825560206119
19808,2021-06-01,Oswego,2,7580,288,273146,0.006944444444444444,1.0,0.003669311796894887
19809,2021-06-02,Oswego,2,7582,903,274049,0.0022148394241417496,1.0,0.003279268998869924
19810,2021-06-03,Oswego,5,7587,658,274707,0.007598784194528876,1.0,0.0032471614600198023
19811,2021-06-04,Oswego,7,7594,737,275444,0.009497964721845319,1.0,0.003577579855411746
19812,2021-06-05,Oswego,5,7599,367,275811,0.013623978201634877,1.0,0.0036004519125763536
19813,2021-06-06,Oswego,2,7601,226,276037,0.008849557522123894,1.0,0.003480683464908512
19814,2021-06-07,Oswego,2,7603,357,276394,0.0056022408963585435,1.0,0.0038808435289341215
19815,2021-06-08,Oswego,1,7604,546,276940,0.0018315018315018315,1.0,0.0035156333422953637
19816,2021-06-09,Oswego,3,7607,554,277494,0.005415162454873646,1.0,0.003744227844490499
19817,2021-06-10,Oswego,8,7615,544,278038,0.014705882352941176,2.0,0.00425187771294852
19818,2021-06-11,Oswego,3,7618,673,278711,0.004457652303120356,1.0,0.003891855397325309
19819,2021-06-12,Oswego,1,7619,293,279004,0.0034129692832764505,1.0,0.003162497617442564
19820,2021-06-13,Oswego,3,7622,252,279256,0.011904761904761904,1.0,0.0033807265019167075
19821,2021-06-14,Oswego,0,7622,215,279471,0.0,1.0,0.0029805664378910975
19822,2021-06-15,Oswego,2,7624,374,279845,0.0053475935828877,1.0,0.003231715848704374
19823,2021-06-16,Oswego,0,7624,413,280258,0.0,1.0,0.002844918530499114
19824,2021-06-17,Oswego,2,7626,309,280567,0.006472491909385114,0.0,0.0022568192131022517
19825,2021-06-18,Oswego,1,7627,382,280949,0.002617801047120419,0.0,0.002125401266245113
19826,2021-06-19,Oswego,0,7627,228,281177,0.0,0.0,0.0018816177460110812
19827,2021-06-20,Oswego,0,7627,144,281321,0.0,0.0,0.0010312776099566593
19828,2021-06-21,Oswego,5,7632,172,281493,0.029069767441860465,0.0,0.0031076895700895496
19829,2021-06-22,Oswego,1,7633,340,281833,0.0029411764705882353,0.0,0.002935802633496731
19830,2021-06-23,Oswego,3,7636,328,282161,0.009146341463414634,0.0,0.0035891127380263477
19831,2021-06-24,Oswego,0,7636,168,282329,0.0,0.0,0.003126791887355983
19832,2021-06-25,Oswego,1,7637,307,282636,0.003257328990228013,0.0,0.00317247245472081
19833,2021-06-26,Oswego,2,7639,288,282924,0.006944444444444444,0.0,0.0036685042007525565
19834,2021-06-27,Oswego,0,7639,98,283022,0.0,0.0,0.0036685042007525565
19835,2021-06-28,Oswego,0,7639,148,283170,0.0,0.0,0.0015920922406196661
19836,2021-06-29,Oswego,0,7639,224,283394,0.0,0.0,0.0013820082070062206
19837,2021-06-30,Oswego,1,7640,235,283629,0.00425531914893617,0.0,0.001032649470257759
19838,2021-07-01,Oswego,0,7640,271,283900,0.0,0.0,0.001032649470257759
19839,2021-07-02,Oswego,0,7640,257,284157,0.0,0.0,0.0007999831138129009
19840,2021-07-03,Oswego,0,7640,161,284318,0.0,0.0,0.00030395136778115504
19841,2021-07-04,Oswego,1,7641,94,284412,0.010638297872340425,0.0,0.0010638297872340426
19842,2021-07-05,Oswego,2,7643,87,284499,0.022988505747126436,0.0,0.002705865912028788
19843,2021-07-06,Oswego,1,7644,128,284627,0.0078125,0.0,0.0032639016263145025
19844,2021-07-07,Oswego,0,7644,190,284817,0.0,0.0,0.0029599502585333473
19845,2021-07-08,Oswego,1,7645,299,285116,0.0033444816053511705,0.0,0.0031988418017727164
19846,2021-07-09,Oswego,0,7645,269,285385,0.0,0.0,0.0031988418017727164
19847,2021-07-10,Oswego,0,7645,129,285514,0.0,0.0,0.0031988418017727164
19848,2021-07-11,Oswego,3,7648,125,285639,0.024,0.0,0.004153249096605543
19849,2021-07-12,Oswego,0,7648,94,285733,0.0,0.0,0.002511212971810798
19850,2021-07-13,Oswego,3,7651,177,285910,0.01694915254237288,0.0,0.003163831010551718
19851,2021-07-14,Oswego,2,7653,249,286159,0.008032128514056224,0.0,0.003737554475841448
19852,2021-07-15,Oswego,2,7655,151,286310,0.013245033112582781,0.0,0.0044447367263579915
19853,2021-07-16,Oswego,1,7656,498,286808,0.002008032128514056,0.0,0.0045881675926804245
19854,2021-07-17,Oswego,4,7660,223,287031,0.017937219730941704,1.0,0.005869397573461975
19855,2021-07-18,Oswego,0,7660,66,287097,0.0,0.0,0.00415511185917626
19856,2021-07-19,Oswego,1,7661,149,287246,0.006711409395973154,0.0,0.004634498244602914
19857,2021-07-20,Oswego,3,7664,188,287434,0.015957446808510637,0.0,0.004563662120755611
19858,2021-07-21,Oswego,6,7670,239,287673,0.02510460251046025,1.0,0.005783124549070184
19859,2021-07-22,Oswego,2,7672,551,288224,0.003629764065335753,1.0,0.005096319617123968
19860,2021-07-23,Oswego,3,7675,210,288434,0.014285714285714285,1.0,0.005973296914066842
19861,2021-07-24,Oswego,5,7680,199,288633,0.02512562814070352,1.0,0.006486754657621258
19862,2021-07-25,Oswego,0,7680,93,288726,0.0,1.0,0.006486754657621258
19863,2021-07-26,Oswego,3,7683,167,288893,0.017964071856287425,1.0,0.007290516261929419
19864,2021-07-27,Oswego,5,7688,193,289086,0.025906735751295335,1.0,0.008001179757842612
19865,2021-07-28,Oswego,6,7694,243,289329,0.024691358024691357,1.0,0.007971662294573406
19866,2021-07-29,Oswego,10,7704,259,289588,0.03861003861003861,2.0,0.010470253333480754
19867,2021-07-30,Oswego,11,7715,416,290004,0.026442307692307692,2.0,0.011338581433951708
19868,2021-07-31,Oswego,5,7720,420,290424,0.011904761904761904,2.0,0.010394233845670167
19869,2021-08-01,Oswego,5,7725,128,290552,0.0390625,3.0,0.013184412417098739
19870,2021-08-02,Oswego,9,7734,221,290773,0.04072398190045249,3.0,0.014810120277396243
19871,2021-08-03,Oswego,11,7745,299,291072,0.03678929765886288,4.0,0.01558744612793678
19872,2021-08-04,Oswego,16,7761,282,291354,0.05673758865248227,4.0,0.017876462601350417
19873,2021-08-05,Oswego,17,7778,330,291684,0.051515151515151514,5.0,0.018798256380287055
19874,2020-03-01,Otsego,0,0,0,0,,,
19875,2020-03-02,Otsego,0,0,0,0,,,
19876,2020-03-03,Otsego,0,0,0,0,,,
19877,2020-03-04,Otsego,0,0,0,0,,,
19878,2020-03-05,Otsego,0,0,0,0,,,
19879,2020-03-06,Otsego,0,0,0,0,,,
19880,2020-03-07,Otsego,0,0,1,1,0.0,0.0,
19881,2020-03-08,Otsego,0,0,1,2,0.0,0.0,
19882,2020-03-09,Otsego,0,0,0,2,,0.0,
19883,2020-03-10,Otsego,0,0,0,2,,0.0,
19884,2020-03-11,Otsego,0,0,0,2,,0.0,
19885,2020-03-12,Otsego,0,0,0,2,,0.0,
19886,2020-03-13,Otsego,0,0,1,3,0.0,0.0,
19887,2020-03-14,Otsego,0,0,2,5,0.0,0.0,
19888,2020-03-15,Otsego,0,0,1,6,0.0,0.0,
19889,2020-03-16,Otsego,0,0,0,6,,0.0,
19890,2020-03-17,Otsego,0,0,1,7,0.0,0.0,
19891,2020-03-18,Otsego,0,0,2,9,0.0,0.0,
19892,2020-03-19,Otsego,0,0,10,19,0.0,0.0,
19893,2020-03-20,Otsego,0,0,20,39,0.0,0.0,
19894,2020-03-21,Otsego,0,0,11,50,0.0,0.0,
19895,2020-03-22,Otsego,1,1,10,60,0.1,0.0,
19896,2020-03-23,Otsego,0,1,11,71,0.0,0.0,0.0071428571428571435
19897,2020-03-24,Otsego,1,2,5,76,0.2,0.0,0.021428571428571432
19898,2020-03-25,Otsego,1,3,6,82,0.16666666666666666,0.0,0.03333333333333333
19899,2020-03-26,Otsego,2,5,12,94,0.16666666666666666,0.0,0.04523809523809524
19900,2020-03-27,Otsego,2,7,19,113,0.10526315789473684,0.0,0.05275689223057644
19901,2020-03-28,Otsego,3,10,21,134,0.14285714285714285,0.0,0.06296097386322949
19902,2020-03-29,Otsego,7,17,16,150,0.4375,1.0,0.08706811672037236
19903,2020-03-30,Otsego,1,18,8,158,0.125,1.0,0.09599668814894378
19904,2020-03-31,Otsego,1,19,19,177,0.05263157894736842,1.0,0.0854703723594701
19905,2020-04-01,Otsego,2,21,17,194,0.11764705882352941,1.0,0.081968971799246
19906,2020-04-02,Otsego,0,21,12,206,0.0,1.0,0.0700642098944841
19907,2020-04-03,Otsego,5,26,53,259,0.09433962264150944,1.0,0.06928395737639644
19908,2020-04-04,Otsego,3,29,25,284,0.12,1.0,0.06765130431517195
19909,2020-04-05,Otsego,5,34,41,325,0.12195121951219512,1.0,0.04511210570890017
19910,2020-04-06,Otsego,0,34,43,368,0.0,1.0,0.036183534280328736
19911,2020-04-07,Otsego,4,38,31,399,0.12903225806451613,1.0,0.041640725645839295
19912,2020-04-08,Otsego,1,39,42,441,0.023809523809523808,1.0,0.03493804457341032
19913,2020-04-09,Otsego,2,41,40,481,0.05,1.0,0.03850947314483889
19914,2020-04-10,Otsego,2,43,34,515,0.058823529411764705,1.0,0.03597260934271427
19915,2020-04-11,Otsego,0,43,15,530,0.0,1.0,0.027401180771285696
19916,2020-04-12,Otsego,0,43,35,565,0.0,0.0,0.01869037937755747
19917,2020-04-13,Otsego,1,44,90,655,0.011111111111111112,0.0,0.019484030171208266
19918,2020-04-14,Otsego,0,44,14,669,0.0,0.0,0.010267440309457115
19919,2020-04-15,Otsego,0,44,15,684,0.0,0.0,0.008566760037348273
19920,2020-04-16,Otsego,0,44,9,693,0.0,0.0,0.004995331465919702
19921,2020-04-17,Otsego,3,47,18,711,0.16666666666666666,0.0,0.012698412698412697
19922,2020-04-18,Otsego,1,48,18,729,0.05555555555555555,0.0,0.016666666666666666
19923,2020-04-19,Otsego,1,49,10,739,0.1,0.0,0.023809523809523808
19924,2020-04-20,Otsego,0,49,10,749,0.0,0.0,0.023015873015873014
19925,2020-04-21,Otsego,0,49,15,764,0.0,0.0,0.023015873015873014
19926,2020-04-22,Otsego,1,50,22,786,0.045454545454545456,0.0,0.026262626262626262
19927,2020-04-23,Otsego,0,50,18,804,0.0,0.0,0.026262626262626262
19928,2020-04-24,Otsego,10,60,249,1053,0.040160642570281124,0.0,0.017226481684313007
19929,2020-04-25,Otsego,0,60,43,1096,0.0,0.0,0.013258227716059041
19930,2020-04-26,Otsego,2,62,38,1134,0.05263157894736842,0.0,0.0098747690694425
19931,2020-04-27,Otsego,3,65,33,1167,0.09090909090909091,1.0,0.01636827556294899
19932,2020-04-28,Otsego,1,66,34,1201,0.029411764705882353,1.0,0.018469115899083448
19933,2020-04-29,Otsego,1,67,45,1246,0.022222222222222223,1.0,0.01680966423963179
19934,2020-04-30,Otsego,0,67,40,1286,0.0,1.0,0.01680966423963179
19935,2020-05-01,Otsego,0,67,88,1374,0.0,0.0,0.013941046913183137
19936,2020-05-02,Otsego,0,67,42,1416,0.0,0.0,0.013941046913183137
19937,2020-05-03,Otsego,0,67,36,1452,0.0,0.0,0.010181648416942536
19938,2020-05-04,Otsego,0,67,87,1539,0.0,0.0,0.003688141923436041
19939,2020-05-05,Otsego,0,67,70,1609,0.0,0.0,0.0015873015873015873
19940,2020-05-06,Otsego,0,67,43,1652,0.0,0.0,0.0
19941,2020-05-07,Otsego,0,67,44,1696,0.0,0.0,0.0
19942,2020-05-08,Otsego,0,67,39,1735,0.0,0.0,0.0
19943,2020-05-09,Otsego,0,67,46,1781,0.0,0.0,0.0
19944,2020-05-10,Otsego,0,67,40,1821,0.0,0.0,0.0
19945,2020-05-11,Otsego,0,67,62,1883,0.0,0.0,0.0
19946,2020-05-12,Otsego,0,67,82,1965,0.0,0.0,0.0
19947,2020-05-13,Otsego,0,67,45,2010,0.0,0.0,0.0
19948,2020-05-14,Otsego,0,67,27,2037,0.0,0.0,0.0
19949,2020-05-15,Otsego,0,67,181,2218,0.0,0.0,0.0
19950,2020-05-16,Otsego,0,67,50,2268,0.0,0.0,0.0
19951,2020-05-17,Otsego,0,67,79,2347,0.0,0.0,0.0
19952,2020-05-18,Otsego,0,67,129,2476,0.0,0.0,0.0
19953,2020-05-19,Otsego,0,67,124,2600,0.0,0.0,0.0
19954,2020-05-20,Otsego,0,67,65,2665,0.0,0.0,0.0
19955,2020-05-21,Otsego,0,67,102,2767,0.0,0.0,0.0
19956,2020-05-22,Otsego,1,68,90,2857,0.011111111111111112,0.0,0.0007936507936507937
19957,2020-05-23,Otsego,1,69,51,2908,0.0196078431372549,0.0,0.0021942110177404295
19958,2020-05-24,Otsego,0,69,38,2946,0.0,0.0,0.0021942110177404295
19959,2020-05-25,Otsego,0,69,17,2963,0.0,0.0,0.0021942110177404295
19960,2020-05-26,Otsego,0,69,243,3206,0.0,0.0,0.0021942110177404295
19961,2020-05-27,Otsego,1,70,191,3397,0.005235602094240838,0.0,0.0025681825959004896
19962,2020-05-28,Otsego,1,71,128,3525,0.0078125,0.0,0.0031262183101862036
19963,2020-05-29,Otsego,0,71,127,3652,0.0,0.0,0.0023325675165354097
19964,2020-05-30,Otsego,1,72,184,3836,0.005434782608695652,0.0,0.0013202060502097493
19965,2020-05-31,Otsego,0,72,93,3929,0.0,0.0,0.0013202060502097493
19966,2020-06-01,Otsego,1,73,189,4118,0.005291005291005291,0.0,0.0016981349995672701
19967,2020-06-02,Otsego,0,73,183,4301,0.0,0.0,0.0016981349995672701
19968,2020-06-03,Otsego,0,73,112,4413,0.0,0.0,0.0013241634214072103
19969,2020-06-04,Otsego,0,73,132,4545,0.0,0.0,0.0007661277071214959
19970,2020-06-05,Otsego,1,74,265,4810,0.0037735849056603774,0.0,0.001035669486097237
19971,2020-06-06,Otsego,0,74,163,4973,0.0,0.0,0.0006474707283332619
19972,2020-06-07,Otsego,1,75,144,5117,0.006944444444444444,0.0,0.001143502474365008
19973,2020-06-08,Otsego,0,75,238,5355,0.0,0.0,0.0007655735250074872
19974,2020-06-09,Otsego,2,77,144,5499,0.013888888888888888,0.0,0.0017576370170709792
19975,2020-06-10,Otsego,1,78,187,5686,0.0053475935828877,0.0,0.0021396079872772434
19976,2020-06-11,Otsego,0,78,148,5834,0.0,0.0,0.0021396079872772434
19977,2020-06-12,Otsego,2,80,204,6038,0.00980392156862745,0.0,0.00257034632034632
19978,2020-06-13,Otsego,0,80,54,6092,0.0,0.0,0.00257034632034632
19979,2020-06-14,Otsego,0,80,172,6264,0.0,0.0,0.0020743145743145745
19980,2020-06-15,Otsego,1,81,260,6524,0.0038461538461538464,0.0,0.002349039849039849
19981,2020-06-16,Otsego,1,82,233,6757,0.004291845493562232,0.0,0.0016635367493736592
19982,2020-06-17,Otsego,0,82,165,6922,0.0,0.0,0.001281565779167395
19983,2020-06-18,Otsego,0,82,237,7159,0.0,0.0,0.001281565779167395
19984,2020-06-19,Otsego,0,82,122,7281,0.0,0.0,0.000581285667122577
19985,2020-06-20,Otsego,0,82,163,7444,0.0,0.0,0.000581285667122577
19986,2020-06-21,Otsego,1,83,138,7582,0.007246376811594203,0.0,0.0010988840108078772
19987,2020-06-22,Otsego,0,83,193,7775,0.0,0.0,0.0008241587360826025
19988,2020-06-23,Otsego,0,83,86,7861,0.0,0.0,0.0005175983436853002
19989,2020-06-24,Otsego,0,83,125,7986,0.0,0.0,0.0005175983436853002
19990,2020-06-25,Otsego,0,83,128,8114,0.0,0.0,0.0005175983436853002
19991,2020-06-26,Otsego,1,84,162,8276,0.006172839506172839,0.0,0.0009585154512690745
19992,2020-06-27,Otsego,0,84,141,8417,0.0,0.0,0.0009585154512690745
19993,2020-06-28,Otsego,0,84,158,8575,0.0,0.0,0.0004409171075837742
19994,2020-06-29,Otsego,0,84,155,8730,0.0,0.0,0.0004409171075837742
19995,2020-06-30,Otsego,0,84,150,8880,0.0,0.0,0.0004409171075837742
19996,2020-07-01,Otsego,0,84,120,9000,0.0,0.0,0.0004409171075837742
19997,2020-07-02,Otsego,0,84,195,9195,0.0,0.0,0.0004409171075837742
19998,2020-07-03,Otsego,2,86,112,9307,0.017857142857142856,0.0,0.0012755102040816326
19999,2020-07-04,Otsego,0,86,115,9422,0.0,0.0,0.0012755102040816326
20000,2020-07-05,Otsego,0,86,99,9521,0.0,0.0,0.0012755102040816326
20001,2020-07-06,Otsego,0,86,166,9687,0.0,0.0,0.0012755102040816326
20002,2020-07-07,Otsego,0,86,68,9755,0.0,0.0,0.0012755102040816326
20003,2020-07-08,Otsego,0,86,136,9891,0.0,0.0,0.0012755102040816326
20004,2020-07-09,Otsego,2,88,127,10018,0.015748031496062992,0.0,0.0024003695966575605
20005,2020-07-10,Otsego,0,88,138,10156,0.0,0.0,0.001124859392575928
20006,2020-07-11,Otsego,1,89,139,10295,0.007194244604316547,0.0,0.001638734007169967
20007,2020-07-12,Otsego,0,89,75,10370,0.0,0.0,0.001638734007169967
20008,2020-07-13,Otsego,1,90,175,10545,0.005714285714285714,0.0,0.0020468972724760896
20009,2020-07-14,Otsego,1,91,190,10735,0.005263157894736842,0.0,0.0024228371221001496
20010,2020-07-15,Otsego,1,92,171,10906,0.005847953216374269,0.0,0.002840548066126883
20011,2020-07-16,Otsego,2,94,275,11181,0.007272727272727273,0.0,0.002235169193031475
20012,2020-07-17,Otsego,0,94,255,11436,0.0,0.0,0.002235169193031475
20013,2020-07-18,Otsego,4,98,90,11526,0.044444444444444446,0.0,0.0048958977530406105
20014,2020-07-19,Otsego,0,98,125,11651,0.0,0.0,0.0048958977530406105
20015,2020-07-20,Otsego,2,100,206,11857,0.009708737864077669,0.0,0.005181215763740035
20016,2020-07-21,Otsego,1,101,126,11983,0.007936507936507936,0.0,0.0053721693381522575
20017,2020-07-22,Otsego,1,102,148,12131,0.006756756756756757,0.0,0.0054370838767510065
20018,2020-07-23,Otsego,0,102,112,12243,0.0,0.0,0.004917603357270486
20019,2020-07-24,Otsego,1,103,160,12403,0.00625,0.0,0.005364031928699058
20020,2020-07-25,Otsego,0,103,104,12507,0.0,0.0,0.0021894287540958827
20021,2020-07-26,Otsego,0,103,102,12609,0.0,0.0,0.0021894287540958827
20022,2020-07-27,Otsego,2,105,171,12780,0.011695906432748537,0.0,0.002331369366143802
20023,2020-07-28,Otsego,2,107,124,12904,0.016129032258064516,0.0,0.002916549674826415
20024,2020-07-29,Otsego,0,107,175,13079,0.0,0.0,0.0024339241922009323
20025,2020-07-30,Otsego,5,112,249,13328,0.020080321285140562,0.0,0.003868232855425258
20026,2020-07-31,Otsego,0,112,152,13480,0.0,0.0,0.003421804283996687
20027,2020-08-01,Otsego,0,112,153,13633,0.0,0.0,0.003421804283996687
20028,2020-08-02,Otsego,2,114,135,13768,0.014814814814814815,0.0,0.004480005342197745
20029,2020-08-03,Otsego,1,115,218,13986,0.0045871559633027525,0.0,0.003972237451523046
20030,2020-08-04,Otsego,0,115,193,14179,0.0,0.0,0.002820163718804152
20031,2020-08-05,Otsego,0,115,72,14251,0.0,0.0,0.002820163718804152
20032,2020-08-06,Otsego,1,116,189,14440,0.005291005291005291,0.0,0.001763784004937347
20033,2020-08-07,Otsego,0,116,271,14711,0.0,0.0,0.001763784004937347
20034,2020-08-08,Otsego,0,116,141,14852,0.0,0.0,0.001763784004937347
20035,2020-08-09,Otsego,0,116,145,14997,0.0,0.0,0.0007055829467362888
20036,2020-08-10,Otsego,2,118,432,15429,0.004629629629629629,0.0,0.0007086167800453515
20037,2020-08-11,Otsego,0,118,160,15589,0.0,0.0,0.0007086167800453515
20038,2020-08-12,Otsego,0,118,276,15865,0.0,0.0,0.0007086167800453515
20039,2020-08-13,Otsego,0,118,157,16022,0.0,0.0,0.00033068783068783067
20040,2020-08-14,Otsego,0,118,183,16205,0.0,0.0,0.00033068783068783067
20041,2020-08-15,Otsego,0,118,116,16321,0.0,0.0,0.00033068783068783067
20042,2020-08-16,Otsego,0,118,92,16413,0.0,0.0,0.00033068783068783067
20043,2020-08-17,Otsego,2,120,203,16616,0.009852216748768473,0.0,0.0007037297677691766
20044,2020-08-18,Otsego,2,122,151,16767,0.013245033112582781,0.0,0.0016498035615250897
20045,2020-08-19,Otsego,1,123,219,16986,0.0045662100456621,0.0,0.001975961421929525
20046,2020-08-20,Otsego,1,124,162,17148,0.006172839506172839,0.0,0.0024168785295132994
20047,2020-08-21,Otsego,0,124,181,17329,0.0,0.0,0.0024168785295132994
20048,2020-08-22,Otsego,0,124,277,17606,0.0,0.0,0.0024168785295132994
20049,2020-08-23,Otsego,0,124,199,17805,0.0,0.0,0.0024168785295132994
20050,2020-08-24,Otsego,0,124,113,17918,0.0,0.0,0.0017131487617441227
20051,2020-08-25,Otsego,0,124,190,18108,0.0,0.0,0.00076707496798821
20052,2020-08-26,Otsego,0,124,283,18391,0.0,0.0,0.0004409171075837742
20053,2020-08-27,Otsego,1,125,201,18592,0.004975124378109453,0.0,0.00035536602700781805
20054,2020-08-28,Otsego,9,134,272,18864,0.03308823529411765,0.0,0.0027188114051590784
20055,2020-08-29,Otsego,9,143,286,19150,0.03146853146853147,1.0,0.004966563652911328
20056,2020-08-30,Otsego,1,144,103,19253,0.009708737864077669,1.0,0.005660044928916875
20057,2020-08-31,Otsego,35,179,233,19486,0.15021459227467812,3.0,0.016389658662822455
20058,2020-09-01,Otsego,10,189,240,19726,0.041666666666666664,4.0,0.019365849139012927
20059,2020-09-02,Otsego,20,209,495,20221,0.04040404040404041,6.0,0.022251852025015815
20060,2020-09-03,Otsego,26,235,568,20789,0.045774647887323945,7.0,0.025166103704245418
20061,2020-09-04,Otsego,14,249,353,21142,0.039660056657223795,8.0,0.02563551951589586
20062,2020-09-05,Otsego,19,268,495,21637,0.03838383838383838,8.0,0.026129470009846358
20063,2020-09-06,Otsego,17,285,512,22149,0.033203125,10.0,0.027807640519555095
20064,2020-09-07,Otsego,3,288,183,22332,0.01639344262295082,7.0,0.018248986973003145
20065,2020-09-08,Otsego,3,291,164,22496,0.018292682926829267,7.0,0.016579416705871902
20066,2020-09-09,Otsego,0,291,125,22621,0.0,5.0,0.013693413819869016
20067,2020-09-10,Otsego,5,296,207,22828,0.024154589371980676,4.0,0.012149123925915925
20068,2020-09-11,Otsego,16,312,248,23076,0.06451612903225806,4.0,0.0139245576669898
20069,2020-09-12,Otsego,2,314,337,23413,0.005934718100890208,3.0,0.01160676336106493
20070,2020-09-13,Otsego,0,314,107,23520,0.0,2.0,0.009235111575350645
20071,2020-09-14,Otsego,2,316,143,23663,0.013986013986013986,2.0,0.009063152386998013
20072,2020-09-15,Otsego,2,318,172,23835,0.011627906976744186,1.0,0.008587096961991936
20073,2020-09-16,Otsego,4,322,491,24326,0.008146639511201629,2.0,0.009168999784220625
20074,2020-09-17,Otsego,2,324,178,24504,0.011235955056179775,2.0,0.008246240190234845
20075,2020-09-18,Otsego,1,325,180,24684,0.005555555555555556,0.0,0.004034770656184667
20076,2020-09-19,Otsego,7,332,199,24883,0.035175879396984924,1.0,0.006123425034477147
20077,2020-09-20,Otsego,0,332,160,25043,0.0,1.0,0.006123425034477147
20078,2020-09-21,Otsego,0,332,193,25236,0.0,1.0,0.005124424035476148
20079,2020-09-22,Otsego,1,333,209,25445,0.004784688995215311,1.0,0.004635622751081228
20080,2020-09-23,Otsego,2,335,301,25746,0.006644518272425249,0.0,0.004528328376882916
20081,2020-09-24,Otsego,0,335,245,25991,0.0,0.0,0.00372576015858436
20082,2020-09-25,Otsego,3,338,285,26276,0.010526315789473684,0.0,0.0040808144610070835
20083,2020-09-26,Otsego,0,338,231,26507,0.0,0.0,0.0015682516469367317
20084,2020-09-27,Otsego,2,340,152,26659,0.013157894736842105,0.0,0.002508101270996882
20085,2020-09-28,Otsego,0,340,363,27022,0.0,0.0,0.002508101270996882
20086,2020-09-29,Otsego,1,341,454,27476,0.0022026431718061676,0.0,0.0023236694264676576
20087,2020-09-30,Otsego,1,342,160,27636,0.00625,0.0,0.002295489549865854
20088,2020-10-01,Otsego,2,344,216,27852,0.009259259259259259,0.0,0.0029568652112415155
20089,2020-10-02,Otsego,0,344,281,28133,0.0,0.0,0.002204985511993395
20090,2020-10-03,Otsego,2,346,206,28339,0.009708737864077669,0.0,0.002898466787998943
20091,2020-10-04,Otsego,1,347,229,28568,0.004366812227074236,0.0,0.0022705323230155236
20092,2020-10-05,Otsego,6,353,621,29189,0.00966183574879227,0.0,0.0029606634479292576
20093,2020-10-06,Otsego,0,353,351,29540,0.0,0.0,0.002803331792800245
20094,2020-10-07,Otsego,1,354,296,29836,0.0033783783783783786,0.0,0.0025982159626844153
20095,2020-10-08,Otsego,3,357,302,30138,0.009933774834437087,0.0,0.0026463956466256885
20096,2020-10-09,Otsego,2,359,233,30371,0.008583690987124463,1.0,0.003259516431420293
20097,2020-10-10,Otsego,1,360,235,30606,0.00425531914893617,1.0,0.0028699865231959004
20098,2020-10-11,Otsego,0,360,148,30754,0.0,0.0,0.0025580713641191696
20099,2020-10-12,Otsego,2,362,303,31057,0.006600660066006601,0.0,0.002339415958205907
20100,2020-10-13,Otsego,0,362,671,31728,0.0,0.0,0.002339415958205907
20101,2020-10-14,Otsego,0,362,178,31906,0.0,0.0,0.002098103216893166
20102,2020-10-15,Otsego,0,362,178,32084,0.0,0.0,0.001388547871576231
20103,2020-10-16,Otsego,2,364,256,32340,0.0078125,0.0,0.0013334628010673408
20104,2020-10-17,Otsego,0,364,190,32530,0.0,0.0,0.0010295114332861857
20105,2020-10-18,Otsego,3,367,259,32789,0.011583011583011582,0.0,0.0018568694035012987
20106,2020-10-19,Otsego,1,368,775,33564,0.0012903225806451613,0.0,0.0014775595831183388
20107,2020-10-20,Otsego,1,369,214,33778,0.004672897196261682,0.0,0.0018113379542798874
20108,2020-10-21,Otsego,5,374,185,33963,0.02702702702702703,0.0,0.003741839884781818
20109,2020-10-22,Otsego,4,378,185,34148,0.021621621621621623,1.0,0.005286241429183362
20110,2020-10-23,Otsego,6,384,228,34376,0.02631578947368421,1.0,0.00660790496301795
20111,2020-10-24,Otsego,6,390,451,34827,0.013303769401330377,1.0,0.007558174205970119
20112,2020-10-25,Otsego,3,393,268,35095,0.011194029850746268,1.0,0.007530389796522597
20113,2020-10-26,Otsego,5,398,694,35789,0.007204610951008645,2.0,0.007952838965834274
20114,2020-10-27,Otsego,2,400,470,36259,0.00425531914893617,2.0,0.00792301196245388
20115,2020-10-28,Otsego,4,404,192,36451,0.020833333333333332,2.0,0.007480605270047187
20116,2020-10-29,Otsego,6,410,250,36701,0.024,2.0,0.007650489439931358
20117,2020-10-30,Otsego,5,415,347,37048,0.01440922190201729,2.0,0.006800020327669435
20118,2020-10-31,Otsego,6,421,216,37264,0.027777777777777776,2.0,0.00783387806884425
20119,2020-11-01,Otsego,1,422,290,37554,0.0034482758620689655,2.0,0.00728060992679587
20120,2020-11-02,Otsego,0,422,214,37768,0.0,1.0,0.006765994858866681
20121,2020-11-03,Otsego,11,433,741,38509,0.014844804318488529,2.0,0.007522386656691848
20122,2020-11-04,Otsego,4,437,594,39103,0.006734006734006734,2.0,0.006515291899597092
20123,2020-11-05,Otsego,3,440,246,39349,0.012195121951219513,2.0,0.005672086324684201
20124,2020-11-06,Otsego,2,442,328,39677,0.006097560975609756,1.0,0.005078396258512234
20125,2020-11-07,Otsego,2,444,256,39933,0.0078125,1.0,0.003652304988670964
20126,2020-11-08,Otsego,5,449,188,40121,0.026595744680851064,1.0,0.0053056956185839705
20127,2020-11-09,Otsego,7,456,805,40926,0.008695652173913044,2.0,0.005926813631006332
20128,2020-11-10,Otsego,0,456,943,41869,0.0,1.0,0.004866470465400008
20129,2020-11-11,Otsego,2,458,291,42160,0.006872852233676976,1.0,0.004876388001090739
20130,2020-11-12,Otsego,1,459,116,42276,0.008620689655172414,1.0,0.004621071408515947
20131,2020-11-13,Otsego,1,460,158,42434,0.006329113924050633,1.0,0.004637610904833152
20132,2020-11-14,Otsego,3,463,193,42627,0.015544041450777202,1.0,0.0051898638656029525
20133,2020-11-15,Otsego,3,466,294,42921,0.01020408163265306,1.0,0.004019030790731666
20134,2020-11-16,Otsego,4,470,635,43556,0.006299212598425197,1.0,0.003847856535339677
20135,2020-11-17,Otsego,10,480,823,44379,0.012150668286755772,1.0,0.00471576141296509
20136,2020-11-18,Otsego,12,492,1174,45553,0.010221465076660987,2.0,0.004954948044606804
20137,2020-11-19,Otsego,5,497,112,45665,0.044642857142857144,2.0,0.007527960008012857
20138,2020-11-20,Otsego,8,505,415,46080,0.01927710843373494,3.0,0.008452816758704592
20139,2020-11-21,Otsego,3,508,620,46700,0.004838709677419355,3.0,0.007688150203464747
20140,2020-11-22,Otsego,21,529,686,47386,0.030612244897959183,4.0,0.009145876150986613
20141,2020-11-23,Otsego,23,552,371,47757,0.06199460916442048,5.0,0.01312411876284342
20142,2020-11-24,Otsego,21,573,373,48130,0.05630026809651475,6.0,0.016277661606397636
20143,2020-11-25,Otsego,14,587,328,48458,0.042682926829268296,6.0,0.018596337445869582
20144,2020-11-26,Otsego,9,596,246,48704,0.036585365853658534,7.0,0.01802080235378397
20145,2020-11-27,Otsego,15,611,319,49023,0.047021943573667714,7.0,0.020002576292350593
20146,2020-11-28,Otsego,7,618,257,49280,0.027237354085603113,7.0,0.02160247946436372
20147,2020-11-29,Otsego,14,632,332,49612,0.04216867469879518,7.0,0.022427938735852002
20148,2020-11-30,Otsego,17,649,349,49961,0.04871060171919771,6.0,0.021479081061193235
20149,2020-12-01,Otsego,11,660,597,50558,0.018425460636515914,6.0,0.018773737671193315
20150,2020-12-02,Otsego,14,674,430,50988,0.03255813953488372,6.0,0.018050538578737278
20151,2020-12-03,Otsego,14,688,171,51159,0.08187134502923976,6.0,0.02128525137699308
20152,2020-12-04,Otsego,28,716,464,51623,0.0603448275862069,7.0,0.022236885949317307
20153,2020-12-05,Otsego,13,729,297,51920,0.04377104377104377,7.0,0.02341786378399164
20154,2020-12-06,Otsego,18,747,367,52287,0.04904632152588556,8.0,0.023909124271640953
20155,2020-12-07,Otsego,14,761,131,52418,0.10687022900763359,8.0,0.028063383363672086
20156,2020-12-08,Otsego,43,804,800,53218,0.05375,10.0,0.030586564746778094
20157,2020-12-09,Otsego,17,821,385,53603,0.04415584415584416,10.0,0.03141497221970384
20158,2020-12-10,Otsego,19,840,540,54143,0.03518518518518519,10.0,0.028080246516557085
20159,2020-12-11,Otsego,18,858,382,54525,0.04712041884816754,10.0,0.027135645892411416
20160,2020-12-12,Otsego,24,882,449,54974,0.053452115812917596,10.0,0.027827151038259546
20161,2020-12-13,Otsego,22,904,389,55363,0.056555269922879174,11.0,0.02836350449518766
20162,2020-12-14,Otsego,11,915,128,55491,0.0859375,11.0,0.026868309566070978
20163,2020-12-15,Otsego,26,941,404,55895,0.06435643564356436,9.0,0.02762591211203986
20164,2020-12-16,Otsego,17,958,496,56391,0.034274193548387094,9.0,0.026920079925792928
20165,2020-12-17,Otsego,11,969,258,56649,0.04263565891472868,9.0,0.027452256620760316
20166,2020-12-18,Otsego,21,990,270,56919,0.07777777777777778,9.0,0.029642067972875333
20167,2020-12-19,Otsego,15,1005,430,57349,0.03488372093023256,8.0,0.028315754052683547
20168,2020-12-20,Otsego,11,1016,192,57541,0.057291666666666664,8.0,0.02836835382009694
20169,2020-12-21,Otsego,20,1036,151,57692,0.13245033112582782,8.0,0.03169069890051321
20170,2020-12-22,Otsego,24,1060,418,58110,0.05741626794258373,8.0,0.031194972636157454
20171,2020-12-23,Otsego,14,1074,483,58593,0.028985507246376812,8.0,0.030817209328871005
20172,2020-12-24,Otsego,19,1093,435,59028,0.04367816091954023,8.0,0.030891673757786117
20173,2020-12-25,Otsego,23,1116,278,59306,0.08273381294964029,9.0,0.031245676270062007
20174,2020-12-26,Otsego,9,1125,214,59520,0.04205607476635514,8.0,0.031757987258356477
20175,2020-12-27,Otsego,6,1131,190,59710,0.031578947368421054,8.0,0.029921364451338934
20176,2020-12-28,Otsego,27,1158,397,60107,0.06801007556675064,8.0,0.025318489054261994
20177,2020-12-29,Otsego,23,1181,529,60636,0.043478260869565216,8.0,0.02432291712047496
20178,2020-12-30,Otsego,24,1205,229,60865,0.10480349344978165,9.0,0.029738487563575302
20179,2020-12-31,Otsego,24,1229,499,61364,0.04809619238476954,9.0,0.03005406123966311
20180,2021-01-01,Otsego,22,1251,286,61650,0.07692307692307693,9.0,0.029639008666337154
20181,2021-01-02,Otsego,15,1266,269,61919,0.055762081784386616,10.0,0.030618009167625113
20182,2021-01-03,Otsego,17,1283,189,62108,0.08994708994708994,10.0,0.03478716220895861
20183,2021-01-04,Otsego,11,1294,151,62259,0.0728476821192053,9.0,0.03513270553413394
20184,2021-01-05,Otsego,13,1307,670,62929,0.019402985074626865,9.0,0.03341304297735263
20185,2021-01-06,Otsego,28,1335,644,63573,0.043478260869565216,9.0,0.029032669221622887
20186,2021-01-07,Otsego,25,1360,341,63914,0.07331378299120235,9.0,0.030833925693510945
20187,2021-01-08,Otsego,30,1390,418,64332,0.07177033492822966,9.0,0.030465872693878997
20188,2021-01-09,Otsego,20,1410,372,64704,0.053763440860215055,10.0,0.03032311262786674
20189,2021-01-10,Otsego,19,1429,193,64897,0.09844559585492228,10.0,0.03093014876414048
20190,2021-01-11,Otsego,54,1483,459,65356,0.11764705882352941,13.0,0.03413010424302077
20191,2021-01-12,Otsego,15,1498,786,66142,0.019083969465648856,13.0,0.03410731741380806
20192,2021-01-13,Otsego,24,1522,276,66418,0.08695652173913043,13.0,0.03721290747591986
20193,2021-01-14,Otsego,37,1559,538,66956,0.0687732342007435,14.0,0.036888582562315655
20194,2021-01-15,Otsego,41,1600,530,67486,0.07735849056603773,15.0,0.0372877365364448
20195,2021-01-16,Otsego,23,1623,388,67874,0.059278350515463915,15.0,0.03768165865467687
20196,2021-01-17,Otsego,23,1646,536,68410,0.04291044776119403,15.0,0.03371486236226771
20197,2021-01-18,Otsego,25,1671,528,68938,0.04734848484848485,13.0,0.02869353564976452
20198,2021-01-19,Otsego,67,1738,1028,69966,0.0651750972762646,17.0,0.0319857590648085
20199,2021-01-20,Otsego,41,1779,627,70593,0.06539074960127592,18.0,0.030445346769247466
20200,2021-01-21,Otsego,24,1803,637,71230,0.03767660910518053,17.0,0.028224159262421538
20201,2021-01-22,Otsego,40,1843,598,71828,0.06688963210702341,17.0,0.027476383658206233
20202,2021-01-23,Otsego,28,1871,718,72546,0.03899721448467967,17.0,0.026027731084578787
20203,2021-01-24,Otsego,20,1891,318,72864,0.06289308176100629,17.0,0.027455062084565378
20204,2021-01-25,Otsego,10,1901,189,73053,0.05291005291005291,16.0,0.027852316946105952
20205,2021-01-26,Otsego,18,1919,1147,74200,0.015693112467306015,12.0,0.024317889459751767
20206,2021-01-27,Otsego,21,1940,446,74646,0.04708520179372197,11.0,0.023010350330640767
20207,2021-01-28,Otsego,25,1965,619,75265,0.04038772213247173,11.0,0.023204001261161573
20208,2021-01-29,Otsego,21,1986,927,76192,0.022653721682847898,10.0,0.020044293373720462
20209,2021-01-30,Otsego,13,1999,347,76539,0.037463976945244955,9.0,0.019934776406617984
20210,2021-01-31,Otsego,12,2011,383,76922,0.031331592689295036,8.0,0.01768038433006718
20211,2021-02-01,Otsego,9,2020,201,77123,0.04477611940298507,8.0,0.017099389079562332
20212,2021-02-02,Otsego,11,2031,248,77371,0.04435483870967742,8.0,0.019146655239731723
20213,2021-02-03,Otsego,17,2048,525,77896,0.03238095238095238,7.0,0.018096351710248176
20214,2021-02-04,Otsego,22,2070,1330,79226,0.016541353383458645,7.0,0.01639303965674724
20215,2021-02-05,Otsego,9,2079,308,79534,0.02922077922077922,6.0,0.016862115195170908
20216,2021-02-06,Otsego,13,2092,723,80257,0.017980636237897647,6.0,0.015470448001788957
20217,2021-02-07,Otsego,6,2098,237,80494,0.02531645569620253,6.0,0.01504079535942521
20218,2021-02-08,Otsego,5,2103,91,80585,0.054945054945054944,5.0,0.015767147898144485
20219,2021-02-09,Otsego,15,2118,1873,82458,0.00800854244527496,6.0,0.013170983879258594
20220,2021-02-10,Otsego,14,2132,2670,85128,0.0052434456928838954,6.0,0.01123259054439656
20221,2021-02-11,Otsego,12,2144,457,85585,0.0262582056892779,5.0,0.01192665142338365
20222,2021-02-12,Otsego,14,2158,624,86209,0.022435897435897436,5.0,0.011442017010177807
20223,2021-02-13,Otsego,16,2174,712,86921,0.02247191011235955,5.0,0.011762822286925087
20224,2021-02-14,Otsego,10,2184,485,87406,0.020618556701030927,6.0,0.011427258072984258
20225,2021-02-15,Otsego,12,2196,187,87593,0.06417112299465241,6.0,0.012086262933669791
20226,2021-02-16,Otsego,8,2204,1613,89206,0.0049597024178549285,6.0,0.011868488645996931
20227,2021-02-17,Otsego,12,2216,410,89616,0.02926829268292683,6.0,0.013584549145285712
20228,2021-02-18,Otsego,13,2229,1177,90793,0.011045029736618521,6.0,0.012497893720095759
20229,2021-02-19,Otsego,9,2238,1073,91866,0.008387698042870456,5.0,0.011494450906308117
20230,2021-02-20,Otsego,9,2247,355,92221,0.02535211267605634,5.0,0.011700179660857887
20231,2021-02-21,Otsego,5,2252,242,92463,0.02066115702479339,4.0,0.011703222541126632
20232,2021-02-22,Otsego,7,2259,157,92620,0.044585987261146494,4.0,0.01030428427444764
20233,2021-02-23,Otsego,8,2267,1639,94259,0.004881025015253203,4.0,0.010298664459976088
20234,2021-02-24,Otsego,40,2307,1338,95597,0.029895366218236172,6.0,0.0103434554267839
20235,2021-02-25,Otsego,4,2311,336,95933,0.011904761904761904,5.0,0.010404864867365568
20236,2021-02-26,Otsego,20,2331,1049,96982,0.019065776930409915,6.0,0.0111675847879041
20237,2021-02-27,Otsego,19,2350,408,97390,0.04656862745098039,7.0,0.012683050128970105
20238,2021-02-28,Otsego,5,2355,340,97730,0.014705882352941176,7.0,0.012257673366694947
20239,2021-03-01,Otsego,5,2360,214,97944,0.02336448598130841,7.0,0.010741851846706512
20240,2021-03-02,Otsego,13,2373,1713,99657,0.007589025102159953,7.0,0.010935280424342709
20241,2021-03-03,Otsego,29,2402,2609,102266,0.011115369873514757,6.0,0.009593852114005466
20242,2021-03-04,Otsego,29,2431,857,103123,0.0338389731621937,8.0,0.011160581489536308
20243,2021-03-05,Otsego,39,2470,2186,105309,0.017840805123513267,9.0,0.011073083503329405
20244,2021-03-06,Otsego,16,2486,434,105743,0.03686635944700461,9.0,0.010380064360188276
20245,2021-03-07,Otsego,13,2499,589,106332,0.022071307300509338,10.0,0.010906166142157432
20246,2021-03-08,Otsego,23,2522,338,106670,0.06804733727810651,11.0,0.014097798377643009
20247,2021-03-09,Otsego,22,2544,1795,108465,0.012256267409470752,12.0,0.014431172828165209
20248,2021-03-10,Otsego,4,2548,2794,111259,0.0014316392269148174,10.0,0.013739477781979498
20249,2021-03-11,Otsego,26,2574,535,111794,0.048598130841121495,10.0,0.014793703330474342
20250,2021-03-12,Otsego,17,2591,738,112532,0.023035230352303523,8.0,0.015164733703959361
20251,2021-03-13,Otsego,14,2605,674,113206,0.020771513353115726,8.0,0.014015101840110154
20252,2021-03-14,Otsego,11,2616,249,113455,0.04417670682730924,8.0,0.01559405894916729
20253,2021-03-15,Otsego,12,2628,270,113725,0.044444444444444446,7.0,0.013908138032477143
20254,2021-03-16,Otsego,22,2650,1686,115411,0.013048635824436536,7.0,0.013964735776403269
20255,2021-03-17,Otsego,20,2670,1063,116474,0.01881467544684854,8.0,0.01520638122068425
20256,2021-03-18,Otsego,23,2693,1175,117649,0.01957446808510638,8.0,0.013133262452397456
20257,2021-03-19,Otsego,25,2718,314,117963,0.07961783439490445,9.0,0.017174877026868953
20258,2021-03-20,Otsego,18,2736,710,118673,0.02535211267605634,9.0,0.01750206269279328
20259,2021-03-21,Otsego,8,2744,208,118881,0.038461538461538464,9.0,0.01709383638095251
20260,2021-03-22,Otsego,18,2762,310,119191,0.05806451612903226,9.0,0.018066698644137354
20261,2021-03-23,Otsego,13,2775,1594,120785,0.008155583437892095,8.0,0.017717194902241322
20262,2021-03-24,Otsego,12,2787,2323,123108,0.005165733964700818,8.0,0.016742270510659345
20263,2021-03-25,Otsego,28,2815,1569,124677,0.017845761631612493,8.0,0.016618791478266923
20264,2021-03-26,Otsego,30,2845,1085,125762,0.027649769585253458,9.0,0.012906786849006136
20265,2021-03-27,Otsego,15,2860,403,126165,0.03722084367245657,8.0,0.01375455334874901
20266,2021-03-28,Otsego,13,2873,285,126450,0.0456140350877193,9.0,0.014265445964904786
20267,2021-03-29,Otsego,17,2890,359,126809,0.04735376044568245,9.0,0.013500391987522658
20268,2021-03-30,Otsego,21,2911,1635,128444,0.012844036697247707,9.0,0.013835281506048057
20269,2021-03-31,Otsego,26,2937,963,129407,0.02699896157840083,10.0,0.015394797764169485
20270,2021-04-01,Otsego,11,2948,537,129944,0.020484171322160148,9.0,0.015583255599208604
20271,2021-04-02,Otsego,15,2963,1356,131300,0.011061946902654867,8.0,0.014398411121880133
20272,2021-04-03,Otsego,15,2978,446,131746,0.033632286995515695,8.0,0.014142085644955785
20273,2021-04-04,Otsego,17,2995,285,132031,0.05964912280701754,8.0,0.015144591910619945
20274,2021-04-05,Otsego,12,3007,168,132199,0.07142857142857142,8.0,0.016864221266540583
20275,2021-04-06,Otsego,23,3030,1525,133724,0.015081967213114755,8.0,0.017024073446245375
20276,2021-04-07,Otsego,12,3042,1377,135101,0.008714596949891068,7.0,0.015718047401351822
20277,2021-04-08,Otsego,25,3067,1343,136444,0.018615040953090096,8.0,0.015584538089275388
20278,2021-04-09,Otsego,17,3084,968,137412,0.01756198347107438,8.0,0.01604882641559107
20279,2021-04-10,Otsego,10,3094,348,137760,0.028735632183908046,8.0,0.015699065357619092
20280,2021-04-11,Otsego,8,3102,302,138062,0.026490066225165563,7.0,0.013330561316058238
20281,2021-04-12,Otsego,16,3118,233,138295,0.06866952789699571,7.0,0.013133486778088543
20282,2021-04-13,Otsego,18,3136,1760,140055,0.010227272727272727,7.0,0.012786722886242686
20283,2021-04-14,Otsego,20,3156,1518,141573,0.013175230566534914,8.0,0.013105339573145816
20284,2021-04-15,Otsego,5,3161,864,142437,0.005787037037037037,6.0,0.012189053579142026
20285,2021-04-16,Otsego,20,3181,745,143182,0.026845637583892617,6.0,0.012852171730057616
20286,2021-04-17,Otsego,15,3196,1062,144244,0.014124293785310734,7.0,0.011808504701586378
20287,2021-04-18,Otsego,4,3200,207,144451,0.01932367149758454,7.0,0.011296619363902019
20288,2021-04-19,Otsego,7,3207,236,144687,0.029661016949152543,6.0,0.008510297153341794
20289,2021-04-20,Otsego,14,3221,1804,146491,0.007760532150776054,6.0,0.008334101397877745
20290,2021-04-21,Otsego,16,3237,1690,148181,0.009467455621301775,5.0,0.008069260330361093
20291,2021-04-22,Otsego,9,3246,883,149064,0.010192525481313703,6.0,0.008383938076380855
20292,2021-04-23,Otsego,11,3257,1098,150162,0.010018214936247723,5.0,0.007181979315834791
20293,2021-04-24,Otsego,8,3265,452,150614,0.017699115044247787,4.0,0.007437323691473152
20294,2021-04-25,Otsego,7,3272,321,150935,0.021806853582554516,5.0,0.00761469384039958
20295,2021-04-26,Otsego,7,3279,257,151192,0.027237354085603113,5.0,0.0074415750644317635
20296,2021-04-27,Otsego,7,3286,344,151536,0.020348837209302327,4.0,0.008340739711469352
20297,2021-04-28,Otsego,10,3296,693,152229,0.01443001443001443,4.0,0.00869520819780597
20298,2021-04-29,Otsego,10,3306,1110,153339,0.009009009009009009,4.0,0.008610671306927066
20299,2021-04-30,Otsego,6,3312,623,153962,0.009630818619582664,3.0,0.008583000141450988
20300,2021-05-01,Otsego,8,3320,763,154725,0.010484927916120577,3.0,0.008067701060870475
20301,2021-05-02,Otsego,9,3329,255,154980,0.03529411764705882,4.0,0.009031077065477924
20302,2021-05-03,Otsego,5,3334,175,155155,0.02857142857142857,3.0,0.009126368100179744
20303,2021-05-04,Otsego,6,3340,352,155507,0.017045454545454544,3.0,0.008890412195619186
20304,2021-05-05,Otsego,7,3347,582,156089,0.012027491408934709,3.0,0.008718803408399206
20305,2021-05-06,Otsego,6,3353,1173,157262,0.005115089514066497,3.0,0.008440666301617598
20306,2021-05-07,Otsego,6,3359,973,158235,0.006166495375128468,3.0,0.008193214641299441
20307,2021-05-08,Otsego,4,3363,376,158611,0.010638297872340425,3.0,0.008204169638172288
20308,2021-05-09,Otsego,7,3370,177,158788,0.03954802259887006,2.0,0.008508019991873091
20309,2021-05-10,Otsego,6,3376,211,158999,0.02843601895734597,3.0,0.008498347876581476
20310,2021-05-11,Otsego,11,3387,328,159327,0.03353658536585366,3.0,0.009676285792324272
20311,2021-05-12,Otsego,3,3390,1008,160335,0.002976190476190476,3.0,0.009029764297128253
20312,2021-05-13,Otsego,5,3395,748,161083,0.0066844919786096255,3.0,0.009141864473167048
20313,2021-05-14,Otsego,5,3400,625,161708,0.008,2.0,0.0092728290892293
20314,2021-05-15,Otsego,2,3402,272,161980,0.007352941176470588,2.0,0.009038160753810028
20315,2021-05-16,Otsego,1,3403,127,162107,0.007874015748031496,2.0,0.006775731693035844
20316,2021-05-17,Otsego,1,3404,236,162343,0.00423728813559322,2.0,0.005047250920053504
20317,2021-05-18,Otsego,3,3407,341,162684,0.008797653958944282,1.0,0.0032801843909885495
20318,2021-05-19,Otsego,3,3410,940,163624,0.0031914893617021275,1.0,0.00329556288281081
20319,2021-05-20,Otsego,4,3414,646,164270,0.006191950464396285,1.0,0.0032603813460812853
20320,2021-05-21,Otsego,5,3419,607,164877,0.008237232289950576,1.0,0.003277326509649184
20321,2021-05-22,Otsego,3,3422,240,165117,0.0125,1.0,0.003644973568472714
20322,2021-05-23,Otsego,8,3430,132,165249,0.06060606060606061,1.0,0.007411548201189079
20323,2021-05-24,Otsego,3,3433,212,165461,0.014150943396226415,2.0,0.00811966643409145
20324,2021-05-25,Otsego,4,3437,284,165745,0.014084507042253521,2.0,0.008497298797184968
20325,2021-05-26,Otsego,1,3438,548,166293,0.0018248175182481751,2.0,0.008399679379795398
20326,2021-05-27,Otsego,1,3439,698,166991,0.0014326647564469914,1.0,0.008059730400656164
20327,2021-05-28,Otsego,2,3441,227,167218,0.00881057268722467,1.0,0.008100683286175742
20328,2021-05-29,Otsego,4,3445,480,167698,0.008333333333333333,1.0,0.007803064238556694
20329,2021-05-30,Otsego,2,3447,125,167823,0.016,1.0,0.004616917052409507
20330,2021-05-31,Otsego,1,3448,104,167927,0.009615384615384616,1.0,0.004292948568063664
20331,2021-06-01,Otsego,0,3448,187,168114,0.0,0.0,0.0032869123507598412
20332,2021-06-02,Otsego,1,3449,176,168290,0.005681818181818182,0.0,0.003562412398157699
20333,2021-06-03,Otsego,1,3450,650,168940,0.0015384615384615385,0.0,0.003569969311158738
20334,2021-06-04,Otsego,2,3452,307,169247,0.006514657980456026,0.0,0.0034059754035324066
20335,2021-06-05,Otsego,3,3455,216,169463,0.013888888888888888,0.0,0.0038028008003578033
20336,2021-06-06,Otsego,2,3457,107,169570,0.018691588785046728,0.0,0.003995057142146856
20337,2021-06-07,Otsego,1,3458,317,169887,0.0031545741324921135,0.0,0.003533570679083106
20338,2021-06-08,Otsego,0,3458,279,170166,0.0,0.0,0.003533570679083106
20339,2021-06-09,Otsego,0,3458,554,170720,0.0,0.0,0.00312772652323895
20340,2021-06-10,Otsego,2,3460,222,170942,0.009009009009009009,0.0,0.003661337056849483
20341,2021-06-11,Otsego,0,3460,305,171247,0.0,0.0,0.0031960043439597666
20342,2021-06-12,Otsego,0,3460,165,171412,0.0,0.0,0.002203940851896275
20343,2021-06-13,Otsego,1,3461,85,171497,0.011764705882352941,0.0,0.0017091635017038617
20344,2021-06-14,Otsego,1,3462,116,171613,0.008620689655172414,0.0,0.0020996003247524546
20345,2021-06-15,Otsego,0,3462,221,171834,0.0,0.0,0.0020996003247524546
20346,2021-06-16,Otsego,1,3463,605,172439,0.001652892561983471,0.0,0.0022176640791798452
20347,2021-06-17,Otsego,0,3463,204,172643,0.0,0.0,0.001574163435679202
20348,2021-06-18,Otsego,0,3463,185,172828,0.0,0.0,0.001574163435679202
20349,2021-06-19,Otsego,1,3464,85,172913,0.011764705882352941,0.0,0.0024144995701329834
20350,2021-06-20,Otsego,0,3464,63,172976,0.0,0.0,0.001574163435679202
20351,2021-06-21,Otsego,0,3464,96,173072,0.0,0.0,0.0009583998888811723
20352,2021-06-22,Otsego,1,3465,171,173243,0.005847953216374269,0.0,0.0013761108329079057
20353,2021-06-23,Otsego,0,3465,321,173564,0.0,0.0,0.001258047078480515
20354,2021-06-24,Otsego,0,3465,106,173670,0.0,0.0,0.001258047078480515
20355,2021-06-25,Otsego,1,3466,134,173804,0.007462686567164179,0.0,0.0017910961189922421
20356,2021-06-26,Otsego,1,3467,134,173938,0.007462686567164179,0.0,0.0014838090250501878
20357,2021-06-27,Otsego,0,3467,61,173999,0.0,0.0,0.0014838090250501878
20358,2021-06-28,Otsego,0,3467,78,174077,0.0,0.0,0.0014838090250501878
20359,2021-06-29,Otsego,1,3468,152,174229,0.006578947368421052,0.0,0.0015360228930535295
20360,2021-06-30,Otsego,1,3469,186,174415,0.005376344086021506,0.0,0.001920047470626494
20361,2021-07-01,Otsego,0,3469,111,174526,0.0,0.0,0.001920047470626494
20362,2021-07-02,Otsego,1,3470,181,174707,0.0055248618784530384,0.0,0.0017816314214328412
20363,2021-07-03,Otsego,1,3471,165,174872,0.006060606060606061,0.0,0.0016814828138215468
20364,2021-07-04,Otsego,0,3471,70,174942,0.0,0.0,0.0016814828138215468
20365,2021-07-05,Otsego,0,3471,41,174983,0.0,0.0,0.0016814828138215468
20366,2021-07-06,Otsego,2,3473,71,175054,0.028169014084507043,0.0,0.0032236304363991177
20367,2021-07-07,Otsego,0,3473,112,175166,0.0,0.0,0.0028396058588261532
20368,2021-07-08,Otsego,1,3474,289,175455,0.0034602076124567475,0.0,0.0030867635454302064
20369,2021-07-09,Otsego,0,3474,190,175645,0.0,0.0,0.002692130554112132
20370,2021-07-10,Otsego,0,3474,91,175736,0.0,0.0,0.002259230121211699
20371,2021-07-11,Otsego,0,3474,99,175835,0.0,0.0,0.002259230121211699
20372,2021-07-12,Otsego,0,3474,109,175944,0.0,0.0,0.002259230121211699
20373,2021-07-13,Otsego,0,3474,173,176117,0.0,0.0,0.0002471576866040534
20374,2021-07-14,Otsego,1,3475,232,176349,0.004310344827586207,0.0,0.0005550394600030682
20375,2021-07-15,Otsego,0,3475,173,176522,0.0,0.0,0.0003078817733990148
20376,2021-07-16,Otsego,0,3475,103,176625,0.0,0.0,0.0003078817733990148
20377,2021-07-17,Otsego,0,3475,109,176734,0.0,0.0,0.0003078817733990148
20378,2021-07-18,Otsego,0,3475,25,176759,0.0,0.0,0.0003078817733990148
20379,2021-07-19,Otsego,0,3475,148,176907,0.0,0.0,0.0003078817733990148
20380,2021-07-20,Otsego,0,3475,117,177024,0.0,0.0,0.0003078817733990148
20381,2021-07-21,Otsego,1,3476,241,177265,0.004149377593360996,0.0,0.0002963841138114997
20382,2021-07-22,Otsego,1,3477,116,177381,0.008620689655172414,0.0,0.0009121476606095292
20383,2021-07-23,Otsego,0,3477,146,177527,0.0,0.0,0.0009121476606095292
20384,2021-07-24,Otsego,1,3478,87,177614,0.011494252873563218,0.0,0.001733165723006902
20385,2021-07-25,Otsego,1,3479,43,177657,0.023255813953488372,0.0,0.0033942952911132146
20386,2021-07-26,Otsego,3,3482,172,177829,0.01744186046511628,0.0,0.004640142467192949
20387,2021-07-27,Otsego,2,3484,222,178051,0.009009009009009009,0.0,0.005283643110693592
20388,2021-07-28,Otsego,6,3490,152,178203,0.039473684210526314,1.0,0.007806807869062543
20389,2021-07-29,Otsego,7,3497,141,178344,0.04964539007092199,1.0,0.010737143613044656
20390,2021-07-30,Otsego,5,3502,131,178475,0.03816793893129771,1.0,0.013463424965280203
20391,2021-07-31,Otsego,6,3508,289,178764,0.020761245674740483,2.0,0.014125353022507154
20392,2021-08-01,Otsego,2,3510,100,178864,0.02,2.0,0.013892794882972273
20393,2021-08-02,Otsego,3,3513,137,179001,0.021897810218978103,2.0,0.014211077008248115
20394,2021-08-03,Otsego,3,3516,261,179262,0.011494252873563218,2.0,0.014388594427144843
20395,2021-08-04,Otsego,9,3525,326,179588,0.027607361963190184,2.0,0.013540999980906548
20396,2021-08-05,Otsego,8,3533,252,179840,0.031746031746031744,2.0,0.012262474386271533
20397,2020-03-01,Putnam,0,0,0,0,,,
20398,2020-03-02,Putnam,0,0,0,0,,,
20399,2020-03-03,Putnam,0,0,0,0,,,
20400,2020-03-04,Putnam,0,0,0,0,,,
20401,2020-03-05,Putnam,0,0,1,1,0.0,,
20402,2020-03-06,Putnam,0,0,0,1,,,
20403,2020-03-07,Putnam,0,0,1,2,0.0,0.0,
20404,2020-03-08,Putnam,0,0,0,2,,0.0,
20405,2020-03-09,Putnam,0,0,1,3,0.0,0.0,
20406,2020-03-10,Putnam,0,0,0,3,,0.0,
20407,2020-03-11,Putnam,0,0,7,10,0.0,0.0,
20408,2020-03-12,Putnam,0,0,1,11,0.0,0.0,
20409,2020-03-13,Putnam,0,0,14,25,0.0,0.0,
20410,2020-03-14,Putnam,0,0,3,28,0.0,0.0,
20411,2020-03-15,Putnam,2,2,10,38,0.2,0.0,
20412,2020-03-16,Putnam,0,2,5,43,0.0,0.0,
20413,2020-03-17,Putnam,0,2,7,50,0.0,0.0,0.014285714285714287
20414,2020-03-18,Putnam,3,5,32,82,0.09375,0.0,0.02098214285714286
20415,2020-03-19,Putnam,2,7,35,117,0.05714285714285714,0.0,0.02506377551020408
20416,2020-03-20,Putnam,15,22,79,196,0.189873417721519,1.0,0.03862616249031259
20417,2020-03-21,Putnam,15,37,75,271,0.2,2.0,0.05291187677602687
20418,2020-03-22,Putnam,8,45,47,318,0.1702127659574468,3.0,0.05078421720155878
20419,2020-03-23,Putnam,22,67,70,388,0.3142857142857143,4.0,0.07323319679339553
20420,2020-03-24,Putnam,16,83,51,439,0.3137254901960784,5.0,0.0956421603788297
20421,2020-03-25,Putnam,11,94,75,514,0.14666666666666667,6.0,0.09942192228359159
20422,2020-03-26,Putnam,17,111,47,561,0.3617021276595745,7.0,0.12117615589192855
20423,2020-03-27,Putnam,20,131,84,645,0.23809523809523808,7.0,0.12462057163290849
20424,2020-03-28,Putnam,13,144,41,686,0.3170731707317073,7.0,0.1329829409708876
20425,2020-03-29,Putnam,23,167,63,749,0.36507936507936506,8.0,0.1469019837653103
20426,2020-03-30,Putnam,19,186,71,820,0.2676056338028169,8.0,0.1435676923022462
20427,2020-03-31,Putnam,21,207,57,877,0.3684210526315789,8.0,0.14747451819049623
20428,2020-04-01,Putnam,9,216,46,923,0.1956521739130435,8.0,0.1509734829938089
20429,2020-04-02,Putnam,36,252,90,1013,0.4,10.0,0.15370904530383925
20430,2020-04-03,Putnam,31,283,96,1109,0.3229166666666667,10.0,0.159767718773227
20431,2020-04-04,Putnam,31,314,78,1187,0.3974358974358974,12.0,0.16550791353781205
20432,2020-04-05,Putnam,31,345,122,1309,0.2540983606557377,12.0,0.15758069893612436
20433,2020-04-06,Putnam,21,366,72,1381,0.2916666666666667,12.0,0.15929934414068506
20434,2020-04-07,Putnam,37,403,115,1496,0.3217391304347826,14.0,0.15596492112662816
20435,2020-04-08,Putnam,35,438,158,1654,0.22151898734177214,15.0,0.15781255065725167
20436,2020-04-09,Putnam,49,487,169,1823,0.28994082840236685,16.0,0.1499511812574207
20437,2020-04-10,Putnam,7,494,18,1841,0.3888888888888889,15.0,0.15466348284472228
20438,2020-04-11,Putnam,3,497,12,1853,0.25,13.0,0.14413234731358676
20439,2020-04-12,Putnam,5,502,8,1861,0.625,11.0,0.17062532155246266
20440,2020-04-13,Putnam,56,558,217,2078,0.25806451612903225,13.0,0.16822516794263162
20441,2020-04-14,Putnam,13,571,43,2121,0.3023255813953488,12.0,0.16683848586838632
20442,2020-04-15,Putnam,2,573,6,2127,0.3333333333333333,9.0,0.17482522486778357
20443,2020-04-16,Putnam,5,578,11,2138,0.45454545454545453,6.0,0.1865826981637184
20444,2020-04-17,Putnam,4,582,13,2151,0.3076923076923077,6.0,0.18078294236396264
20445,2020-04-18,Putnam,10,592,37,2188,0.2702702702702703,6.0,0.18223081881183908
20446,2020-04-19,Putnam,7,599,21,2209,0.3333333333333333,6.0,0.16139748547850571
20447,2020-04-20,Putnam,6,605,30,2239,0.2,3.0,0.1572500200407177
20448,2020-04-21,Putnam,6,611,31,2270,0.1935483870967742,2.0,0.1494802204479624
20449,2020-04-22,Putnam,4,615,19,2289,0.21052631578947367,3.0,0.14070829062340098
20450,2020-04-23,Putnam,4,619,25,2314,0.16,2.0,0.11966932958443995
20451,2020-04-24,Putnam,266,885,1134,3448,0.2345679012345679,21.0,0.11444615769460136
20452,2020-04-25,Putnam,19,904,112,3560,0.16964285714285715,22.0,0.10725848532835758
20453,2020-04-26,Putnam,21,925,127,3687,0.16535433070866143,23.0,0.095259985140881
20454,2020-04-27,Putnam,7,932,82,3769,0.08536585365853659,23.0,0.08707183183077649
20455,2020-04-28,Putnam,14,946,150,3919,0.09333333333333334,23.0,0.07991361370481642
20456,2020-04-29,Putnam,24,970,251,4170,0.09561752988047809,25.0,0.07170584328274532
20457,2020-04-30,Putnam,20,990,144,4314,0.1388888888888889,26.0,0.07019790677480882
20458,2020-05-01,Putnam,13,1003,115,4429,0.11304347826086956,8.0,0.06151759084811608
20459,2020-05-02,Putnam,10,1013,90,4519,0.1111111111111111,7.0,0.05733675184584851
20460,2020-05-03,Putnam,13,1026,114,4633,0.11403508771929824,7.0,0.05367109163232255
20461,2020-05-04,Putnam,5,1031,87,4720,0.05747126436781609,7.0,0.05167862096869967
20462,2020-05-05,Putnam,9,1040,96,4816,0.09375,6.0,0.05170838287346157
20463,2020-05-06,Putnam,26,1066,317,5133,0.08201892744479496,6.0,0.050737054128055625
20464,2020-05-07,Putnam,8,1074,121,5254,0.06611570247933884,6.0,0.04553896938451634
20465,2020-05-08,Putnam,6,1080,161,5415,0.037267080745341616,5.0,0.04012636956197863
20466,2020-05-09,Putnam,9,1089,155,5570,0.05806451612903226,5.0,0.03633732706325871
20467,2020-05-10,Putnam,9,1098,122,5692,0.07377049180327869,5.0,0.033461284497828744
20468,2020-05-11,Putnam,0,1098,42,5734,0.0,4.0,0.029356194185841882
20469,2020-05-12,Putnam,10,1108,138,5872,0.07246376811594203,4.0,0.027835749051266314
20470,2020-05-13,Putnam,7,1115,151,6023,0.046357615894039736,3.0,0.025288512511926656
20471,2020-05-14,Putnam,6,1121,149,6172,0.040268456375838924,3.0,0.02344228064739095
20472,2020-05-15,Putnam,6,1127,153,6325,0.0392156862745098,3.0,0.023581466756617243
20473,2020-05-16,Putnam,9,1136,131,6456,0.06870229007633588,3.0,0.02434130775285322
20474,2020-05-17,Putnam,5,1141,116,6572,0.04310344827586207,3.0,0.02215080464375203
20475,2020-05-18,Putnam,18,1159,125,6697,0.144,4.0,0.03243651892946632
20476,2020-05-19,Putnam,9,1168,155,6852,0.05806451612903226,4.0,0.03140800093040133
20477,2020-05-20,Putnam,7,1175,165,7017,0.04242424242424243,4.0,0.03112704568255867
20478,2020-05-21,Putnam,12,1187,156,7173,0.07692307692307693,4.0,0.03374523286450424
20479,2020-05-22,Putnam,13,1200,236,7409,0.05508474576271186,5.0,0.03487873711366153
20480,2020-05-23,Putnam,8,1208,161,7570,0.049689440993788817,5.0,0.033520676464908174
20481,2020-05-24,Putnam,6,1214,185,7755,0.032432432432432434,5.0,0.03275846104752034
20482,2020-05-25,Putnam,8,1222,184,7939,0.043478260869565216,4.0,0.02557833682391785
20483,2020-05-26,Putnam,5,1227,125,8064,0.04,4.0,0.024288014243272694
20484,2020-05-27,Putnam,9,1236,425,8489,0.021176470588235293,4.0,0.022770316254986465
20485,2020-05-28,Putnam,5,1241,194,8683,0.02577319587628866,3.0,0.019116753323073023
20486,2020-05-29,Putnam,7,1248,312,8995,0.022435897435897436,3.0,0.01678469272830056
20487,2020-05-30,Putnam,4,1252,264,9259,0.015151515151515152,3.0,0.014317698025281015
20488,2020-05-31,Putnam,5,1257,247,9506,0.020242914979757085,3.0,0.013447018207232776
20489,2020-06-01,Putnam,5,1262,248,9754,0.020161290322580645,2.0,0.01178152031101959
20490,2020-06-02,Putnam,2,1264,286,10040,0.006993006993006993,2.0,0.009423877953377234
20491,2020-06-03,Putnam,4,1268,311,10351,0.012861736334405145,2.0,0.008829968363817938
20492,2020-06-04,Putnam,2,1270,313,10664,0.006389776357827476,2.0,0.007445438398213567
20493,2020-06-05,Putnam,4,1274,306,10970,0.013071895424836602,1.0,0.006776581111709221
20494,2020-06-06,Putnam,3,1277,203,11173,0.014778325123152709,1.0,0.006749924681111903
20495,2020-06-07,Putnam,2,1279,252,11425,0.007936507936507936,1.0,0.0058708956065941075
20496,2020-06-08,Putnam,1,1280,228,11653,0.0043859649122807015,1.0,0.00474408664871554
20497,2020-06-09,Putnam,2,1282,296,11949,0.006756756756756757,1.0,0.004727211631840524
20498,2020-06-10,Putnam,0,1282,319,12268,0.0,1.0,0.003808516179383013
20499,2020-06-11,Putnam,0,1282,253,12521,0.0,0.0,0.003352103582395336
20500,2020-06-12,Putnam,3,1285,329,12850,0.00911854103343465,0.0,0.003069721125866625
20501,2020-06-13,Putnam,3,1288,209,13059,0.014354066985645933,0.0,0.0030394169731875697
20502,2020-06-14,Putnam,3,1291,214,13273,0.014018691588785047,0.0,0.003473858662635935
20503,2020-06-15,Putnam,1,1292,193,13466,0.0051813471502590676,0.0,0.0035306716796343895
20504,2020-06-16,Putnam,2,1294,324,13790,0.006172839506172839,0.0,0.0034889633045926812
20505,2020-06-17,Putnam,1,1295,185,13975,0.005405405405405406,0.0,0.003875063690693067
20506,2020-06-18,Putnam,4,1299,432,14407,0.009259259259259259,1.0,0.004536439352068729
20507,2020-06-19,Putnam,2,1301,248,14655,0.008064516129032258,1.0,0.004461151858897129
20508,2020-06-20,Putnam,0,1301,241,14896,0.0,0.0,0.0034358613599224197
20509,2020-06-21,Putnam,4,1305,253,15149,0.015810276679841896,1.0,0.003563831723569337
20510,2020-06-22,Putnam,0,1305,194,15343,0.0,0.0,0.0031937354985508326
20511,2020-06-23,Putnam,1,1306,226,15569,0.004424778761061947,0.0,0.0030688740167571977
20512,2020-06-24,Putnam,5,1311,343,15912,0.014577259475218658,1.0,0.003724006450315287
20513,2020-06-25,Putnam,6,1317,216,16128,0.027777777777777776,1.0,0.00504675777306661
20514,2020-06-26,Putnam,2,1319,376,16504,0.005319148936170213,1.0,0.004850660116433606
20515,2020-06-27,Putnam,4,1323,199,16703,0.020100502512562814,1.0,0.006286410295902378
20516,2020-06-28,Putnam,2,1325,213,16916,0.009389671361502348,1.0,0.005827795630306697
20517,2020-06-29,Putnam,1,1326,174,17090,0.005747126436781609,1.0,0.006238304661505384
20518,2020-06-30,Putnam,3,1329,271,17361,0.01107011070110701,1.0,0.006712971228651459
20519,2020-07-01,Putnam,3,1332,373,17734,0.00804289544235925,1.0,0.006246230940590074
20520,2020-07-02,Putnam,1,1333,308,18042,0.003246753246753247,1.0,0.004494014902659749
20521,2020-07-03,Putnam,2,1335,219,18261,0.0091324200913242,1.0,0.004766391413742177
20522,2020-07-04,Putnam,1,1336,231,18492,0.004329004329004329,0.0,0.0036398558292022854
20523,2020-07-05,Putnam,1,1337,217,18709,0.004608294930875576,0.0,0.003298328941300373
20524,2020-07-06,Putnam,3,1340,214,18923,0.014018691588785047,1.0,0.0038891550235863326
20525,2020-07-07,Putnam,4,1344,256,19179,0.015625,1.0,0.004214504259221546
20526,2020-07-08,Putnam,4,1348,422,19601,0.009478672985781991,1.0,0.004317059798037456
20527,2020-07-09,Putnam,7,1355,357,19958,0.0196078431372549,1.0,0.005485709075930432
20528,2020-07-10,Putnam,6,1361,438,20396,0.0136986301369863,1.0,0.005811866936334868
20529,2020-07-11,Putnam,0,1361,323,20719,0.0,1.0,0.005502652341405986
20530,2020-07-12,Putnam,4,1365,293,21012,0.013651877133105802,2.0,0.006148622498708146
20531,2020-07-13,Putnam,11,1376,291,21303,0.037800687285223365,2.0,0.00784733647702517
20532,2020-07-14,Putnam,6,1382,236,21539,0.025423728813559324,2.0,0.008547245677993691
20533,2020-07-15,Putnam,3,1385,398,21937,0.007537688442211055,2.0,0.008408603924881481
20534,2020-07-16,Putnam,1,1386,539,22476,0.0018552875695732839,2.0,0.007140564241475652
20535,2020-07-17,Putnam,4,1390,424,22900,0.009433962264150943,2.0,0.006835945107701698
20536,2020-07-18,Putnam,1,1391,286,23186,0.0034965034965034965,2.0,0.007085695357451947
20537,2020-07-19,Putnam,1,1392,218,23404,0.0045871559633027525,1.0,0.0064382152738945864
20538,2020-07-20,Putnam,1,1393,279,23683,0.0035842293906810036,1.0,0.003994182567141561
20539,2020-07-21,Putnam,1,1394,296,23979,0.0033783783783783786,0.0,0.0024195146789143507
20540,2020-07-22,Putnam,3,1397,320,24299,0.009375,0.0,0.0025507512187564183
20541,2020-07-23,Putnam,2,1399,385,24684,0.005194805194805195,0.0,0.0027892881919872694
20542,2020-07-24,Putnam,4,1403,299,24983,0.013377926421404682,0.0,0.0030709999175053933
20543,2020-07-25,Putnam,1,1404,230,25213,0.004347826086956522,0.0,0.003131808673966324
20544,2020-07-26,Putnam,4,1408,256,25469,0.015625,1.0,0.0039202261051589846
20545,2020-07-27,Putnam,4,1412,282,25751,0.014184397163120567,1.0,0.004677380946047525
20546,2020-07-28,Putnam,4,1416,295,26046,0.013559322033898305,1.0,0.00540459120715609
20547,2020-07-29,Putnam,2,1418,422,26468,0.004739336492890996,1.0,0.005073472385219734
20548,2020-07-30,Putnam,3,1421,286,26754,0.01048951048951049,1.0,0.005451665620555826
20549,2020-07-31,Putnam,4,1425,309,27063,0.012944983818770227,1.0,0.005420741148939079
20550,2020-08-01,Putnam,3,1428,213,27276,0.014084507042253521,1.0,0.006116218360031721
20551,2020-08-02,Putnam,5,1433,222,27498,0.02252252252252252,1.0,0.006608898540211901
20552,2020-08-03,Putnam,4,1437,245,27743,0.0163265306122449,1.0,0.006761908072292212
20553,2020-08-04,Putnam,2,1439,292,28035,0.00684931506849315,1.0,0.0062826218604775585
20554,2020-08-05,Putnam,5,1444,337,28372,0.01483679525222552,1.0,0.007003868914715738
20555,2020-08-06,Putnam,2,1446,288,28660,0.006944444444444444,1.0,0.006750649911496735
20556,2020-08-07,Putnam,1,1447,320,28980,0.003125,1.0,0.006049222495870289
20557,2020-08-08,Putnam,2,1449,276,29256,0.007246376811594203,1.0,0.0055607846222517675
20558,2020-08-09,Putnam,0,1449,256,29512,0.0,1.0,0.003952033013500158
20559,2020-08-10,Putnam,0,1449,310,29822,0.0,0.0,0.0027858522554826655
20560,2020-08-11,Putnam,1,1450,267,30089,0.003745318352059925,0.0,0.0025641382043088633
20561,2020-08-12,Putnam,5,1455,360,30449,0.013888888888888888,0.0,0.0024964306069276757
20562,2020-08-13,Putnam,2,1457,365,30814,0.005479452054794521,0.0,0.0023917882933812526
20563,2020-08-14,Putnam,2,1459,498,31312,0.004016064257028112,0.0,0.002455435740311832
20564,2020-08-15,Putnam,2,1461,454,31766,0.004405286343612335,0.0,0.002252500706884556
20565,2020-08-16,Putnam,2,1463,266,32032,0.007518796992481203,1.0,0.0027895576349189276
20566,2020-08-17,Putnam,0,1463,318,32350,0.0,1.0,0.0027895576349189276
20567,2020-08-18,Putnam,3,1466,346,32696,0.008670520231213872,1.0,0.003141357769144209
20568,2020-08-19,Putnam,2,1468,354,33050,0.005649717514124294,0.0,0.0025528455280895953
20569,2020-08-20,Putnam,2,1470,411,33461,0.004866180048661801,0.0,0.0025090403847944013
20570,2020-08-21,Putnam,3,1473,401,33862,0.007481296758104738,1.0,0.00275655699201416
20571,2020-08-22,Putnam,0,1473,361,34223,0.0,0.0,0.002441893681756136
20572,2020-08-23,Putnam,2,1475,294,34517,0.006802721088435374,0.0,0.00239074540289572
20573,2020-08-24,Putnam,5,1480,233,34750,0.02145922746781116,1.0,0.003923547364882231
20574,2020-08-25,Putnam,2,1482,336,35086,0.005952380952380952,1.0,0.003729394559251308
20575,2020-08-26,Putnam,5,1487,403,35489,0.01240694789081886,1.0,0.004212053871872349
20576,2020-08-27,Putnam,5,1492,381,35870,0.013123359580052493,1.0,0.004801852409828827
20577,2020-08-28,Putnam,2,1494,426,36296,0.004694835680751174,1.0,0.004602819475732143
20578,2020-08-29,Putnam,6,1500,396,36692,0.015151515151515152,1.0,0.005685070557983225
20579,2020-08-30,Putnam,1,1501,230,36922,0.004347826086956522,1.0,0.005509720915020451
20580,2020-08-31,Putnam,4,1505,376,37298,0.010638297872340425,1.0,0.004736797372486827
20581,2020-09-01,Putnam,5,1510,420,37718,0.011904761904761904,2.0,0.005161967440514038
20582,2020-09-02,Putnam,8,1518,400,38118,0.02,2.0,0.005704328305455549
20583,2020-09-03,Putnam,5,1523,337,38455,0.01483679525222552,2.0,0.005826716567753622
20584,2020-09-04,Putnam,5,1528,360,38815,0.013888888888888888,2.0,0.006483434654049172
20585,2020-09-05,Putnam,3,1531,314,39129,0.009554140127388535,2.0,0.006083622152325842
20586,2020-09-06,Putnam,3,1534,240,39369,0.0125,2.0,0.006665920288971805
20587,2020-09-07,Putnam,5,1539,143,39512,0.03496503496503497,2.0,0.008403544367021416
20588,2020-09-08,Putnam,2,1541,346,39858,0.005780346820809248,2.0,0.007966086146739082
20589,2020-09-09,Putnam,0,1541,312,40170,0.0,1.0,0.006537514718167653
20590,2020-09-10,Putnam,9,1550,377,40547,0.023872679045092837,1.0,0.007182934989086747
20591,2020-09-11,Putnam,4,1554,370,40917,0.010810810810810811,1.0,0.0069630722692240275
20592,2020-09-12,Putnam,3,1557,348,41265,0.008620689655172414,1.0,0.006896397235494305
20593,2020-09-13,Putnam,4,1561,205,41470,0.01951219512195122,1.0,0.007397268315633678
20594,2020-09-14,Putnam,3,1564,334,41804,0.008982035928143712,1.0,0.005541339812998589
20595,2020-09-15,Putnam,1,1565,270,42074,0.003703703703703704,1.0,0.005393008161776764
20596,2020-09-16,Putnam,2,1567,364,42438,0.005494505494505495,1.0,0.005785472839955729
20597,2020-09-17,Putnam,2,1569,347,42785,0.005763688760806916,1.0,0.004491973533935305
20598,2020-09-18,Putnam,4,1573,391,43176,0.010230179028132993,1.0,0.004450499835172604
20599,2020-09-19,Putnam,1,1574,431,43607,0.002320185614849188,1.0,0.004000463832292374
20600,2020-09-20,Putnam,3,1577,343,43950,0.008746355685131196,1.0,0.0032314753010909427
20601,2020-09-21,Putnam,6,1583,357,44307,0.01680672268907563,1.0,0.0037903814983003656
20602,2020-09-22,Putnam,4,1587,294,44601,0.013605442176870748,1.0,0.004497648532098011
20603,2020-09-23,Putnam,2,1589,346,44947,0.005780346820809248,1.0,0.004518065769691137
20604,2020-09-24,Putnam,5,1594,401,45348,0.012468827930174564,1.0,0.004997004281788826
20605,2020-09-25,Putnam,3,1597,396,45744,0.007575757575757576,1.0,0.004807402749476297
20606,2020-09-26,Putnam,2,1599,323,46067,0.006191950464396285,1.0,0.005083957381586804
20607,2020-09-27,Putnam,5,1604,223,46290,0.02242152466367713,1.0,0.006060755165768655
20608,2020-09-28,Putnam,8,1612,397,46687,0.020151133501259445,2.0,0.006299641652353215
20609,2020-09-29,Putnam,5,1617,292,46979,0.017123287671232876,2.0,0.0065509163305219375
20610,2020-09-30,Putnam,12,1629,422,47401,0.02843601895734597,2.0,0.008169178625988845
20611,2020-10-01,Putnam,8,1637,487,47888,0.01642710472279261,3.0,0.00845191268260442
20612,2020-10-02,Putnam,9,1646,530,48418,0.016981132075471698,3.0,0.009123725146869715
20613,2020-10-03,Putnam,4,1650,414,48832,0.00966183574879227,3.0,0.009371574095755144
20614,2020-10-04,Putnam,2,1652,396,49228,0.005050505050505051,3.0,0.008130786980528566
20615,2020-10-05,Putnam,4,1656,433,49661,0.009237875288683603,3.0,0.007351268536773148
20616,2020-10-06,Putnam,5,1661,395,50056,0.012658227848101266,3.0,0.007032335692263748
20617,2020-10-07,Putnam,8,1669,699,50755,0.011444921316165951,2.0,0.0058186858607508895
20618,2020-10-08,Putnam,4,1673,574,51329,0.006968641114982578,2.0,0.005143081317335887
20619,2020-10-09,Putnam,2,1675,477,51806,0.0041928721174004195,2.0,0.0042296341774736524
20620,2020-10-10,Putnam,8,1683,528,52334,0.015151515151515152,2.0,0.004621754134811001
20621,2020-10-11,Putnam,6,1689,482,52816,0.012448132780082987,2.0,0.005150156115495139
20622,2020-10-12,Putnam,9,1698,468,53284,0.019230769230769232,3.0,0.005863934254215541
20623,2020-10-13,Putnam,7,1705,479,53763,0.014613778705636743,3.0,0.006003616458325219
20624,2020-10-14,Putnam,5,1710,481,54244,0.010395010395010396,2.0,0.005928622821099822
20625,2020-10-15,Putnam,6,1716,587,54831,0.010221465076660987,3.0,0.006160967389791138
20626,2020-10-16,Putnam,15,1731,531,55362,0.02824858757062147,4.0,0.007879232779306926
20627,2020-10-17,Putnam,5,1736,501,55863,0.00998003992015968,3.0,0.007509841691352964
20628,2020-10-18,Putnam,3,1739,509,56372,0.005893909626719057,3.0,0.007041682894684111
20629,2020-10-19,Putnam,13,1752,490,56862,0.026530612244897958,3.0,0.007563100252836163
20630,2020-10-20,Putnam,3,1755,411,57273,0.0072992700729927005,3.0,0.007040635350504446
20631,2020-10-21,Putnam,13,1768,594,57867,0.021885521885521887,4.0,0.007861386171255267
20632,2020-10-22,Putnam,12,1780,623,58490,0.019261637239165328,4.0,0.008507112754291292
20633,2020-10-23,Putnam,8,1788,590,59080,0.013559322033898305,4.0,0.007457879501668208
20634,2020-10-24,Putnam,6,1794,437,59517,0.013729977116704805,4.0,0.007725732158564288
20635,2020-10-25,Putnam,6,1800,398,59915,0.01507537688442211,4.0,0.008381551248400222
20636,2020-10-26,Putnam,5,1805,454,60369,0.011013215859030838,3.0,0.007273165792266855
20637,2020-10-27,Putnam,7,1812,522,60891,0.013409961685823755,4.0,0.00770964376461193
20638,2020-10-28,Putnam,13,1825,755,61646,0.017218543046357615,4.0,0.007376288133243053
20639,2020-10-29,Putnam,8,1833,460,62106,0.017391304347826087,3.0,0.007242692926718822
20640,2020-10-30,Putnam,12,1845,585,62691,0.020512820512820513,4.0,0.007739371389498979
20641,2020-10-31,Putnam,16,1861,461,63152,0.03470715835140998,4.0,0.009237741477692208
20642,2020-11-01,Putnam,8,1869,508,63660,0.015748031496062992,4.0,0.009285788235666555
20643,2020-11-02,Putnam,5,1874,454,64114,0.011013215859030838,4.0,0.009285788235666555
20644,2020-11-03,Putnam,9,1883,528,64642,0.017045454545454544,5.0,0.009545466297068756
20645,2020-11-04,Putnam,13,1896,652,65294,0.019938650306748466,5.0,0.009739759672810959
20646,2020-11-05,Putnam,25,1921,562,65856,0.04448398576512456,6.0,0.011674951202617993
20647,2020-11-06,Putnam,16,1937,535,66391,0.029906542056074768,6.0,0.01234593131285044
20648,2020-11-07,Putnam,11,1948,549,66940,0.020036429872495445,6.0,0.011298022135785115
20649,2020-11-08,Putnam,30,1978,665,67605,0.045112781954887216,7.0,0.013395504311415419
20650,2020-11-09,Putnam,26,2004,507,68112,0.05128205128205128,9.0,0.01627184969877402
20651,2020-11-10,Putnam,26,2030,481,68593,0.05405405405405406,10.0,0.01891532109224541
20652,2020-11-11,Putnam,29,2059,701,69294,0.04136947218259629,11.0,0.020446094083377397
20653,2020-11-12,Putnam,32,2091,589,69883,0.05432937181663837,12.0,0.021149335944199817
20654,2020-11-13,Putnam,43,2134,669,70552,0.06427503736920777,14.0,0.023604228466566457
20655,2020-11-14,Putnam,19,2153,634,71186,0.02996845425867508,14.0,0.024313658779865
20656,2020-11-15,Putnam,33,2186,524,71710,0.06297709923664122,14.0,0.025589681442847432
20657,2020-11-16,Putnam,57,2243,913,72623,0.0624315443592552,17.0,0.02638607380550486
20658,2020-11-17,Putnam,26,2269,472,73095,0.05508474576271186,17.0,0.026459694641837558
20659,2020-11-18,Putnam,37,2306,801,73896,0.046192259675405745,17.0,0.026804179462752518
20660,2020-11-19,Putnam,2,2308,108,74004,0.018518518518518517,15.0,0.024246261370029668
20661,2020-11-20,Putnam,48,2356,939,74943,0.051118210862619806,15.0,0.023306488048130524
20662,2020-11-21,Putnam,6,2362,141,75084,0.0425531914893617,14.0,0.024205397850322434
20663,2020-11-22,Putnam,110,2472,1647,76731,0.06678809957498483,20.0,0.024477612160204117
20664,2020-11-23,Putnam,57,2529,905,77636,0.06298342541436464,20.0,0.02451703223556908
20665,2020-11-24,Putnam,34,2563,550,78186,0.06181818181818182,21.0,0.024997991953816936
20666,2020-11-25,Putnam,52,2615,932,79118,0.055793991416309016,22.0,0.02568382993531002
20667,2020-11-26,Putnam,67,2682,946,80064,0.0708245243128964,26.0,0.029419973206337015
20668,2020-11-27,Putnam,49,2731,761,80825,0.06438896189224705,26.0,0.030367883994167535
20669,2020-11-28,Putnam,58,2789,802,81627,0.07231920199501247,30.0,0.032494027601714014
20670,2020-11-29,Putnam,55,2844,819,82446,0.06715506715506715,26.0,0.03252023957171989
20671,2020-11-30,Putnam,40,2884,836,83282,0.04784688995215311,25.0,0.03143905846727622
20672,2020-12-01,Putnam,89,2973,1036,84318,0.0859073359073359,29.0,0.033159712330787225
20673,2020-12-02,Putnam,65,3038,962,85280,0.06756756756756757,30.0,0.03400068205587712
20674,2020-12-03,Putnam,69,3107,993,86273,0.06948640483383686,30.0,0.03390510209308715
20675,2020-12-04,Putnam,126,3233,1007,87280,0.12512413108242304,35.0,0.03824332846381401
20676,2020-12-05,Putnam,98,3331,1028,88308,0.09533073929961089,38.0,0.03988700969985675
20677,2020-12-06,Putnam,37,3368,681,88989,0.05433186490455213,37.0,0.03897106668196282
20678,2020-12-07,Putnam,60,3428,874,89863,0.06864988558352403,38.0,0.040456994941346455
20679,2020-12-08,Putnam,61,3489,722,90585,0.08448753462603878,36.0,0.04035558056411095
20680,2020-12-09,Putnam,71,3560,784,91369,0.09056122448979592,37.0,0.0419979846299844
20681,2020-12-10,Putnam,48,3608,912,92281,0.05263157894736842,35.0,0.04079406849523665
20682,2020-12-11,Putnam,69,3677,1061,93342,0.06503298774740811,31.0,0.03650184397130702
20683,2020-12-12,Putnam,66,3743,927,94269,0.07119741100323625,29.0,0.034778034807280256
20684,2020-12-13,Putnam,52,3795,786,95055,0.06615776081424936,30.0,0.03562274165797292
20685,2020-12-14,Putnam,74,3869,873,95928,0.08476517754868271,31.0,0.03677383394119854
20686,2020-12-15,Putnam,50,3919,817,96745,0.06119951040391677,30.0,0.03511040363961839
20687,2020-12-16,Putnam,56,3975,862,97607,0.06496519721577726,29.0,0.03328211597718849
20688,2020-12-17,Putnam,60,4035,1076,98683,0.055762081784386616,30.0,0.033505723322689786
20689,2020-12-18,Putnam,42,4077,670,99353,0.0626865671641791,28.0,0.03333812185245914
20690,2020-12-19,Putnam,50,4127,689,100042,0.07256894049346879,27.0,0.03343608824461861
20691,2020-12-20,Putnam,41,4168,755,100797,0.054304635761589407,26.0,0.0325894364551429
20692,2020-12-21,Putnam,63,4231,701,101498,0.0898716119828816,25.0,0.03295418177187139
20693,2020-12-22,Putnam,58,4289,880,102378,0.0659090909090909,26.0,0.03329058037938383
20694,2020-12-23,Putnam,49,4338,1059,103437,0.04627006610009443,25.0,0.031955213871120776
20695,2020-12-24,Putnam,75,4413,931,104368,0.08055853920515575,27.0,0.03372638940117571
20696,2020-12-25,Putnam,65,4478,941,105309,0.06907545164718384,28.0,0.034182738292818905
20697,2020-12-26,Putnam,38,4516,737,106046,0.051560379918588875,27.0,0.032682126823184623
20698,2020-12-27,Putnam,61,4577,662,106708,0.09214501510574018,29.0,0.035385011062052545
20699,2020-12-28,Putnam,67,4644,679,107387,0.09867452135493372,29.0,0.03601379030291341
20700,2020-12-29,Putnam,106,4750,986,108373,0.1075050709939148,32.0,0.038984931737543686
20701,2020-12-30,Putnam,81,4831,969,109342,0.08359133126934984,35.0,0.0416507363924905
20702,2020-12-31,Putnam,106,4937,999,110341,0.1061061061061061,37.0,0.04347556259970124
20703,2021-01-01,Putnam,88,5025,1038,111379,0.08477842003853564,39.0,0.04459720319908351
20704,2021-01-02,Putnam,59,5084,708,112087,0.08333333333333333,40.0,0.046866699871565255
20705,2021-01-03,Putnam,78,5162,824,112911,0.09466019417475728,41.0,0.0470463555193522
20706,2021-01-04,Putnam,73,5235,702,113613,0.10398860398860399,42.0,0.047425932850328645
20707,2021-01-05,Putnam,85,5320,747,114360,0.11378848728246319,40.0,0.04787474829951067
20708,2021-01-06,Putnam,116,5436,1146,115506,0.1012216404886562,43.0,0.04913405610088969
20709,2021-01-07,Putnam,115,5551,1097,116603,0.1048313582497721,43.0,0.04904300268258012
20710,2021-01-08,Putnam,94,5645,1019,117622,0.09224730127576054,44.0,0.04957649419952476
20711,2021-01-09,Putnam,105,5750,1138,118760,0.09226713532513181,47.0,0.05021462291322465
20712,2021-01-10,Putnam,94,5844,1183,119943,0.07945900253592561,48.0,0.04912882351045096
20713,2021-01-11,Putnam,86,5930,991,120934,0.08678102926337034,49.0,0.047899711030077126
20714,2021-01-12,Putnam,84,6014,954,121888,0.0880503144654088,49.0,0.04606127011457324
20715,2021-01-13,Putnam,53,6067,714,122602,0.0742296918767507,45.0,0.044133273785151424
20716,2021-01-14,Putnam,136,6203,1650,124252,0.08242424242424243,46.0,0.042532765511899294
20717,2021-01-15,Putnam,91,6294,1231,125483,0.07392363931762795,46.0,0.04122393251488982
20718,2021-01-16,Putnam,92,6386,1095,126578,0.08401826484018265,45.0,0.040634727480250606
20719,2021-01-17,Putnam,61,6447,946,127524,0.06448202959830866,43.0,0.03956494369899226
20720,2021-01-18,Putnam,74,6521,964,128488,0.07676348547717843,42.0,0.038849404857121406
20721,2021-01-19,Putnam,55,6576,710,129198,0.07746478873239436,40.0,0.0380932958761918
20722,2021-01-20,Putnam,94,6670,1246,130444,0.0754414125200642,43.0,0.03817984735071419
20723,2021-01-21,Putnam,78,6748,1228,131672,0.06351791530944625,38.0,0.036829395413943034
20724,2021-01-22,Putnam,76,6824,1121,132793,0.06779661016949153,37.0,0.03639175047479044
20725,2021-01-23,Putnam,103,6927,1643,134436,0.06269020085209982,38.0,0.03486831733278452
20726,2021-01-24,Putnam,77,7004,1172,135608,0.06569965870307168,39.0,0.03495529084026759
20727,2021-01-25,Putnam,67,7071,776,136384,0.08634020618556701,39.0,0.0356393423194382
20728,2021-01-26,Putnam,41,7112,781,137165,0.052496798975672214,38.0,0.03385591447967234
20729,2021-01-27,Putnam,59,7171,1102,138267,0.05353901996370236,35.0,0.03229145786850363
20730,2021-01-28,Putnam,68,7239,1236,139503,0.05501618122977346,35.0,0.031684191148527004
20731,2021-01-29,Putnam,54,7293,1118,140621,0.04830053667262969,33.0,0.03029161447017973
20732,2021-01-30,Putnam,45,7338,1065,141686,0.04225352112676056,29.0,0.028831851632655503
20733,2021-01-31,Putnam,46,7384,880,142566,0.05227272727272727,27.0,0.027872785101916615
20734,2021-02-01,Putnam,39,7423,610,143176,0.06393442622950819,25.0,0.02627237224791241
20735,2021-02-02,Putnam,9,7432,294,143470,0.030612244897959183,22.0,0.024709189813790052
20736,2021-02-03,Putnam,24,7456,350,143820,0.06857142857142857,20.0,0.025782933285770495
20737,2021-02-04,Putnam,44,7500,969,144789,0.04540763673890609,18.0,0.025096608679279965
20738,2021-02-05,Putnam,58,7558,1145,145934,0.050655021834061134,18.0,0.025264786190810788
20739,2021-02-06,Putnam,34,7592,957,146891,0.035527690700104496,18.0,0.024784369731763924
20740,2021-02-07,Putnam,33,7625,805,147696,0.040993788819875775,17.0,0.023978731270845956
20741,2021-02-08,Putnam,31,7656,527,148223,0.058823529411764705,16.0,0.02361366721243571
20742,2021-02-09,Putnam,43,7699,629,148852,0.06836248012718601,19.0,0.026310112585951912
20743,2021-02-10,Putnam,47,7746,1107,149959,0.04245709123757904,20.0,0.024444802776391234
20744,2021-02-11,Putnam,56,7802,1100,151059,0.05090909090909091,21.0,0.02483776378854729
20745,2021-02-12,Putnam,42,7844,831,151890,0.05054151624548736,20.0,0.024829656246506304
20746,2021-02-13,Putnam,34,7878,865,152755,0.03930635838150289,20.0,0.025099561080891907
20747,2021-02-14,Putnam,33,7911,722,153477,0.045706371191135735,20.0,0.025436174107410475
20748,2021-02-15,Putnam,32,7943,596,154073,0.053691275167785234,20.0,0.025069584518554795
20749,2021-02-16,Putnam,43,7986,642,154715,0.06697819314641744,20.0,0.02497070687707133
20750,2021-02-17,Putnam,38,8024,748,155463,0.05080213903743316,19.0,0.025566781719918052
20751,2021-02-18,Putnam,35,8059,1064,156527,0.03289473684210526,18.0,0.02428004214370479
20752,2021-02-19,Putnam,26,8085,2540,159067,0.010236220472440945,17.0,0.021401092445630043
20753,2021-02-20,Putnam,31,8116,723,159790,0.042876901798063624,17.0,0.02165613126109867
20754,2021-02-21,Putnam,19,8135,868,160658,0.021889400921658985,16.0,0.019954919098993187
20755,2021-02-22,Putnam,19,8154,535,161193,0.03551401869158879,15.0,0.01865654363640773
20756,2021-02-23,Putnam,50,8204,722,161915,0.06925207756232687,15.0,0.018818963951829828
20757,2021-02-24,Putnam,40,8244,962,162877,0.04158004158004158,15.0,0.018160242704873288
20758,2021-02-25,Putnam,27,8271,1071,163948,0.025210084033613446,15.0,0.01761133893283816
20759,2021-02-26,Putnam,36,8307,964,164912,0.03734439834024896,15.0,0.019547637351967302
20760,2021-02-27,Putnam,33,8340,888,165800,0.037162162162162164,16.0,0.019139441663688632
20761,2021-02-28,Putnam,29,8369,768,166568,0.037760416666666664,16.0,0.020273085645474892
20762,2021-03-01,Putnam,20,8389,480,167048,0.041666666666666664,16.0,0.020712560500837595
20763,2021-03-02,Putnam,29,8418,649,167697,0.04468412942989214,15.0,0.018957707062806545
20764,2021-03-03,Putnam,42,8460,867,168564,0.04844290657439446,15.0,0.019447911705260324
20765,2021-03-04,Putnam,43,8503,1160,169724,0.03706896551724138,16.0,0.0202949746683766
20766,2021-03-05,Putnam,36,8539,935,170659,0.038502673796791446,16.0,0.020377708629558205
20767,2021-03-06,Putnam,26,8565,798,171457,0.03258145363408521,16.0,0.020050515163267
20768,2021-03-07,Putnam,27,8592,713,172170,0.037868162692847124,15.0,0.020058211307994175
20769,2021-03-08,Putnam,23,8615,604,172774,0.0380794701986755,16.0,0.019801982988851947
20770,2021-03-09,Putnam,46,8661,667,173441,0.06896551724137931,17.0,0.021536367832529605
20771,2021-03-10,Putnam,30,8691,752,174193,0.0398936170212766,16.0,0.02092570429302118
20772,2021-03-11,Putnam,33,8724,1186,175379,0.02782462057335582,15.0,0.020265393939886498
20773,2021-03-12,Putnam,44,8768,761,176140,0.05781865965834428,16.0,0.021645107215711702
20774,2021-03-13,Putnam,27,8795,615,176755,0.04390243902439024,16.0,0.02245374902930492
20775,2021-03-14,Putnam,41,8836,644,177399,0.06366459627329192,17.0,0.024296351427908123
20776,2021-03-15,Putnam,24,8860,599,177998,0.04006677796327212,17.0,0.024438301982522163
20777,2021-03-16,Putnam,31,8891,760,178758,0.04078947368421053,16.0,0.02242572744272439
20778,2021-03-17,Putnam,37,8928,891,179649,0.04152637485970819,16.0,0.022542353002612363
20779,2021-03-18,Putnam,66,8994,1099,180748,0.06005459508644222,19.0,0.02484449403926139
20780,2021-03-19,Putnam,39,9033,834,181582,0.046762589928057555,18.0,0.02405477477281234
20781,2021-03-20,Putnam,46,9079,797,182379,0.05771643663739021,20.0,0.025041488888026625
20782,2021-03-21,Putnam,27,9106,665,183044,0.0406015037593985,19.0,0.023394125137034236
20783,2021-03-22,Putnam,40,9146,577,183621,0.06932409012131716,20.0,0.02548393314832317
20784,2021-03-23,Putnam,40,9186,778,184399,0.05141388174807198,21.0,0.026242819438598988
20785,2021-03-24,Putnam,32,9218,855,185254,0.03742690058479532,20.0,0.025949999847533784
20786,2021-03-25,Putnam,60,9278,1056,186310,0.056818181818181816,20.0,0.02571882747122947
20787,2021-03-26,Putnam,52,9330,1044,187354,0.04980842911877394,21.0,0.0259363874134235
20788,2021-03-27,Putnam,61,9391,1063,188417,0.05738476011288805,22.0,0.025912696233101915
20789,2021-03-28,Putnam,47,9438,828,189245,0.05676328502415459,23.0,0.027067109180584494
20790,2021-03-29,Putnam,30,9468,606,189851,0.04950495049504951,23.0,0.0256514563501368
20791,2021-03-30,Putnam,59,9527,840,190691,0.07023809523809524,24.0,0.026996043027995603
20792,2021-03-31,Putnam,36,9563,916,191607,0.039301310043668124,24.0,0.02712992941791509
20793,2021-04-01,Putnam,64,9627,1064,192671,0.06015037593984962,24.0,0.027367943283748506
20794,2021-04-02,Putnam,52,9679,1025,193696,0.050731707317073174,24.0,0.027433891726484163
20795,2021-04-03,Putnam,50,9729,1037,194733,0.048216007714561235,24.0,0.02677898084088939
20796,2021-04-04,Putnam,28,9757,840,195573,0.03333333333333333,22.0,0.025105412862973586
20797,2021-04-05,Putnam,29,9786,490,196063,0.05918367346938776,22.0,0.025796750218283458
20798,2021-04-06,Putnam,49,9835,914,196977,0.053610503282275714,22.0,0.024609065078582067
20799,2021-04-07,Putnam,55,9890,1001,197978,0.054945054945054944,23.0,0.025726475428681124
20800,2021-04-08,Putnam,48,9938,1364,199342,0.03519061583577713,22.0,0.02394363542124738
20801,2021-04-09,Putnam,31,9969,934,200276,0.033190578158458245,20.0,0.022690697624203452
20802,2021-04-10,Putnam,36,10005,931,201207,0.03866809881847476,19.0,0.022008704131625846
20803,2021-04-11,Putnam,18,10023,723,201930,0.024896265560165973,19.0,0.021406056433542466
20804,2021-04-12,Putnam,29,10052,452,202382,0.06415929203539823,19.0,0.021761457759686072
20805,2021-04-13,Putnam,27,10079,694,203076,0.03890489913544669,17.0,0.020711057463484
20806,2021-04-14,Putnam,34,10113,910,203986,0.03736263736263736,15.0,0.01945517049331131
20807,2021-04-15,Putnam,21,10134,773,204759,0.027166882276843468,14.0,0.018882046667673198
20808,2021-04-16,Putnam,52,10186,915,205674,0.05683060109289618,15.0,0.02057061973441876
20809,2021-04-17,Putnam,31,10217,933,206607,0.03322615219721329,15.0,0.020181909261471512
20810,2021-04-18,Putnam,14,10231,564,207171,0.024822695035460994,14.0,0.020176654223992587
20811,2021-04-19,Putnam,14,10245,387,207558,0.03617571059431524,13.0,0.018177826978200945
20812,2021-04-20,Putnam,29,10274,761,208319,0.03810775295663601,13.0,0.01812088796542875
20813,2021-04-21,Putnam,27,10301,811,209130,0.03329223181257707,13.0,0.017830144711853017
20814,2021-04-22,Putnam,15,10316,897,210027,0.016722408026755852,13.0,0.017084110836846758
20815,2021-04-23,Putnam,28,10344,832,210859,0.03365384615384615,11.0,0.015428628341200328
20816,2021-04-24,Putnam,18,10362,773,211632,0.02328589909443726,10.0,0.014718610262430612
20817,2021-04-25,Putnam,12,10374,485,212117,0.024742268041237112,10.0,0.014712865477128906
20818,2021-04-26,Putnam,5,10379,382,212499,0.013089005235602094,9.0,0.013063815094363685
20819,2021-04-27,Putnam,10,10389,620,213119,0.016129032258064516,8.0,0.011493906473037146
20820,2021-04-28,Putnam,15,10404,768,213887,0.01953125,7.0,0.010510979200710212
20821,2021-04-29,Putnam,12,10416,768,214655,0.015625,7.0,0.010432592913084794
20822,2021-04-30,Putnam,11,10427,711,215366,0.015471167369901548,5.0,0.009133830142803038
20823,2021-05-01,Putnam,6,10433,718,216084,0.008356545961002786,5.0,0.008067447776129147
20824,2021-05-02,Putnam,15,10448,440,216524,0.03409090909090909,5.0,0.008735207851105717
20825,2021-05-03,Putnam,8,10456,308,216832,0.025974025974025976,5.0,0.009655566475278852
20826,2021-05-04,Putnam,5,10461,561,217393,0.008912655971479501,5.0,0.009140111026237064
20827,2021-05-05,Putnam,10,10471,608,218001,0.01644736842105263,4.0,0.008919833770597966
20828,2021-05-06,Putnam,17,10488,698,218699,0.024355300859598854,5.0,0.009543426689140742
20829,2021-05-07,Putnam,16,10504,928,219627,0.017241379310344827,5.0,0.009669870399172404
20830,2021-05-08,Putnam,8,10512,545,220172,0.014678899082568808,5.0,0.010121467050712834
20831,2021-05-09,Putnam,4,10516,536,220708,0.007462686567164179,4.0,0.008219451156159628
20832,2021-05-10,Putnam,5,10521,327,221035,0.01529051987767584,4.0,0.007456343577848903
20833,2021-05-11,Putnam,7,10528,633,221668,0.011058451816745656,4.0,0.007609614709653628
20834,2021-05-12,Putnam,3,10531,693,222361,0.004329004329004329,4.0,0.00674401727450732
20835,2021-05-13,Putnam,3,10534,706,223067,0.00424929178470255,3.0,0.005307873769157585
20836,2021-05-14,Putnam,5,10539,734,223801,0.006811989100817439,2.0,0.0045629173256199135
20837,2021-05-15,Putnam,2,10541,556,224357,0.0035971223021582736,2.0,0.0037713618413048764
20838,2021-05-16,Putnam,1,10542,369,224726,0.0027100271002710027,1.0,0.003431886165098221
20839,2021-05-17,Putnam,2,10544,255,224981,0.00784313725490196,1.0,0.002899930263471515
20840,2021-05-18,Putnam,4,10548,594,225575,0.006734006734006734,1.0,0.0025910413289901638
20841,2021-05-19,Putnam,5,10553,570,226145,0.008771929824561403,1.0,0.0029083931501013836
20842,2021-05-20,Putnam,0,10553,543,226688,0.0,1.0,0.0026048723083369157
20843,2021-05-21,Putnam,5,10558,578,227266,0.00865051903114187,1.0,0.0027361958747886606
20844,2021-05-22,Putnam,2,10560,473,227739,0.004228329809725159,1.0,0.002781282125329152
20845,2021-05-23,Putnam,1,10561,303,228042,0.0033003300330033004,1.0,0.0028234466205243162
20846,2021-05-24,Putnam,3,10564,270,228312,0.011111111111111112,1.0,0.003056873324539255
20847,2021-05-25,Putnam,2,10566,474,228786,0.004219409282700422,1.0,0.002877259220874519
20848,2021-05-26,Putnam,1,10567,531,229317,0.0018832391713747645,1.0,0.0023852098885040443
20849,2021-05-27,Putnam,3,10570,486,229803,0.006172839506172839,1.0,0.0028261269960878185
20850,2021-05-28,Putnam,3,10573,468,230271,0.00641025641025641,1.0,0.0026661082374531435
20851,2021-05-29,Putnam,1,10574,387,230658,0.002583979328165375,1.0,0.0025486546316274444
20852,2021-05-30,Putnam,1,10575,297,230955,0.003367003367003367,1.0,0.002553417012627449
20853,2021-05-31,Putnam,2,10577,239,231194,0.008368200836820083,0.0,0.0023574948501780897
20854,2021-06-01,Putnam,4,10581,218,231412,0.01834862385321101,1.0,0.0033667244623574177
20855,2021-06-02,Putnam,4,10585,467,231879,0.008565310492505354,1.0,0.003844015271009603
20856,2021-06-03,Putnam,4,10589,605,232484,0.006611570247933884,1.0,0.003875353181135392
20857,2021-06-04,Putnam,3,10592,528,233012,0.005681818181818182,1.0,0.0038233218791040896
20858,2021-06-05,Putnam,3,10595,393,233405,0.007633587786259542,1.0,0.004184008197539388
20859,2021-06-06,Putnam,4,10599,314,233719,0.012738853503184714,1.0,0.004853426064409484
20860,2021-06-07,Putnam,1,10600,321,234040,0.003115264797507788,1.0,0.004478216347315748
20861,2021-06-08,Putnam,0,10600,441,234481,0.0,1.0,0.0031676003578006763
20862,2021-06-09,Putnam,2,10602,547,235028,0.003656307129798903,1.0,0.0028169572604645012
20863,2021-06-10,Putnam,2,10604,506,235534,0.003952569169960474,1.0,0.002627028612037829
20864,2021-06-11,Putnam,0,10604,561,236095,0.0,0.0,0.002221184456193673
20865,2021-06-12,Putnam,1,10605,363,236458,0.0027548209366391185,0.0,0.0018727011097922142
20866,2021-06-13,Putnam,0,10605,258,236716,0.0,0.0,0.0009627830024218775
20867,2021-06-14,Putnam,1,10606,163,236879,0.006134969325153374,0.0,0.0011784761829679907
20868,2021-06-15,Putnam,4,10610,418,237297,0.009569377990430622,0.0,0.0018620031822844634
20869,2021-06-16,Putnam,6,10616,441,237738,0.013605442176870748,1.0,0.0025726556856467383
20870,2021-06-17,Putnam,5,10621,467,238205,0.010706638115631691,1.0,0.003055089181766111
20871,2021-06-18,Putnam,1,10622,421,238626,0.0023752969121140144,1.0,0.003224753246917112
20872,2021-06-19,Putnam,0,10622,363,238989,0.0,1.0,0.003027980322871461
20873,2021-06-20,Putnam,0,10622,274,239263,0.0,1.0,0.003027980322871461
20874,2021-06-21,Putnam,1,10623,185,239448,0.005405405405405406,1.0,0.0029758686143180344
20875,2021-06-22,Putnam,0,10623,357,239805,0.0,0.0,0.0022923416150015612
20876,2021-06-23,Putnam,0,10623,464,240269,0.0,0.0,0.0013205243166536508
20877,2021-06-24,Putnam,2,10625,398,240667,0.005025125628140704,0.0,0.0009147019961185804
20878,2021-06-25,Putnam,0,10625,461,241128,0.0,0.0,0.0007450379309675793
20879,2021-06-26,Putnam,1,10626,336,241464,0.002976190476190476,0.0,0.0009576229649811847
20880,2021-06-27,Putnam,2,10628,201,241665,0.009950248756218905,0.0,0.0016683550189968209
20881,2021-06-28,Putnam,1,10629,331,241996,0.0030211480362537764,0.0,0.001498050921200276
20882,2021-06-29,Putnam,1,10630,349,242345,0.0028653295128939827,0.0,0.0017027173149784176
20883,2021-06-30,Putnam,1,10631,312,242657,0.003205128205128205,0.0,0.0019316550439161463
20884,2021-07-01,Putnam,0,10631,326,242983,0.0,0.0,0.0015727174990489532
20885,2021-07-02,Putnam,1,10632,351,243334,0.002849002849002849,0.0,0.0017762177025491567
20886,2021-07-03,Putnam,0,10632,306,243640,0.0,0.0,0.0015636326685355515
20887,2021-07-04,Putnam,2,10634,302,243942,0.006622516556291391,0.0,0.0013259375113978717
20888,2021-07-05,Putnam,0,10634,134,244076,0.0,0.0,0.0011101412230940305
20889,2021-07-06,Putnam,1,10635,175,244251,0.005714285714285714,0.0,0.0013136380946220112
20890,2021-07-07,Putnam,0,10635,376,244627,0.0,0.0,0.0010847003656842824
20891,2021-07-08,Putnam,2,10637,367,244994,0.005449591280653951,0.0,0.0014739568857309933
20892,2021-07-09,Putnam,0,10637,321,245315,0.0,0.0,0.0012704566822307895
20893,2021-07-10,Putnam,1,10638,267,245582,0.003745318352059925,0.0,0.0015379794216636414
20894,2021-07-11,Putnam,2,10640,253,245835,0.007905138339920948,0.0,0.001629595263351467
20895,2021-07-12,Putnam,0,10640,220,246055,0.0,0.0,0.001629595263351467
20896,2021-07-13,Putnam,1,10641,293,246348,0.0034129692832764505,0.0,0.0014652155182793768
20897,2021-07-14,Putnam,4,10645,274,246622,0.014598540145985401,0.0,0.002507968385849762
20898,2021-07-15,Putnam,3,10648,313,246935,0.009584664536741214,0.0,0.002803330761284567
20899,2021-07-16,Putnam,2,10650,371,247306,0.005390835579514825,0.0,0.003188390445535626
20900,2021-07-17,Putnam,3,10653,350,247656,0.008571428571428572,1.0,0.003533112604061958
20901,2021-07-18,Putnam,4,10657,213,247869,0.018779342723004695,1.0,0.00430984148856794
20902,2021-07-19,Putnam,2,10659,253,248122,0.007905138339920948,1.0,0.004874494227133722
20903,2021-07-20,Putnam,3,10662,404,248526,0.007425742574257425,1.0,0.00516112089077522
20904,2021-07-21,Putnam,5,10667,403,248929,0.01240694789081886,1.0,0.005004578586834753
20905,2021-07-22,Putnam,10,10677,473,249402,0.021141649048625793,2.0,0.005830077480540795
20906,2021-07-23,Putnam,5,10682,415,249817,0.012048192771084338,2.0,0.00630560299422433
20907,2021-07-24,Putnam,11,10693,433,250250,0.025404157043879907,2.0,0.007507940742256571
20908,2021-07-25,Putnam,7,10700,290,250540,0.02413793103448276,3.0,0.007890697050219287
20909,2021-07-26,Putnam,5,10705,235,250775,0.02127659574468085,3.0,0.008845801150559282
20910,2021-07-27,Putnam,7,10712,372,251147,0.01881720430107527,3.0,0.009659476988189128
20911,2021-07-28,Putnam,13,10725,443,251590,0.029345372460496615,4.0,0.010869364457451824
20912,2021-07-29,Putnam,12,10737,517,252107,0.02321083172147002,4.0,0.011017163219797841
20913,2021-07-30,Putnam,14,10751,503,252610,0.027833001988071572,4.0,0.012144649592439785
20914,2021-07-31,Putnam,17,10768,428,253038,0.0397196261682243,5.0,0.013167183101321528
20915,2021-08-01,Putnam,9,10777,310,253348,0.02903225806451613,5.0,0.013516777889181054
20916,2021-08-02,Putnam,6,10783,247,253595,0.024291497975708502,5.0,0.013732128048540172
20917,2021-08-03,Putnam,9,10792,430,254025,0.020930232558139535,5.0,0.013883058638330475
20918,2021-08-04,Putnam,16,10808,535,254560,0.029906542056074768,5.0,0.013923142180871772
20919,2021-08-05,Putnam,19,10827,527,255087,0.036053130929791274,6.0,0.014840449267180434
20920,2020-03-01,Queens,0,0,0,0,,,
20921,2020-03-02,Queens,0,0,0,0,,,
20922,2020-03-03,Queens,0,0,2,2,0.0,,
20923,2020-03-04,Queens,0,0,0,2,,,
20924,2020-03-05,Queens,1,1,6,8,0.16666666666666666,,
20925,2020-03-06,Queens,1,2,10,18,0.1,,
20926,2020-03-07,Queens,0,2,14,32,0.0,0.0,
20927,2020-03-08,Queens,1,3,13,45,0.07692307692307693,0.0,
20928,2020-03-09,Queens,0,3,15,60,0.0,0.0,
20929,2020-03-10,Queens,4,7,18,78,0.2222222222222222,1.0,
20930,2020-03-11,Queens,5,12,44,122,0.11363636363636363,1.0,0.09706404706404706
20931,2020-03-12,Queens,15,27,74,196,0.20270270270270271,3.0,0.10221205221205219
20932,2020-03-13,Queens,30,57,154,350,0.19480519480519481,7.0,0.11575565146993719
20933,2020-03-14,Queens,18,75,110,460,0.16363636363636364,5.0,0.06956613742328029
20934,2020-03-15,Queens,49,124,198,658,0.2474747474747475,8.0,0.08174839960554246
20935,2020-03-16,Queens,38,162,136,794,0.27941176470588236,11.0,0.10170638279881976
20936,2020-03-17,Queens,123,285,371,1165,0.33153638814016173,19.0,0.10951453750724402
20937,2020-03-18,Queens,336,621,768,1933,0.4375,43.0,0.1326476543903609
20938,2020-03-19,Queens,519,1140,1179,3112,0.4402035623409669,79.0,0.14961200150737977
20939,2020-03-20,Queens,491,1631,1218,4330,0.40311986863711,112.0,0.1644916210668023
20940,2020-03-21,Queens,843,2474,1927,6257,0.43746756616502336,171.0,0.18405099267599226
20941,2020-03-22,Queens,1152,3626,2048,8305,0.5625,250.0,0.206552796427796
20942,2020-03-23,Queens,839,4465,1518,9823,0.5527009222661396,307.0,0.22607345053924296
20943,2020-03-24,Queens,1010,5475,1736,11559,0.5817972350230415,370.0,0.24394922531659155
20944,2020-03-25,Queens,1238,6713,2110,13669,0.5867298578199052,435.0,0.2546085008751562
20945,2020-03-26,Queens,1324,8037,2115,15784,0.6260047281323877,492.0,0.26788001271740053
20946,2020-03-27,Queens,1238,9275,2055,17839,0.6024330900243309,546.0,0.2821166713879163
20947,2020-03-28,Queens,1136,10411,1845,19684,0.6157181571815719,566.0,0.2948488564605269
20948,2020-03-29,Queens,1258,11669,1915,21599,0.6569190600522193,574.0,0.3015930750356854
20949,2020-03-30,Queens,2022,13691,3325,24924,0.6081203007518797,659.0,0.3055516020703812
20950,2020-03-31,Queens,1211,14902,1871,26795,0.6472474612506681,673.0,0.3102266182294974
20951,2020-04-01,Queens,1366,16268,2157,28952,0.6332869726471951,682.0,0.31355212643144664
20952,2020-04-02,Queens,1899,18167,3048,32000,0.6230314960629921,723.0,0.3133397527122041
20953,2020-04-03,Queens,1947,20114,3407,35407,0.5714705019078368,774.0,0.3111281392753117
20954,2020-04-04,Queens,1322,21436,2255,37662,0.5862527716186253,787.0,0.30902346887795834
20955,2020-04-05,Queens,1697,23133,2730,40392,0.6216117216117216,818.0,0.3065015161322085
20956,2020-04-06,Queens,1707,24840,2864,43256,0.5960195530726257,796.0,0.3056371770122618
20957,2020-04-07,Queens,1408,26248,2884,46140,0.4882108183079057,810.0,0.2942774168020645
20958,2020-04-08,Queens,1504,27752,2831,48971,0.531261038502296,820.0,0.2869898500774288
20959,2020-04-09,Queens,1551,29303,2941,51912,0.527371642298538,795.0,0.2801570033799678
20960,2020-04-10,Queens,1988,31291,3803,55715,0.5227452011569813,798.0,0.2766766247549067
20961,2020-04-11,Queens,1544,32835,3219,58934,0.4796520658589624,814.0,0.26906228862921644
20962,2020-04-12,Queens,1150,33985,2481,61415,0.4635227730753728,775.0,0.2577702208766201
20963,2020-04-13,Queens,1068,35053,2430,63845,0.43950617283950616,729.0,0.24659069371711162
20964,2020-04-14,Queens,1712,36765,3674,67519,0.46597713663581924,751.0,0.24500257359767685
20965,2020-04-15,Queens,1153,37918,3144,70663,0.3667302798982188,726.0,0.23325037655452846
20966,2020-04-16,Queens,1173,39091,3056,73719,0.3838350785340314,699.0,0.22299776485706374
20967,2020-04-17,Queens,1125,40216,3347,77066,0.3361219002091425,637.0,0.20966752907507522
20968,2020-04-18,Queens,1021,41237,3338,80404,0.3058717795086878,600.0,0.19725465147862706
20969,2020-04-19,Queens,786,42023,2428,82832,0.3237232289950577,574.0,0.18726896975860455
20970,2020-04-20,Queens,799,42822,2498,85330,0.3198558847077662,554.0,0.17872252060633742
20971,2020-04-21,Queens,891,43713,3058,88388,0.29136690647482016,496.0,0.16625036130912316
20972,2020-04-22,Queens,1191,44904,4142,92530,0.2875422501207146,499.0,0.16059407346787286
20973,2020-04-23,Queens,1483,46387,5468,97998,0.2712143379663497,521.0,0.1525497348558956
20974,2020-04-24,Queens,1474,47861,5296,103294,0.2783232628398791,546.0,0.1484212607580911
20975,2020-04-25,Queens,884,48745,3676,106970,0.24047878128400435,536.0,0.1437503323134708
20976,2020-04-26,Queens,654,49399,2829,109799,0.23117709437963946,526.0,0.13713989412665525
20977,2020-04-27,Queens,530,49929,2628,112427,0.20167427701674276,507.0,0.12869835072015356
20978,2020-04-28,Queens,812,50741,4061,116488,0.19995075104654025,502.0,0.1221686253324193
20979,2020-04-29,Queens,890,51631,4201,120689,0.2118543203999048,480.0,0.11676234463807575
20980,2020-04-30,Queens,643,52274,3689,124378,0.17430197885605855,420.0,0.10984003327305494
20981,2020-05-01,Queens,765,53039,4517,128895,0.16936019481957051,369.0,0.10205695698589004
20982,2020-05-02,Queens,601,53640,3755,132650,0.16005326231691078,349.0,0.09631227705966908
20983,2020-05-03,Queens,450,54090,2696,135346,0.16691394658753708,335.0,0.09172205221737606
20984,2020-05-04,Queens,358,54448,2633,137979,0.13596657804785417,322.0,0.08702864514816973
20985,2020-05-05,Queens,432,54880,3591,141570,0.12030075187969924,295.0,0.08133935949339537
20986,2020-05-06,Queens,570,55450,4505,146075,0.12652608213096558,272.0,0.07524448533132828
20987,2020-05-07,Queens,494,55944,3992,150067,0.12374749498997996,262.0,0.07163345076946552
20988,2020-05-08,Queens,549,56493,4596,154663,0.11945169712793734,246.0,0.068068558077206
20989,2020-05-09,Queens,369,56862,3416,158079,0.10802107728337236,230.0,0.06435197343195327
20990,2020-05-10,Queens,318,57180,2937,161016,0.10827374872318693,220.0,0.06016338787021397
20991,2020-05-11,Queens,211,57391,2552,163568,0.08268025078369906,210.0,0.056357221637060036
20992,2020-05-12,Queens,357,57748,3829,167397,0.09323583180987204,204.0,0.0544240130606438
20993,2020-05-13,Queens,336,58084,4439,171836,0.07569272358639333,188.0,0.05079305887888864
20994,2020-05-14,Queens,432,58516,4879,176715,0.08854273416683747,183.0,0.04827843310580704
20995,2020-05-15,Queens,325,58841,4644,181359,0.06998277347114557,167.0,0.04474493855889334
20996,2020-05-16,Queens,291,59132,4209,185568,0.0691375623663578,162.0,0.041967544636249444
20997,2020-05-17,Queens,192,59324,3226,188794,0.059516429014259145,153.0,0.038484878942754604
20998,2020-05-18,Queens,184,59508,3363,192157,0.05471305382099316,151.0,0.036487222016847044
20999,2020-05-19,Queens,244,59752,4581,196738,0.05326347958960925,143.0,0.03363205400111398
21000,2020-05-20,Queens,273,60025,5151,201889,0.0529994175888177,138.0,0.03201110357271573
21001,2020-05-21,Queens,211,60236,5181,207070,0.0407257286238178,122.0,0.028595603176785746
21002,2020-05-22,Queens,186,60422,5388,212458,0.034521158129175944,112.0,0.026062630652359343
21003,2020-05-23,Queens,214,60636,5270,217728,0.040607210626185955,107.0,0.02402474838520421
21004,2020-05-24,Queens,192,60828,4448,222176,0.04316546762589928,107.0,0.022856822571749934
21005,2020-05-25,Queens,132,60960,3789,225965,0.03483768804433888,103.0,0.021437153587703203
21006,2020-05-26,Queens,165,61125,4201,230166,0.03927636277076887,98.0,0.020438073814928886
21007,2020-05-27,Queens,275,61400,9126,239292,0.030133683979837827,98.0,0.018804807128573183
21008,2020-05-28,Queens,244,61644,8480,247772,0.028773584905660378,100.0,0.017951082577276224
21009,2020-05-29,Queens,183,61827,7088,254860,0.025818284424379234,100.0,0.017329448741219316
21010,2020-05-30,Queens,148,61975,6226,261086,0.023771281721811758,95.0,0.016126882390906875
21011,2020-05-31,Queens,119,62094,5906,266992,0.020149001015916018,90.0,0.014482849061622354
21012,2020-06-01,Queens,199,62293,7231,274223,0.02752039828516111,95.0,0.013960185507395372
21013,2020-06-02,Queens,132,62425,6319,280542,0.02088938123120747,92.0,0.012646829683140985
21014,2020-06-03,Queens,117,62542,6451,286993,0.018136722988683924,81.0,0.011789903898058562
21015,2020-06-04,Queens,150,62692,6695,293688,0.022404779686333084,74.0,0.011334989239535185
21016,2020-06-05,Queens,158,62850,7672,301360,0.02059436913451512,73.0,0.01096185243311632
21017,2020-06-06,Queens,113,62963,6497,307857,0.01739264275819609,70.0,0.01050623536428663
21018,2020-06-07,Queens,134,63097,6514,314371,0.020571077678845563,71.0,0.010536383697353024
21019,2020-06-08,Queens,97,63194,5227,319598,0.018557489955997705,64.0,0.00989617595955564
21020,2020-06-09,Queens,132,63326,7770,327368,0.01698841698841699,64.0,0.009617535656499176
21021,2020-06-10,Queens,106,63432,6796,334164,0.015597410241318423,63.0,0.009436156174544496
21022,2020-06-11,Queens,141,63573,7566,341730,0.018636003172085646,62.0,0.009166957852098253
21023,2020-06-12,Queens,154,63727,7817,349547,0.019700652424203657,62.0,0.009103120944218862
21024,2020-06-13,Queens,95,63822,6737,356284,0.014101232002374944,61.0,0.008868020175945924
21025,2020-06-14,Queens,110,63932,7488,363772,0.01469017094017094,59.0,0.008447955408897737
21026,2020-06-15,Queens,110,64042,7036,370808,0.015633882888004547,60.0,0.00823912633261251
21027,2020-06-16,Queens,134,64176,8317,379125,0.01611157869424071,60.0,0.008176495025885635
21028,2020-06-17,Queens,92,64268,8696,387821,0.010579576816927323,59.0,0.00781807835271484
21029,2020-06-18,Queens,112,64380,9082,396903,0.012332085443734861,57.0,0.007367798514975499
21030,2020-06-19,Queens,106,64486,9753,406656,0.010868450733107762,54.0,0.006736926965611506
21031,2020-06-20,Queens,135,64621,9115,415771,0.014810751508502468,57.0,0.006787606930334901
21032,2020-06-21,Queens,91,64712,8237,424008,0.011047711545465582,55.0,0.0065274312592845185
21033,2020-06-22,Queens,85,64797,6537,430545,0.013002906532048341,53.0,0.006339504376716217
21034,2020-06-23,Queens,84,64881,6683,437228,0.012569205446655693,50.0,0.006086477716174431
21035,2020-06-24,Queens,106,64987,7723,444951,0.013725236307134533,51.0,0.0063111676797606596
21036,2020-06-25,Queens,102,65089,6943,451894,0.014691055739593836,50.0,0.0064796655580363
21037,2020-06-26,Queens,86,65175,9718,461612,0.008849557522123894,49.0,0.006335458900108881
21038,2020-06-27,Queens,101,65276,7681,469293,0.013149329514386148,46.0,0.006216785900529145
21039,2020-06-28,Queens,49,65325,4737,474030,0.010344099641123074,43.0,0.006166527907361823
21040,2020-06-29,Queens,66,65391,5589,479619,0.011808910359634998,42.0,0.006081242466475156
21041,2020-06-30,Queens,64,65455,6065,485684,0.010552349546578731,41.0,0.0059371813307553725
21042,2020-07-01,Queens,113,65568,8286,493970,0.013637460777214578,41.0,0.005930911650046805
21043,2020-07-02,Queens,137,65705,8116,502086,0.016880236569738787,44.0,0.006087281709342872
21044,2020-07-03,Queens,95,65800,7211,509297,0.013174317015670503,44.0,0.006396193101739057
21045,2020-07-04,Queens,76,65876,7211,516508,0.010539453612536403,42.0,0.006209773394464076
21046,2020-07-05,Queens,52,65928,5745,522253,0.009051348999129677,43.0,0.006117434062893119
21047,2020-07-06,Queens,96,66024,6329,528582,0.015168273028914521,45.0,0.006357388539270229
21048,2020-07-07,Queens,75,66099,6297,534879,0.011910433539780848,46.0,0.006454394538784665
21049,2020-07-08,Queens,75,66174,7104,541983,0.010557432432432432,43.0,0.006234392514157369
21050,2020-07-09,Queens,67,66241,7807,549790,0.008582041757397208,38.0,0.005641664313275827
21051,2020-07-10,Queens,82,66323,7981,557771,0.010274401704047111,37.0,0.005434527505302729
21052,2020-07-11,Queens,87,66410,6788,564559,0.01281673541543901,38.0,0.0055971904912243435
21053,2020-07-12,Queens,56,66466,5880,570439,0.009523809523809525,38.0,0.005630937671558618
21054,2020-07-13,Queens,78,66544,5537,575976,0.014087050749503342,37.0,0.005553707508743533
21055,2020-07-14,Queens,99,66643,7205,583181,0.013740458015267175,38.0,0.005684423542706844
21056,2020-07-15,Queens,92,66735,8387,591568,0.010969357338738524,40.0,0.005713846750300136
21057,2020-07-16,Queens,94,66829,8943,600511,0.010511014201051102,42.0,0.005851630496275413
21058,2020-07-17,Queens,92,66921,6870,607381,0.01339155749636099,42.0,0.00607428448144069
21059,2020-07-18,Queens,86,67007,5405,612786,0.015911193339500463,42.0,0.006295317190302223
21060,2020-07-19,Queens,72,67079,5736,618522,0.012552301255230125,43.0,0.006511638028260837
21061,2020-07-20,Queens,115,67194,7288,625810,0.015779363336992317,46.0,0.006632517498795764
21062,2020-07-21,Queens,71,67265,7508,633318,0.009456579648375067,44.0,0.006326526186874899
21063,2020-07-22,Queens,109,67374,7517,640835,0.014500465611281096,45.0,0.006578748206342226
21064,2020-07-23,Queens,84,67458,8063,648898,0.010417958576212328,44.0,0.0065721013759966
21065,2020-07-24,Queens,74,67532,7012,655910,0.010553337136337706,43.0,0.00636937135028065
21066,2020-07-25,Queens,63,67595,4878,660788,0.012915129151291513,42.0,0.006155366765408582
21067,2020-07-26,Queens,84,67679,6560,667348,0.012804878048780487,42.0,0.006173407964947893
21068,2020-07-27,Queens,60,67739,5574,672922,0.010764262648008612,38.0,0.0058151864871633435
21069,2020-07-28,Queens,81,67820,7112,680034,0.011389201349831271,39.0,0.0059532308944102155
21070,2020-07-29,Queens,74,67894,6889,686923,0.010741762229641457,37.0,0.005684752081435956
21071,2020-07-30,Queens,74,67968,7561,694484,0.009787065203015474,36.0,0.005639688269064752
21072,2020-07-31,Queens,73,68041,9722,704206,0.00750874305698416,36.0,0.0054222172633966404
21073,2020-08-01,Queens,60,68101,6641,710847,0.009034783918084625,36.0,0.005145049746739005
21074,2020-08-02,Queens,65,68166,6268,717115,0.010370134014039566,34.0,0.004971139458543225
21075,2020-08-03,Queens,59,68225,7005,724120,0.008422555317630264,34.0,0.004803874649230488
21076,2020-08-04,Queens,72,68297,7698,731818,0.009353078721745909,34.0,0.004658437318652961
21077,2020-08-05,Queens,71,68368,7812,739630,0.00908858166922683,33.0,0.004540352992909059
21078,2020-08-06,Queens,84,68452,7539,747169,0.011142061281337047,34.0,0.004637138427074887
21079,2020-08-07,Queens,96,68548,9235,756404,0.010395235517054683,36.0,0.004843316459937066
21080,2020-08-08,Queens,56,68604,7162,763566,0.007819044959508517,35.0,0.004756477962895915
21081,2020-08-09,Queens,66,68670,6807,770373,0.009695901278096077,36.0,0.004708318481757095
21082,2020-08-10,Queens,63,68733,7556,777929,0.00833774483853891,36.0,0.004702260590393427
21083,2020-08-11,Queens,96,68829,11290,789219,0.008503100088573958,38.0,0.004641547830881144
21084,2020-08-12,Queens,96,68925,10584,799803,0.009070294784580499,39.0,0.004640241624834978
21085,2020-08-13,Queens,98,69023,9426,809229,0.01039677487799703,40.0,0.0045870068817392634
21086,2020-08-14,Queens,75,69098,9481,818710,0.007910557958021305,39.0,0.004409529913236879
21087,2020-08-15,Queens,76,69174,8964,827674,0.008478357875948238,40.0,0.004456623692982573
21088,2020-08-16,Queens,71,69245,6531,834205,0.010871229520747205,41.0,0.004540575710314796
21089,2020-08-17,Queens,63,69308,7562,841767,0.00833112933086485,41.0,0.004540103174052364
21090,2020-08-18,Queens,76,69384,8697,850464,0.008738645509945958,39.0,0.004556927847007507
21091,2020-08-19,Queens,67,69451,7919,858383,0.00846066422528097,37.0,0.00451338280705754
21092,2020-08-20,Queens,87,69538,9593,867976,0.00906911289481914,36.0,0.004418549808259119
21093,2020-08-21,Queens,85,69623,9862,877838,0.00861894139119854,37.0,0.004469148624914636
21094,2020-08-22,Queens,71,69694,8018,885856,0.00885507607882265,37.0,0.004496057067977094
21095,2020-08-23,Queens,51,69745,6730,892586,0.007578008915304606,35.0,0.004260827024731194
21096,2020-08-24,Queens,60,69805,7615,900201,0.007879185817465528,35.0,0.0042285453452026705
21097,2020-08-25,Queens,65,69870,7377,907578,0.008811169852243459,34.0,0.004233725655366777
21098,2020-08-26,Queens,90,69960,9322,916900,0.009654580562111135,36.0,0.0043190053937117905
21099,2020-08-27,Queens,74,70034,10803,927703,0.0068499490882162365,35.0,0.004160493693240154
21100,2020-08-28,Queens,64,70098,9345,937048,0.0068485821294810055,33.0,0.00403403946026033
21101,2020-08-29,Queens,64,70162,9956,947004,0.0064282844515869825,33.0,0.0038606972011720683
21102,2020-08-30,Queens,60,70222,7758,954762,0.007733952049497293,34.0,0.0038718359964715456
21103,2020-08-31,Queens,66,70288,7895,962657,0.008359721342621912,34.0,0.0039061599625541442
21104,2020-09-01,Queens,56,70344,8305,970962,0.0067429259482239615,33.0,0.00375842825512418
21105,2020-09-02,Queens,69,70413,8540,979502,0.008079625292740047,32.0,0.0036459314501691028
21106,2020-09-03,Queens,83,70496,10286,989788,0.008069220299436127,33.0,0.0037330222509705238
21107,2020-09-04,Queens,53,70549,9134,998922,0.005802496168162908,32.0,0.0036583018251620876
21108,2020-09-05,Queens,76,70625,10158,1009080,0.007481787753494782,33.0,0.003733552061012645
21109,2020-09-06,Queens,50,70675,6321,1015401,0.00791014080050625,32.0,0.003746136971798999
21110,2020-09-07,Queens,91,70766,6495,1021896,0.014010777521170132,34.0,0.0041497838416953
21111,2020-09-08,Queens,58,70824,7078,1028974,0.008194405199208816,34.0,0.004253460931051362
21112,2020-09-09,Queens,93,70917,8086,1037060,0.011501360375958447,36.0,0.004497870579852676
21113,2020-09-10,Queens,61,70978,8437,1045497,0.007230058077515705,34.0,0.004437930421144075
21114,2020-09-11,Queens,62,71040,10532,1056029,0.005886821116597038,35.0,0.004443953631746512
21115,2020-09-12,Queens,71,71111,7349,1063378,0.009661178391617908,34.0,0.004599624391612449
21116,2020-09-13,Queens,69,71180,6247,1069625,0.011045301744837522,36.0,0.004823564459064684
21117,2020-09-14,Queens,74,71254,6868,1076493,0.010774606872451952,34.0,0.00459240941272767
21118,2020-09-15,Queens,55,71309,6732,1083225,0.008169934640522876,34.0,0.0045906615156786745
21119,2020-09-16,Queens,83,71392,8034,1091259,0.0103310928553647,33.0,0.004507070978493407
21120,2020-09-17,Queens,82,71474,9319,1100578,0.008799227384912544,35.0,0.004619154500450325
21121,2020-09-18,Queens,103,71577,12199,1112777,0.008443315025821789,38.0,0.0048017612082520925
21122,2020-09-19,Queens,105,71682,11181,1123958,0.009390931043734908,40.0,0.0047824578262604485
21123,2020-09-20,Queens,70,71752,6174,1130132,0.011337868480725623,40.0,0.0048033554502524565
21124,2020-09-21,Queens,66,71818,8528,1138660,0.00773921200750469,40.0,0.004586541531327652
21125,2020-09-22,Queens,63,71881,5881,1144541,0.010712463866689339,40.0,0.0047681507617681135
21126,2020-09-23,Queens,97,71978,9524,1154065,0.010184796304073918,41.0,0.004757701008104486
21127,2020-09-24,Queens,73,72051,9253,1163318,0.007889333189235924,41.0,0.004692708565556157
21128,2020-09-25,Queens,91,72142,9255,1172573,0.009832522960561859,40.0,0.004791937703751877
21129,2020-09-26,Queens,91,72233,7316,1179889,0.012438490978676872,39.0,0.00500962055624773
21130,2020-09-27,Queens,90,72323,5591,1185480,0.016097299230906813,40.0,0.005349579895546386
21131,2020-09-28,Queens,142,72465,9734,1195214,0.014588041914937334,46.0,0.005838782031791576
21132,2020-09-29,Queens,91,72556,7756,1202970,0.011732851985559567,48.0,0.005911666897425163
21133,2020-09-30,Queens,136,72692,10673,1213643,0.0127424341797058,51.0,0.006094355317113155
21134,2020-10-01,Queens,171,72863,9883,1223526,0.017302438530810482,58.0,0.006766719984368481
21135,2020-10-02,Queens,149,73012,12449,1235975,0.011968832837978954,62.0,0.00691931354704113
21136,2020-10-03,Queens,119,73131,8946,1244921,0.013302034428794992,64.0,0.006980995222049567
21137,2020-10-04,Queens,114,73245,6926,1251847,0.01645971700837424,65.0,0.007006882206154383
21138,2020-10-05,Queens,138,73383,10477,1262324,0.013171709458814546,65.0,0.0069057156021456135
21139,2020-10-06,Queens,154,73537,9125,1271449,0.016876712328767123,70.0,0.00727313419808901
21140,2020-10-07,Queens,205,73742,16090,1287539,0.0127408328154133,75.0,0.00727301981492526
21141,2020-10-08,Queens,147,73889,12861,1300400,0.011429904362024726,73.0,0.006853553088583419
21142,2020-10-09,Queens,140,74029,11706,1312106,0.011959678797198017,72.0,0.006852899228527639
21143,2020-10-10,Queens,121,74150,10479,1322585,0.011546903330470464,72.0,0.006727532721504459
21144,2020-10-11,Queens,115,74265,8192,1330777,0.0140380859375,72.0,0.00655455907358487
21145,2020-10-12,Queens,139,74404,10358,1341135,0.013419579069318401,72.0,0.006572264045763718
21146,2020-10-13,Queens,106,74510,9123,1350258,0.011618984983009974,69.0,0.006196712092495349
21147,2020-10-14,Queens,122,74632,12286,1362544,0.009930001627869119,63.0,0.005995938436242193
21148,2020-10-15,Queens,166,74798,14007,1376551,0.011851217248518597,64.0,0.006026032213848898
21149,2020-10-16,Queens,200,74998,15397,1391948,0.012989543417548873,69.0,0.006099593972445388
21150,2020-10-17,Queens,111,75109,12025,1403973,0.009230769230769232,68.0,0.005934155822466728
21151,2020-10-18,Queens,127,75236,7700,1411673,0.016493506493506494,69.0,0.006109543005038622
21152,2020-10-19,Queens,108,75344,7980,1419653,0.013533834586466165,67.0,0.006117704113406318
21153,2020-10-20,Queens,199,75543,11487,1431140,0.017323931400713852,73.0,0.006525200286099452
21154,2020-10-21,Queens,155,75698,11723,1442863,0.013221871534590122,76.0,0.006760333850865239
21155,2020-10-22,Queens,155,75853,14182,1457045,0.010929347059653082,75.0,0.006694485980231988
21156,2020-10-23,Queens,204,76057,14656,1471701,0.013919213973799126,75.0,0.006760891019964148
21157,2020-10-24,Queens,163,76220,11488,1483189,0.014188718662952645,79.0,0.007115030265120106
21158,2020-10-25,Queens,96,76316,7857,1491046,0.012218403970981291,77.0,0.006809665799225448
21159,2020-10-26,Queens,207,76523,9832,1500878,0.021053702196908056,84.0,0.007346799199971298
21160,2020-10-27,Queens,173,76696,11638,1512516,0.014865097095720915,82.0,0.007171168178186089
21161,2020-10-28,Queens,284,76980,16839,1529355,0.016865609596769405,91.0,0.007431435182627466
21162,2020-10-29,Queens,233,77213,14012,1543367,0.016628604053668283,97.0,0.007838524967914264
21163,2020-10-30,Queens,194,77407,12985,1556352,0.014940315748941085,96.0,0.007911460808995832
21164,2020-10-31,Queens,242,77649,14087,1570439,0.017178959324199616,102.0,0.008125049427656333
21165,2020-11-01,Queens,185,77834,10316,1580755,0.017933307483520743,108.0,0.00853325682140915
21166,2020-11-02,Queens,179,78013,11616,1592371,0.015409779614325068,106.0,0.008130119494081793
21167,2020-11-03,Queens,174,78187,14754,1607125,0.011793411956079707,106.0,0.007910713412678851
21168,2020-11-04,Queens,253,78440,16122,1623247,0.015692842079146507,104.0,0.007826944304277215
21169,2020-11-05,Queens,297,78737,15147,1638394,0.0196078431372549,108.0,0.008039747095961974
21170,2020-11-06,Queens,306,79043,14315,1652709,0.021376178833391546,116.0,0.00849945160199415
21171,2020-11-07,Queens,361,79404,15509,1668218,0.02327680701528145,125.0,0.008935012151357138
21172,2020-11-08,Queens,298,79702,10970,1679188,0.02716499544211486,133.0,0.00959441843411386
21173,2020-11-09,Queens,338,80040,10461,1689649,0.03231048656916165,144.0,0.010801611788030758
21174,2020-11-10,Queens,515,80555,15355,1705004,0.03353956366004559,169.0,0.012354908338314033
21175,2020-11-11,Queens,454,81009,16285,1721289,0.02787841571998772,183.0,0.013225306455516977
21176,2020-11-12,Queens,477,81486,17329,1738618,0.027526112297305096,196.0,0.01379089710980628
21177,2020-11-13,Queens,485,81971,16970,1755588,0.028579846788450207,209.0,0.0143054448208819
21178,2020-11-14,Queens,385,82356,15490,1771078,0.02485474499677211,210.0,0.014418154676702663
21179,2020-11-15,Queens,419,82775,12697,1783775,0.03299992124123809,219.0,0.014834935090925748
21180,2020-11-16,Queens,536,83311,17353,1801128,0.03088803088803089,233.0,0.014733331113702121
21181,2020-11-17,Queens,498,83809,14949,1816077,0.03331326510134457,232.0,0.014717166930937763
21182,2020-11-18,Queens,460,84269,18566,1834643,0.02477647312291285,232.0,0.01449559960257527
21183,2020-11-19,Queens,574,84843,21159,1855802,0.027127936102840398,239.0,0.014467158445827794
21184,2020-11-20,Queens,441,85284,18628,1874430,0.023674039080953405,236.0,0.014116743609578025
21185,2020-11-21,Queens,493,85777,16852,1891282,0.02925468787087586,244.0,0.014431025243442573
21186,2020-11-22,Queens,469,86246,15986,1907268,0.029338170899537094,247.0,0.01416947164760679
21187,2020-11-23,Queens,438,86684,16910,1924178,0.025901833234772326,240.0,0.013813314672374037
21188,2020-11-24,Queens,511,87195,16927,1941105,0.030188456312400306,241.0,0.0135901140445923
21189,2020-11-25,Queens,623,87818,20404,1961509,0.03053322877867085,253.0,0.014001310877146445
21190,2020-11-26,Queens,678,88496,20783,1982292,0.0326228167252081,260.0,0.014393802350172707
21191,2020-11-27,Queens,551,89047,17863,2000155,0.030845882550523427,268.0,0.014906076883713426
21192,2020-11-28,Queens,634,89681,18133,2018288,0.034963878012463465,278.0,0.015313876179541112
21193,2020-11-29,Queens,717,90398,17118,2035406,0.041885734314756395,296.0,0.016210130709199633
21194,2020-11-30,Queens,658,91056,16265,2051671,0.04045496464801721,312.0,0.017249640095859983
21195,2020-12-01,Queens,899,91955,17244,2068915,0.052134075620505684,340.0,0.018817184332153226
21196,2020-12-02,Queens,858,92813,19919,2088834,0.0430744515286912,356.0,0.019712985957154677
21197,2020-12-03,Queens,910,93723,19388,2108222,0.04693624922632556,373.0,0.020735373992948784
21198,2020-12-04,Queens,861,94584,19894,2128116,0.043279380717804364,395.0,0.02162348100489742
21199,2020-12-05,Queens,862,95446,20438,2148554,0.042176338193561015,411.0,0.022138656732118674
21200,2020-12-06,Queens,821,96267,16095,2164649,0.05100963031997515,419.0,0.0227903635896343
21201,2020-12-07,Queens,880,97147,19098,2183747,0.046078123363703004,435.0,0.023192017783611858
21202,2020-12-08,Queens,1147,98294,24140,2207887,0.04751449875724938,452.0,0.022862048007664976
21203,2020-12-09,Queens,1022,99316,21862,2229749,0.046747781538743025,464.0,0.023124428722668677
21204,2020-12-10,Queens,949,100265,21229,2250978,0.04470300061236987,467.0,0.022964910964528986
21205,2020-12-11,Queens,1184,101449,29157,2280135,0.04060774428096169,490.0,0.0227740797904688
21206,2020-12-12,Queens,1061,102510,23023,2303158,0.04608435043217652,504.0,0.023053223521798474
21207,2020-12-13,Queens,925,103435,16524,2319682,0.05597918179617526,512.0,0.023408191484384194
21208,2020-12-14,Queens,1233,104668,25250,2344932,0.04883168316831683,537.0,0.023604874327570902
21209,2020-12-15,Queens,1072,105740,18899,2363831,0.05672257791417536,531.0,0.024262594267351327
21210,2020-12-16,Queens,1024,106764,20800,2384631,0.04923076923076923,532.0,0.024439950531067484
21211,2020-12-17,Queens,1348,108112,31220,2415851,0.04317745035233825,560.0,0.02433098265535094
21212,2020-12-18,Queens,944,109056,22599,2438450,0.04177175981238108,543.0,0.024414126621880892
21213,2020-12-19,Queens,927,109983,19593,2458043,0.04731281580156178,533.0,0.024501874148265556
21214,2020-12-20,Queens,938,110921,16566,2474609,0.056621996861040684,534.0,0.024547789510041655
21215,2020-12-21,Queens,983,111904,16925,2491534,0.05807976366322009,516.0,0.02520836668824903
21216,2020-12-22,Queens,1310,113214,23417,2514951,0.05594226416705812,533.0,0.025152629992026377
21217,2020-12-23,Queens,1366,114580,24341,2539292,0.05611930487654575,558.0,0.02564466825243898
21218,2020-12-24,Queens,1180,115760,22318,2561610,0.05287212115780984,546.0,0.026337144738544094
21219,2020-12-25,Queens,1175,116935,23528,2585138,0.049940496429785784,562.0,0.026920625925501575
21220,2020-12-26,Queens,906,117841,15330,2600468,0.059099804305283755,561.0,0.02776255367576743
21221,2020-12-27,Queens,1115,118956,15666,2616134,0.07117324141452827,573.0,0.02880192828673083
21222,2020-12-28,Queens,1421,120377,20710,2636844,0.06861419604056011,605.0,0.029554387742255113
21223,2020-12-29,Queens,1404,121781,17083,2653927,0.08218696950184394,611.0,0.03142900955188268
21224,2020-12-30,Queens,1752,123533,22025,2675952,0.07954597048808172,639.0,0.03310234280984953
21225,2020-12-31,Queens,1574,125107,22581,2698533,0.06970461892741686,667.0,0.03430466407910717
21226,2021-01-01,Queens,1506,126613,22553,2721086,0.06677603866447923,691.0,0.03550720281015671
21227,2021-01-02,Queens,1130,127743,17515,2738601,0.06451612903225806,707.0,0.03589408314779773
21228,2021-01-03,Queens,1196,128939,15757,2754358,0.07590277337056546,713.0,0.03623190685894324
21229,2021-01-04,Queens,1422,130361,17676,2772034,0.08044806517311609,713.0,0.03707718322555438
21230,2021-01-05,Queens,1713,132074,22346,2794380,0.07665801485724515,735.0,0.036682257893797324
21231,2021-01-06,Queens,1819,133893,25632,2820012,0.07096598002496879,740.0,0.036069401432146396
21232,2021-01-07,Queens,1835,135728,26072,2846084,0.07038201902424056,758.0,0.03611778715334809
21233,2021-01-08,Queens,1840,137568,28361,2874445,0.06487782518246889,782.0,0.03598220047606165
21234,2021-01-09,Queens,1549,139117,26580,2901025,0.05827689992475545,812.0,0.03553654125409717
21235,2021-01-10,Queens,1537,140654,25001,2926026,0.06147754089836407,836.0,0.034506167506082784
21236,2021-01-11,Queens,1830,142484,23615,2949641,0.07749311878043616,865.0,0.034295099906605654
21237,2021-01-12,Queens,1742,144226,23892,2973533,0.07291143478988783,868.0,0.034027487044651555
21238,2021-01-13,Queens,1537,145763,25256,2998789,0.06085682610072854,847.0,0.033305404621491536
21239,2021-01-14,Queens,2265,148028,37559,3036348,0.06030511994462046,878.0,0.032585626115804386
21240,2021-01-15,Queens,1788,149816,32470,3068818,0.05506621496766246,874.0,0.03188479681474678
21241,2021-01-16,Queens,1684,151500,29938,3098756,0.05624958247043891,884.0,0.03173998842515275
21242,2021-01-17,Queens,1519,153019,24078,3122834,0.06308663510258328,883.0,0.031854923725454114
21243,2021-01-18,Queens,1669,154688,25044,3147878,0.06664270883245488,871.0,0.031079894443455453
21244,2021-01-19,Queens,2722,157410,33457,3181335,0.08135816122186687,941.0,0.031683232045739675
21245,2021-01-20,Queens,1455,158865,23754,3205089,0.0612528416266734,935.0,0.031711518869021446
21246,2021-01-21,Queens,1798,160663,30448,3235537,0.059051497635312665,902.0,0.0316219744183566
21247,2021-01-22,Queens,1792,162455,31137,3266674,0.05755210842406141,902.0,0.03179953823667082
21248,2021-01-23,Queens,1764,164219,32177,3298851,0.05482176710072412,908.0,0.03169755142454833
21249,2021-01-24,Queens,1591,165810,32393,3331244,0.049115549655789834,913.0,0.03069961674977737
21250,2021-01-25,Queens,1532,167342,20091,3351335,0.07625304862873923,903.0,0.03138606959236911
21251,2021-01-26,Queens,1442,168784,23996,3375331,0.060093348891481914,812.0,0.029867154425913037
21252,2021-01-27,Queens,1770,170554,30534,3405865,0.05796816663391629,834.0,0.029632534783573247
21253,2021-01-28,Queens,1632,172186,30558,3436423,0.053406636559984295,823.0,0.029229330421049794
21254,2021-01-29,Queens,1810,173996,32427,3468850,0.05581768279520153,824.0,0.02910544287613123
21255,2021-01-30,Queens,1390,175386,30703,3499553,0.045272448946357034,797.0,0.028423348722247867
21256,2021-01-31,Queens,1198,176584,24549,3524102,0.04880035846673999,769.0,0.028400835065887163
21257,2021-02-01,Queens,1263,177847,19928,3544030,0.06337816138097149,750.0,0.027481200262475185
21258,2021-02-02,Queens,725,178572,13885,3557915,0.052214620093626214,699.0,0.026918433919771202
21259,2021-02-03,Queens,777,179349,15200,3573115,0.05111842105263158,628.0,0.02642916637825087
21260,2021-02-04,Queens,1051,180400,19311,3592426,0.05442493915385014,586.0,0.02650190227781271
21261,2021-02-05,Queens,1584,181984,28264,3620690,0.056043022926691194,570.0,0.02651799800149054
21262,2021-02-06,Queens,1433,183417,27829,3648519,0.05149304682166086,573.0,0.026962326421155102
21263,2021-02-07,Queens,1306,184723,26167,3674686,0.049910192226850614,581.0,0.027041600261163003
21264,2021-02-08,Queens,1259,185982,20671,3695357,0.060906584103333175,581.0,0.026865059027045984
21265,2021-02-09,Queens,834,186816,16939,3712296,0.049235492059743785,588.0,0.026652264167482956
21266,2021-02-10,Queens,1339,188155,30426,3742722,0.04400841385657004,629.0,0.02614440651062141
21267,2021-02-11,Queens,1200,189355,26675,3769397,0.04498594189315839,639.0,0.025470192420572
21268,2021-02-12,Queens,1200,190555,27284,3796681,0.04398182084738308,612.0,0.024608677986335706
21269,2021-02-13,Queens,1198,191753,27311,3823992,0.04386510929662041,595.0,0.024063825305975676
21270,2021-02-14,Queens,1044,192797,21102,3845094,0.049473983508672166,576.0,0.0240326675403915
21271,2021-02-15,Queens,1132,193929,19612,3864706,0.05771976341015705,567.0,0.023805037490878922
21272,2021-02-16,Queens,886,194815,15540,3880246,0.05701415701415701,571.0,0.024360656416194153
21273,2021-02-17,Queens,1000,195815,23426,3903672,0.042687612054981644,547.0,0.024266313430366414
21274,2021-02-18,Queens,1313,197128,26336,3930008,0.049855710814094775,555.0,0.02461415406757615
21275,2021-02-19,Queens,1133,198261,24943,3954951,0.04542356572986409,550.0,0.024717135844896227
21276,2021-02-20,Queens,953,199214,18857,3973808,0.050538261653497375,532.0,0.025193789584673148
21277,2021-02-21,Queens,1000,200214,18488,3992296,0.0540891389009087,529.0,0.025523443541261476
21278,2021-02-22,Queens,1060,201274,17997,4010293,0.058898705339778853,524.0,0.0256076536790916
21279,2021-02-23,Queens,898,202172,21579,4031872,0.04161453264748135,525.0,0.02450768051004334
21280,2021-02-24,Queens,1109,203281,27899,4059771,0.03975052869278469,533.0,0.024297888841314987
21281,2021-02-25,Queens,1111,204392,27222,4086993,0.040812578061861726,518.0,0.02365195078758406
21282,2021-02-26,Queens,1264,205656,32536,4119529,0.03884927464961888,528.0,0.023182358567566543
21283,2021-02-27,Queens,1068,206724,27767,4147296,0.03846292361436237,536.0,0.022319834421914042
21284,2021-02-28,Queens,1021,207745,23296,4170592,0.04382726648351648,537.0,0.021586843534957455
21285,2021-03-01,Queens,911,208656,15304,4185896,0.05952692106638787,527.0,0.021631716086858096
21286,2021-03-02,Queens,1167,209823,24055,4209951,0.04851382249012679,546.0,0.022124522504189913
21287,2021-03-03,Queens,1148,210971,28299,4238250,0.0405668044807237,549.0,0.022182827917614133
21288,2021-03-04,Queens,1300,212271,35818,4274068,0.03629460048020548,562.0,0.021860115233210114
21289,2021-03-05,Queens,1014,213285,27588,4301656,0.036755110917790344,544.0,0.021710532109508074
21290,2021-03-06,Queens,1020,214305,23391,4325047,0.043606515326407594,541.0,0.022077931517511303
21291,2021-03-07,Queens,877,215182,17996,4343043,0.04873305178928651,531.0,0.022428344753637735
21292,2021-03-08,Queens,1171,216353,23638,4366681,0.049538878077671544,549.0,0.021714913111586572
21293,2021-03-09,Queens,971,217324,20030,4386711,0.04847728407388917,535.0,0.021712303224712452
21294,2021-03-10,Queens,979,218303,24575,4411286,0.039837232960325535,523.0,0.02166019097325544
21295,2021-03-11,Queens,1404,219707,31029,4442315,0.045247993812240164,531.0,0.022299719068400774
21296,2021-03-12,Queens,977,220684,22629,4464944,0.043174687348093155,528.0,0.022758260241993834
21297,2021-03-13,Queens,1036,221720,19954,4484898,0.05191941465370352,529.0,0.023352038765372115
21298,2021-03-14,Queens,961,222681,16534,4501432,0.05812265634450224,535.0,0.02402272480503038
21299,2021-03-15,Queens,1102,223783,16165,4517597,0.0681719764924219,530.0,0.02535366040608398
21300,2021-03-16,Queens,1506,225289,35602,4553199,0.042300994326161453,568.0,0.024912496852674854
21301,2021-03-17,Queens,1201,226490,28224,4581423,0.042552437641723354,584.0,0.02510644004420327
21302,2021-03-18,Queens,1396,227886,29638,4611061,0.04710169377150955,584.0,0.025238847184151085
21303,2021-03-19,Queens,1098,228984,26665,4637726,0.0411775735983499,592.0,0.02509619620202657
21304,2021-03-20,Queens,1211,230195,26692,4664418,0.04536939907088266,605.0,0.024628337946110794
21305,2021-03-21,Queens,1217,231412,19779,4684197,0.06152990545528085,623.0,0.024871712882594977
21306,2021-03-22,Queens,1041,232453,16199,4700396,0.06426322612506945,619.0,0.024592516427784088
21307,2021-03-23,Queens,1097,233550,21525,4721921,0.050963995354239254,590.0,0.025211302215503932
21308,2021-03-24,Queens,1182,234732,27841,4749762,0.0424553715742969,588.0,0.02520436892497347
21309,2021-03-25,Queens,1276,236008,28073,4777835,0.04545292629929113,580.0,0.025086599819815012
21310,2021-03-26,Queens,1167,237175,25326,4803161,0.04607912816868041,585.0,0.025436710860552905
21311,2021-03-27,Queens,1661,238836,31827,4834988,0.0521883935023722,617.0,0.025923781891373586
21312,2021-03-28,Queens,1210,240046,25140,4860128,0.04813046937151949,616.0,0.02496667931396206
21313,2021-03-29,Queens,865,240911,15666,4875794,0.05521511553683135,604.0,0.024320385700516478
21314,2021-03-30,Queens,1273,242184,22926,4898720,0.055526476489575156,616.0,0.024646277210183334
21315,2021-03-31,Queens,1235,243419,25091,4923811,0.04922083615639074,620.0,0.025129524680332894
21316,2021-04-01,Queens,1111,244530,25668,4949479,0.043283465793984725,608.0,0.024974563215668148
21317,2021-04-02,Queens,1064,245594,23145,4972624,0.04597105206308058,601.0,0.02496684349383959
21318,2021-04-03,Queens,1061,246655,24049,4996673,0.04411825855544929,558.0,0.024390405283345094
21319,2021-04-04,Queens,1024,247679,19204,5015877,0.053322224536554885,545.0,0.02476124493799048
21320,2021-04-05,Queens,853,248532,16372,5032249,0.05210114830197899,544.0,0.024538818706929595
21321,2021-04-06,Queens,982,249514,22402,5054651,0.043835371841799836,523.0,0.02370373980351707
21322,2021-04-07,Queens,1150,250664,30131,5084782,0.038166672198068435,517.0,0.02291415666363691
21323,2021-04-08,Queens,1260,251924,32304,5117086,0.03900445765230312,528.0,0.022608513224945368
21324,2021-04-09,Queens,927,252851,28586,5145672,0.03242846148464283,518.0,0.02164118532648553
21325,2021-04-10,Queens,934,253785,25301,5170973,0.036915536935299,509.0,0.021126705210760505
21326,2021-04-11,Queens,691,254476,17923,5188896,0.03855381353568041,485.0,0.020071818710698044
21327,2021-04-12,Queens,756,255232,13640,5202536,0.055425219941348976,478.0,0.02030925239922447
21328,2021-04-13,Queens,744,255976,21264,5223800,0.034988713318284424,461.0,0.01967734821897337
21329,2021-04-14,Queens,849,256825,24861,5248661,0.03414987329552311,440.0,0.0193904340116487
21330,2021-04-15,Queens,913,257738,29158,5277819,0.031312161327937446,415.0,0.018840984274194013
21331,2021-04-16,Queens,1123,258861,37299,5315118,0.03010804579211239,429.0,0.018675240296156127
21332,2021-04-17,Queens,770,259631,25486,5340604,0.030212665777289493,417.0,0.01819646378486973
21333,2021-04-18,Queens,656,260287,18976,5359580,0.03456998313659359,415.0,0.017911904470649245
21334,2021-04-19,Queens,512,260799,12992,5372572,0.03940886699507389,397.0,0.016767879260201027
21335,2021-04-20,Queens,591,261390,20194,5392766,0.029266118649103695,386.0,0.016359122498116687
21336,2021-04-21,Queens,623,262013,27106,5419872,0.022983841215966944,370.0,0.015561548778148391
21337,2021-04-22,Queens,551,262564,25515,5445387,0.021595140113658633,344.0,0.014867475834271329
21338,2021-04-23,Queens,497,263061,24959,5470346,0.019912656757081613,300.0,0.01413923376034056
21339,2021-04-24,Queens,511,263572,25135,5495481,0.020330216829122737,281.0,0.013433344549757222
21340,2021-04-25,Queens,430,264002,17981,5513462,0.023914131583337966,265.0,0.01267221229595325
21341,2021-04-26,Queens,321,264323,11400,5524862,0.028157894736842104,251.0,0.011868571420365263
21342,2021-04-27,Queens,363,264686,17628,5542490,0.02059223961878829,235.0,0.011249008632485591
21343,2021-04-28,Queens,419,265105,26180,5568670,0.016004583651642475,220.0,0.010750490235033843
21344,2021-04-29,Queens,470,265575,26053,5594723,0.01804014892718689,215.0,0.010496562293143006
21345,2021-04-30,Queens,396,265971,25485,5620208,0.015538552089464391,207.0,0.01018412624545606
21346,2021-05-01,Queens,344,266315,20996,5641204,0.01638407315679177,195.0,0.009902258840289562
21347,2021-05-02,Queens,283,266598,16235,5657439,0.0174314752078842,185.0,0.00943921195632858
21348,2021-05-03,Queens,238,266836,10481,5667920,0.0227077568934262,179.0,0.009049916396084587
21349,2021-05-04,Queens,285,267121,19763,5687683,0.014420887517077367,173.0,0.008609105531676663
21350,2021-05-05,Queens,293,267414,21807,5709490,0.013436052643646536,164.0,0.008425639031105525
21351,2021-05-06,Queens,238,267652,22261,5731751,0.010691343605408563,148.0,0.007900724365264216
21352,2021-05-07,Queens,330,267982,26508,5758259,0.01244907197827071,143.0,0.007680047214464668
21353,2021-05-08,Queens,242,268224,20755,5779014,0.011659841002168152,136.0,0.007342602060562981
21354,2021-05-09,Queens,199,268423,15455,5794469,0.012876091879650598,130.0,0.007017217537117724
21355,2021-05-10,Queens,195,268618,10202,5804671,0.01911389923544403,127.0,0.006760513418690425
21356,2021-05-11,Queens,179,268797,17662,5822333,0.01013475257615219,119.0,0.006454360922910056
21357,2021-05-12,Queens,242,269039,24020,5846353,0.010074937552039967,116.0,0.006214281273509586
21358,2021-05-13,Queens,216,269255,25171,5871524,0.008581303881450876,114.0,0.006063564150369751
21359,2021-05-14,Queens,196,269451,21917,5893441,0.008942829766847652,104.0,0.005813118278125247
21360,2021-05-15,Queens,183,269634,18486,5911927,0.009899383317104837,100.0,0.005687371300620725
21361,2021-05-16,Queens,153,269787,15175,5927102,0.010082372322899505,97.0,0.005487819903709933
21362,2021-05-17,Queens,136,269923,11201,5938303,0.012141773055977145,93.0,0.00498981089089087
21363,2021-05-18,Queens,124,270047,16567,5954870,0.007484758857970664,89.0,0.004800525625306475
21364,2021-05-19,Queens,139,270186,21970,5976840,0.006326809285389167,81.0,0.004532802177688561
21365,2021-05-20,Queens,143,270329,21166,5998006,0.006756118302938675,76.0,0.004402431779223404
21366,2021-05-21,Queens,131,270460,21559,6019565,0.0060763486247043,72.0,0.004197683126213164
21367,2021-05-22,Queens,118,270578,18665,6038230,0.006321993035092419,67.0,0.003942155248926563
21368,2021-05-23,Queens,91,270669,13339,6051569,0.006822100607241922,63.0,0.003709278697808164
21369,2021-05-24,Queens,98,270767,9429,6060998,0.010393466963622866,60.0,0.0035843996912114295
21370,2021-05-25,Queens,96,270863,15851,6076849,0.006056400227115008,58.0,0.0034823740747217395
21371,2021-05-26,Queens,122,270985,21471,6098320,0.005682082809370779,57.0,0.003436322183577569
21372,2021-05-27,Queens,98,271083,20195,6118515,0.004852686308492201,53.0,0.003300362755402821
21373,2021-05-28,Queens,102,271185,19189,6137704,0.005315545364531763,51.0,0.0032460196653904968
21374,2021-05-29,Queens,62,271247,17158,6154862,0.0036134747639585034,47.0,0.003052554074595217
21375,2021-05-30,Queens,70,271317,11629,6166491,0.00601943417318772,46.0,0.00299522075787706
21376,2021-05-31,Queens,38,271355,6837,6173328,0.005557993271902881,42.0,0.002649829779897061
21377,2021-06-01,Queens,50,271405,7868,6181196,0.006354855109303508,38.0,0.002671147985767668
21378,2021-06-02,Queens,77,271482,15266,6196462,0.0050438883794052146,35.0,0.002625562669341556
21379,2021-06-03,Queens,85,271567,24476,6220938,0.0034727896715149534,34.0,0.002526998623843181
21380,2021-06-04,Queens,71,271638,18335,6239273,0.0038723752386146714,32.0,0.0024239150434205324
21381,2021-06-05,Queens,57,271695,14838,6254111,0.003841488071168621,32.0,0.002440201708221255
21382,2021-06-06,Queens,39,271734,11369,6265480,0.0034303808602339694,29.0,0.0022552693287245583
21383,2021-06-07,Queens,55,271789,8288,6273768,0.006636100386100386,31.0,0.002332276979738666
21384,2021-06-08,Queens,50,271839,14403,6288171,0.003471498993265292,31.0,0.002126322971450222
21385,2021-06-09,Queens,67,271906,18631,6306802,0.0035961569427298587,30.0,0.002022913583116268
21386,2021-06-10,Queens,40,271946,16572,6323374,0.0024137098720733766,27.0,0.0019472650260132982
21387,2021-06-11,Queens,55,272001,18414,6341788,0.002986857825567503,25.0,0.0018840137822242146
21388,2021-06-12,Queens,53,272054,17110,6358898,0.00309760374050263,25.0,0.0018308791871766443
21389,2021-06-13,Queens,36,272090,11870,6370768,0.0030328559393428814,25.0,0.0018024845499701376
21390,2021-06-14,Queens,53,272143,6988,6377756,0.0075844304522037775,25.0,0.001870222411834666
21391,2021-06-15,Queens,43,272186,13131,6390887,0.003274693473459752,24.0,0.0018561648747056985
21392,2021-06-16,Queens,59,272245,16663,6407550,0.003540778971373702,24.0,0.0018522093053231158
21393,2021-06-17,Queens,44,272289,15267,6422817,0.002882033143381149,24.0,0.0018856609675593854
21394,2021-06-18,Queens,75,272364,15707,6438524,0.004774941109059655,25.0,0.0020133812020945393
21395,2021-06-19,Queens,28,272392,14566,6453090,0.0019222847727584787,24.0,0.0019294298472556713
21396,2021-06-20,Queens,39,272431,10174,6463264,0.0038333005700805977,24.0,0.0019866044637369368
21397,2021-06-21,Queens,34,272465,7974,6471238,0.004263857536995234,23.0,0.0017494206840791835
21398,2021-06-22,Queens,50,272515,12554,6483792,0.003982794328500876,23.0,0.001799999316582121
21399,2021-06-23,Queens,48,272563,17091,6500883,0.00280849569949096,22.0,0.0017476933685904965
21400,2021-06-24,Queens,61,272624,13700,6514583,0.004452554744525547,23.0,0.0018598734829579533
21401,2021-06-25,Queens,51,272675,11931,6526514,0.004274578828262509,22.0,0.001824133320043872
21402,2021-06-26,Queens,50,272725,11239,6537753,0.004448794376723908,23.0,0.002004598291755688
21403,2021-06-27,Queens,43,272768,7641,6545394,0.005627535662871352,24.0,0.0021327579412407415
21404,2021-06-28,Queens,38,272806,7272,6552666,0.005225522552255226,24.0,0.002201448299473598
21405,2021-06-29,Queens,50,272856,10059,6562725,0.004970673029128144,24.0,0.002272011063804118
21406,2021-06-30,Queens,71,272927,10543,6573268,0.006734326093142369,26.0,0.002552427520493504
21407,2021-07-01,Queens,44,272971,9728,6582996,0.004523026315789474,24.0,0.002557461204155213
21408,2021-07-02,Queens,67,273038,9928,6592924,0.006748589846897663,25.0,0.002734176276914867
21409,2021-07-03,Queens,61,273099,9482,6602406,0.006433241932081839,26.0,0.0028759225308690045
21410,2021-07-04,Queens,54,273153,7477,6609883,0.007222147920288886,27.0,0.002989823406398829
21411,2021-07-05,Queens,44,273197,5258,6615141,0.008368200836820083,27.0,0.00321430042672489
21412,2021-07-06,Queens,89,273286,8343,6623484,0.010667625554356946,30.0,0.003621225607098375
21413,2021-07-07,Queens,124,273410,16043,6639527,0.007729227700554759,34.0,0.003692290007627832
21414,2021-07-08,Queens,105,273515,11884,6651411,0.008835408953214406,38.0,0.00400031733887247
21415,2021-07-09,Queens,106,273621,10514,6661925,0.010081795700970135,41.0,0.004238403471306218
21416,2021-07-10,Queens,109,273730,9244,6671169,0.011791432280398096,45.0,0.004621131353328809
21417,2021-07-11,Queens,74,273804,7643,6678812,0.009682062017532382,46.0,0.004796839503131914
21418,2021-07-12,Queens,122,273926,7922,6686734,0.015400151476899772,52.0,0.005299121691709036
21419,2021-07-13,Queens,116,274042,10339,6697073,0.01121965373827256,54.0,0.005338552276274436
21420,2021-07-14,Queens,130,274172,11802,6708875,0.011015082189459414,54.0,0.005573256168339056
21421,2021-07-15,Queens,132,274304,10406,6719281,0.012684989429175475,56.0,0.005848226202336273
21422,2021-07-16,Queens,149,274453,11490,6730771,0.012967798085291558,59.0,0.006054369229787805
21423,2021-07-17,Queens,125,274578,9948,6740719,0.012565339766787293,60.0,0.00610964833595846
21424,2021-07-18,Queens,101,274679,8428,6749147,0.011983863312766968,62.0,0.006274062714189503
21425,2021-07-19,Queens,173,274852,9961,6759108,0.01736773416323662,66.0,0.006414604334642136
21426,2021-07-20,Queens,202,275054,11584,6770692,0.017437845303867404,72.0,0.0068587608750417675
21427,2021-07-21,Queens,198,275252,12223,6782915,0.016198969156508224,77.0,0.007229038515545253
21428,2021-07-22,Queens,242,275494,13927,6796842,0.017376319379622317,85.0,0.007564133512005741
21429,2021-07-23,Queens,217,275711,13246,6810088,0.0163823040918013,89.0,0.007808026798185009
21430,2021-07-24,Queens,252,275963,12476,6822564,0.020198781660788714,98.0,0.00835327264775654
21431,2021-07-25,Queens,165,276128,8995,6831559,0.018343524180100056,103.0,0.008807534138280332
21432,2021-07-26,Queens,221,276349,10179,6841738,0.021711366538952746,106.0,0.009117793593688627
21433,2021-07-27,Queens,282,276631,13002,6854740,0.02168897092754961,112.0,0.00942144542395164
21434,2021-07-28,Queens,289,276920,14808,6869548,0.019516477579686657,119.0,0.009658410311321529
21435,2021-07-29,Queens,375,277295,15186,6884734,0.024693796918214144,128.0,0.010181087278363801
21436,2021-07-30,Queens,388,277683,16174,6900908,0.02398911833807345,140.0,0.010724431153097526
21437,2021-07-31,Queens,297,277980,12933,6913841,0.022964509394572025,144.0,0.010921983134082047
21438,2021-08-01,Queens,295,278275,10691,6924532,0.027593302778037603,153.0,0.011582681605363304
21439,2021-08-02,Queens,367,278642,11669,6936201,0.03145085268660554,163.0,0.012278359187338503
21440,2021-08-03,Queens,401,279043,16473,6952674,0.024342864080616766,172.0,0.012467922983986158
21441,2021-08-04,Queens,445,279488,18664,6971338,0.02384269181311616,183.0,0.012776938286373978
21442,2021-08-05,Queens,480,279968,18978,6990316,0.025292443882390134,190.0,0.01281969878381512
21443,2020-03-01,Rensselaer,0,0,0,0,,,
21444,2020-03-02,Rensselaer,0,0,0,0,,,
21445,2020-03-03,Rensselaer,0,0,0,0,,,
21446,2020-03-04,Rensselaer,0,0,2,2,0.0,,
21447,2020-03-05,Rensselaer,0,0,0,2,,,
21448,2020-03-06,Rensselaer,0,0,0,2,,,
21449,2020-03-07,Rensselaer,0,0,2,4,0.0,0.0,
21450,2020-03-08,Rensselaer,0,0,0,4,,0.0,
21451,2020-03-09,Rensselaer,0,0,1,5,0.0,0.0,
21452,2020-03-10,Rensselaer,0,0,1,6,0.0,0.0,
21453,2020-03-11,Rensselaer,0,0,1,7,0.0,0.0,
21454,2020-03-12,Rensselaer,0,0,2,9,0.0,0.0,
21455,2020-03-13,Rensselaer,0,0,11,20,0.0,0.0,
21456,2020-03-14,Rensselaer,0,0,40,60,0.0,0.0,
21457,2020-03-15,Rensselaer,0,0,50,110,0.0,0.0,0.0
21458,2020-03-16,Rensselaer,1,1,39,149,0.02564102564102564,0.0,0.0018315018315018315
21459,2020-03-17,Rensselaer,3,4,70,219,0.04285714285714286,0.0,0.004892726321297751
21460,2020-03-18,Rensselaer,2,6,136,355,0.014705882352941176,0.0,0.005943146489364977
21461,2020-03-19,Rensselaer,2,8,156,511,0.01282051282051282,0.0,0.006858897405115892
21462,2020-03-20,Rensselaer,12,20,166,677,0.07228915662650602,1.0,0.012022408592723464
21463,2020-03-21,Rensselaer,6,26,173,850,0.03468208092485549,1.0,0.014499700087355998
21464,2020-03-22,Rensselaer,3,29,78,928,0.038461538461538464,2.0,0.017246952834608746
21465,2020-03-23,Rensselaer,1,30,47,975,0.02127659574468085,2.0,0.016935207842012693
21466,2020-03-24,Rensselaer,1,31,26,1001,0.038461538461538464,1.0,0.016621236099469524
21467,2020-03-25,Rensselaer,1,32,22,1023,0.045454545454545456,1.0,0.01881756917815554
21468,2020-03-26,Rensselaer,3,35,26,1049,0.11538461538461539,1.0,0.026143576504162862
21469,2020-03-27,Rensselaer,3,38,37,1086,0.08108108108108109,1.0,0.026771571108061085
21470,2020-03-28,Rensselaer,1,39,12,1098,0.08333333333333333,0.0,0.03024666056580951
21471,2020-03-29,Rensselaer,1,40,25,1123,0.04,0.0,0.03035655067569961
21472,2020-03-30,Rensselaer,1,41,20,1143,0.05,0.0,0.03240822240822241
21473,2020-03-31,Rensselaer,2,43,19,1162,0.10526315789473684,0.0,0.03717976665345086
21474,2020-04-01,Rensselaer,10,53,42,1204,0.23809523809523808,1.0,0.05093981612778605
21475,2020-04-02,Rensselaer,3,56,31,1235,0.0967741935483871,1.0,0.049610500282341166
21476,2020-04-03,Rensselaer,2,58,18,1253,0.1111111111111111,1.0,0.05175550242734333
21477,2020-04-04,Rensselaer,2,60,48,1301,0.041666666666666664,1.0,0.04877931195115285
21478,2020-04-05,Rensselaer,2,62,29,1330,0.06896551724137931,1.0,0.05084827746839422
21479,2020-04-06,Rensselaer,5,67,30,1360,0.16666666666666666,1.0,0.05918161080172756
21480,2020-04-07,Rensselaer,8,75,53,1413,0.1509433962264151,2.0,0.062444484968276
21481,2020-04-08,Rensselaer,4,79,52,1465,0.07692307692307693,1.0,0.050932187741693065
21482,2020-04-09,Rensselaer,12,91,101,1566,0.1188118811881188,2.0,0.05250630828738818
21483,2020-04-10,Rensselaer,5,96,40,1606,0.125,2.0,0.05349837177945167
21484,2020-04-11,Rensselaer,9,105,65,1671,0.13846153846153847,3.0,0.06041229119337109
21485,2020-04-12,Rensselaer,8,113,61,1732,0.13114754098360656,3.0,0.06485386431781588
21486,2020-04-13,Rensselaer,7,120,79,1811,0.08860759493670886,3.0,0.05927821633710462
21487,2020-04-14,Rensselaer,4,124,42,1853,0.09523809523809523,3.0,0.05529926626651035
21488,2020-04-15,Rensselaer,13,137,106,1959,0.12264150943396226,4.0,0.05856486858871645
21489,2020-04-16,Rensselaer,13,150,100,2059,0.13,4.0,0.05936401993242224
21490,2020-04-17,Rensselaer,14,164,135,2194,0.1037037037037037,4.0,0.05784285591125823
21491,2020-04-18,Rensselaer,9,173,117,2311,0.07692307692307693,4.0,0.053447251515653826
21492,2020-04-19,Rensselaer,4,177,51,2362,0.0784313725490196,4.0,0.049681810913183334
21493,2020-04-20,Rensselaer,6,183,50,2412,0.12,4.0,0.051924125560561266
21494,2020-04-21,Rensselaer,3,186,49,2461,0.061224489795918366,4.0,0.04949458231469149
21495,2020-04-22,Rensselaer,5,191,52,2513,0.09615384615384616,3.0,0.047602606366111765
21496,2020-04-23,Rensselaer,7,198,80,2593,0.0875,3.0,0.04456689208039749
21497,2020-04-24,Rensselaer,23,221,209,2802,0.11004784688995216,4.0,0.04502004516512951
21498,2020-04-25,Rensselaer,21,242,151,2953,0.1390728476821192,4.0,0.0494593145050611
21499,2020-04-26,Rensselaer,4,246,83,3036,0.04819277108433735,4.0,0.04729941440044094
21500,2020-04-27,Rensselaer,4,250,39,3075,0.10256410256410256,4.0,0.04605399315501969
21501,2020-04-28,Rensselaer,12,262,91,3166,0.13186813186813187,5.0,0.05109996758874923
21502,2020-04-29,Rensselaer,25,287,142,3308,0.176056338028169,6.0,0.05680728843691515
21503,2020-04-30,Rensselaer,11,298,101,3409,0.10891089108910891,7.0,0.058336637800422926
21504,2020-05-01,Rensselaer,13,311,112,3521,0.11607142857142858,6.0,0.0587668936348141
21505,2020-05-02,Rensselaer,11,322,170,3691,0.06470588235294118,5.0,0.05345496753987282
21506,2020-05-03,Rensselaer,15,337,148,3839,0.10135135135135136,6.0,0.057252008987516666
21507,2020-05-04,Rensselaer,2,339,71,3910,0.028169014084507043,6.0,0.051938074096117
21508,2020-05-05,Rensselaer,8,347,126,4036,0.06349206349206349,6.0,0.047054069212112117
21509,2020-05-06,Rensselaer,20,367,159,4195,0.12578616352201258,5.0,0.04346334246167237
21510,2020-05-07,Rensselaer,13,380,194,4389,0.06701030927835051,5.0,0.04047044376090391
21511,2020-05-08,Rensselaer,27,407,187,4576,0.1443850267379679,6.0,0.042492843629942434
21512,2020-05-09,Rensselaer,2,409,248,4824,0.008064516129032258,6.0,0.03844703175680608
21513,2020-05-10,Rensselaer,2,411,62,4886,0.03225806451612903,5.0,0.03351179698286163
21514,2020-05-11,Rensselaer,5,416,91,4977,0.054945054945054944,5.0,0.03542437133004362
21515,2020-05-12,Rensselaer,4,420,429,5406,0.009324009324009324,5.0,0.03155522460375404
21516,2020-05-13,Rensselaer,3,423,278,5684,0.01079136690647482,4.0,0.023341310559787054
21517,2020-05-14,Rensselaer,5,428,204,5888,0.024509803921568627,3.0,0.02030556017715978
21518,2020-05-15,Rensselaer,10,438,225,6113,0.044444444444444446,2.0,0.013166947156193818
21519,2020-05-16,Rensselaer,1,439,113,6226,0.008849557522123894,2.0,0.01322302154141465
21520,2020-05-17,Rensselaer,5,444,198,6424,0.025252525252525252,2.0,0.012722625879728664
21521,2020-05-18,Rensselaer,0,444,76,6500,0.0,2.0,0.008797979097939026
21522,2020-05-19,Rensselaer,9,453,292,6792,0.030821917808219176,2.0,0.010333543989668301
21523,2020-05-20,Rensselaer,3,456,403,7195,0.007444168734491315,2.0,0.010094458405955192
21524,2020-05-21,Rensselaer,4,460,379,7574,0.010554089709762533,2.0,0.009097621676540473
21525,2020-05-22,Rensselaer,3,463,386,7960,0.007772020725388601,1.0,0.006478162839465055
21526,2020-05-23,Rensselaer,0,463,363,8323,0.0,1.0,0.005846051587884776
21527,2020-05-24,Rensselaer,2,465,123,8446,0.016260162601626018,1.0,0.005203739969963403
21528,2020-05-25,Rensselaer,1,466,158,8604,0.006329113924050633,1.0,0.005655819535967019
21529,2020-05-26,Rensselaer,0,466,150,8754,0.0,0.0,0.0034542539782370786
21530,2020-05-27,Rensselaer,3,469,405,9159,0.007407407407407408,0.0,0.0034516281691596568
21531,2020-05-28,Rensselaer,9,478,319,9478,0.02821316614420063,1.0,0.00471299077161952
21532,2020-05-29,Rensselaer,8,486,337,9815,0.02373887240356083,1.0,0.005853480177203252
21533,2020-05-30,Rensselaer,5,491,313,10128,0.01597444089456869,2.0,0.006994511669672444
21534,2020-05-31,Rensselaer,1,492,274,10402,0.0036496350364963502,1.0,0.006093759700734611
21535,2020-06-01,Rensselaer,1,493,168,10570,0.005952380952380952,1.0,0.006066850202758205
21536,2020-06-02,Rensselaer,2,495,426,10996,0.004694835680751174,2.0,0.006402195608526145
21537,2020-06-03,Rensselaer,0,495,312,11308,0.0,1.0,0.0058730950794256154
21538,2020-06-04,Rensselaer,2,497,592,11900,0.0033783783783783786,1.0,0.0040991816675811695
21539,2020-06-05,Rensselaer,2,499,332,12232,0.006024096385542169,0.0,0.0028338405234369793
21540,2020-06-06,Rensselaer,3,502,421,12653,0.007125890736342043,0.0,0.0022018012264207903
21541,2020-06-07,Rensselaer,1,503,517,13170,0.0019342359767891683,0.0,0.0020792727221559918
21542,2020-06-08,Rensselaer,2,505,182,13352,0.01098901098901099,0.0,0.0024390320104867086
21543,2020-06-09,Rensselaer,2,507,316,13668,0.006329113924050633,0.0,0.0025557661707223847
21544,2020-06-10,Rensselaer,1,508,299,13967,0.0033444816053511705,0.0,0.0027946577139617537
21545,2020-06-11,Rensselaer,2,510,665,14632,0.0030075187969924814,0.0,0.002768167743862761
21546,2020-06-12,Rensselaer,1,511,261,14893,0.0038314176245210726,0.0,0.0026115478323612547
21547,2020-06-13,Rensselaer,2,513,262,15155,0.007633587786259542,0.0,0.0026478119073553613
21548,2020-06-14,Rensselaer,1,514,309,15464,0.003236245954692557,0.0,0.002740812620062746
21549,2020-06-15,Rensselaer,0,514,252,15716,0.0,0.0,0.0019558832637048182
21550,2020-06-16,Rensselaer,1,515,199,15915,0.005025125628140704,0.0,0.0018627412425683948
21551,2020-06-17,Rensselaer,0,515,383,16298,0.0,0.0,0.0016238496993290254
21552,2020-06-18,Rensselaer,4,519,413,16711,0.009685230024213076,0.0,0.002100829072701925
21553,2020-06-19,Rensselaer,2,521,374,17085,0.0053475935828877,0.0,0.0022091273554423986
21554,2020-06-20,Rensselaer,3,524,401,17486,0.007481296758104738,0.0,0.0021982494248599127
21555,2020-06-21,Rensselaer,4,528,361,17847,0.0110803324099723,1.0,0.0027585413145227514
21556,2020-06-22,Rensselaer,5,533,197,18044,0.025380710659898477,1.0,0.004571449218801213
21557,2020-06-23,Rensselaer,1,534,277,18321,0.0036101083032490976,1.0,0.0044703765527375275
21558,2020-06-24,Rensselaer,7,541,450,18771,0.015555555555555555,1.0,0.005581487663848639
21559,2020-06-25,Rensselaer,8,549,350,19121,0.022857142857142857,2.0,0.006522338580486481
21560,2020-06-26,Rensselaer,1,550,468,19589,0.002136752136752137,2.0,0.006292992762905369
21561,2020-06-27,Rensselaer,1,551,359,19948,0.002785515320334262,1.0,0.005957579803064621
21562,2020-06-28,Rensselaer,2,553,375,20323,0.005333333333333333,1.0,0.00554707986901898
21563,2020-06-29,Rensselaer,0,553,306,20629,0.0,1.0,0.0037341719647405176
21564,2020-06-30,Rensselaer,2,555,195,20824,0.010256410256410256,1.0,0.004208907818537743
21565,2020-07-01,Rensselaer,1,556,287,21111,0.003484320557491289,1.0,0.0033466767472474382
21566,2020-07-02,Rensselaer,3,559,425,21536,0.007058823529411765,0.0,0.0022182253666952175
21567,2020-07-03,Rensselaer,4,563,612,22148,0.006535947712418301,0.0,0.0025324536220999437
21568,2020-07-04,Rensselaer,2,565,475,22623,0.004210526315789474,1.0,0.0026342401217753155
21569,2020-07-05,Rensselaer,3,568,389,23012,0.007712082262210797,1.0,0.002804150759552277
21570,2020-07-06,Rensselaer,3,571,162,23174,0.018518518518518517,1.0,0.0041269020823036
21571,2020-07-07,Rensselaer,9,580,304,23478,0.029605263157894735,1.0,0.005508963003838206
21572,2020-07-08,Rensselaer,6,586,399,23877,0.015037593984962405,2.0,0.006334196820086143
21573,2020-07-09,Rensselaer,2,588,252,24129,0.007936507936507936,2.0,0.006396888563450155
21574,2020-07-10,Rensselaer,5,593,331,24460,0.015105740181268883,2.0,0.007009016596939481
21575,2020-07-11,Rensselaer,23,616,378,24838,0.06084656084656084,3.0,0.011054447634851722
21576,2020-07-12,Rensselaer,1,617,317,25155,0.0031545741324921135,3.0,0.010728911339871817
21577,2020-07-13,Rensselaer,8,625,416,25571,0.019230769230769232,3.0,0.010779786390746867
21578,2020-07-14,Rensselaer,7,632,409,25980,0.017114914425427872,3.0,0.00988761862414209
21579,2020-07-15,Rensselaer,7,639,495,26475,0.014141414141414142,3.0,0.00982360577817436
21580,2020-07-16,Rensselaer,4,643,442,26917,0.00904977375565611,3.0,0.009903124765256371
21581,2020-07-17,Rensselaer,7,650,358,27275,0.019553072625698324,4.0,0.010220791368429903
21582,2020-07-18,Rensselaer,1,651,225,27500,0.0044444444444444444,2.0,0.006192068768278732
21583,2020-07-19,Rensselaer,2,653,295,27795,0.006779661016949152,2.0,0.006451003545739948
21584,2020-07-20,Rensselaer,5,658,476,28271,0.01050420168067227,2.0,0.005827677292161594
21585,2020-07-21,Rensselaer,10,668,558,28829,0.017921146953405017,2.0,0.0058852653298742475
21586,2020-07-22,Rensselaer,1,669,486,29315,0.00205761316872428,2.0,0.005022136688967829
21587,2020-07-23,Rensselaer,7,676,429,29744,0.016317016317016316,2.0,0.0055412254433507
21588,2020-07-24,Rensselaer,5,681,396,30140,0.012626262626262626,2.0,0.005046453300533865
21589,2020-07-25,Rensselaer,3,684,364,30504,0.008241758241758242,2.0,0.005317690000341993
21590,2020-07-26,Rensselaer,3,687,624,31128,0.004807692307692308,2.0,0.0051768350925379325
21591,2020-07-27,Rensselaer,3,690,356,31484,0.008426966292134831,2.0,0.00502846113621383
21592,2020-07-28,Rensselaer,4,694,345,31829,0.011594202898550725,1.0,0.004576536560867095
21593,2020-07-29,Rensselaer,24,718,309,32138,0.07766990291262135,3.0,0.009977414399716885
21594,2020-07-30,Rensselaer,6,724,413,32551,0.014527845036319613,3.0,0.009849616451095692
21595,2020-07-31,Rensselaer,10,734,478,33029,0.02092050209205021,3.0,0.010442062127223376
21596,2020-08-01,Rensselaer,2,736,265,33294,0.007547169811320755,3.0,0.010392448667906413
21597,2020-08-02,Rensselaer,4,740,293,33587,0.013651877133105802,3.0,0.011024176155435949
21598,2020-08-03,Rensselaer,8,748,491,34078,0.016293279022403257,4.0,0.011586055636169408
21599,2020-08-04,Rensselaer,7,755,480,34558,0.014583333333333334,4.0,0.011799564952939592
21600,2020-08-05,Rensselaer,3,758,431,34989,0.0069605568445475635,2.0,0.00674889737664861
21601,2020-08-06,Rensselaer,1,759,371,35360,0.0026954177897574125,2.0,0.005903724001894166
21602,2020-08-07,Rensselaer,2,761,241,35601,0.008298755186721992,1.0,0.00500217065151358
21603,2020-08-08,Rensselaer,4,765,435,36036,0.009195402298850575,2.0,0.005119901543479994
21604,2020-08-09,Rensselaer,1,766,282,36318,0.0035460992907801418,1.0,0.004398060269028162
21605,2020-08-10,Rensselaer,4,770,435,36753,0.009195402298850575,1.0,0.0038910690744886852
21606,2020-08-11,Rensselaer,10,780,608,37361,0.01644736842105263,1.0,0.004024214437897206
21607,2020-08-12,Rensselaer,2,782,610,37971,0.003278688524590164,1.0,0.0037612238436145347
21608,2020-08-13,Rensselaer,3,785,520,38491,0.0057692307692307696,1.0,0.003980781913576917
21609,2020-08-14,Rensselaer,4,789,420,38911,0.009523809523809525,2.0,0.004068285794797456
21610,2020-08-15,Rensselaer,6,795,637,39548,0.009419152276295133,2.0,0.004084267936043496
21611,2020-08-16,Rensselaer,0,795,304,39852,0.0,2.0,0.0038309751295592
21612,2020-08-17,Rensselaer,6,801,422,40274,0.014218009478672985,2.0,0.004189732785260801
21613,2020-08-18,Rensselaer,3,804,439,40713,0.00683371298405467,1.0,0.0035030431111895176
21614,2020-08-19,Rensselaer,5,809,475,41188,0.010526315789473684,1.0,0.004020730772966912
21615,2020-08-20,Rensselaer,1,810,593,41781,0.0016863406408094434,1.0,0.00372909576379396
21616,2020-08-21,Rensselaer,3,813,498,42279,0.006024096385542169,1.0,0.0034791162539177206
21617,2020-08-22,Rensselaer,4,817,563,42842,0.007104795737122558,1.0,0.003313805072548251
21618,2020-08-23,Rensselaer,1,818,310,43152,0.0032258064516129032,1.0,0.0035442198190920294
21619,2020-08-24,Rensselaer,1,819,363,43515,0.0027548209366391185,1.0,0.002725420637518182
21620,2020-08-25,Rensselaer,3,822,392,43907,0.007653061224489796,1.0,0.0027839455118349762
21621,2020-08-26,Rensselaer,1,823,343,44250,0.0029154518950437317,1.0,0.002240312376518551
21622,2020-08-27,Rensselaer,3,826,564,44814,0.005319148936170213,1.0,0.002499798683330035
21623,2020-08-28,Rensselaer,4,830,405,45219,0.009876543209876543,1.0,0.0027749734564967757
21624,2020-08-29,Rensselaer,3,833,708,45927,0.00423728813559322,1.0,0.0025701514849589663
21625,2020-08-30,Rensselaer,5,838,311,46238,0.01607717041800643,1.0,0.0034881060539870756
21626,2020-08-31,Rensselaer,3,841,309,46547,0.009708737864077669,1.0,0.003984814405946972
21627,2020-09-01,Rensselaer,3,844,446,46993,0.006726457399103139,1.0,0.003918628418419353
21628,2020-09-02,Rensselaer,4,848,501,47494,0.007984031936127744,1.0,0.004280669849925354
21629,2020-09-03,Rensselaer,6,854,379,47873,0.0158311345646438,2.0,0.005031525966244897
21630,2020-09-04,Rensselaer,4,858,540,48413,0.007407407407407408,2.0,0.004855159123211386
21631,2020-09-05,Rensselaer,1,859,485,48898,0.002061855670103093,1.0,0.004699771089962091
21632,2020-09-06,Rensselaer,1,860,217,49115,0.004608294930875576,1.0,0.0038805656980241735
21633,2020-09-07,Rensselaer,5,865,284,49399,0.017605633802816902,1.0,0.004444629693648405
21634,2020-09-08,Rensselaer,1,866,262,49661,0.003816793893129771,1.0,0.004236796586078878
21635,2020-09-09,Rensselaer,1,867,295,49956,0.003389830508474576,1.0,0.003908639341246509
21636,2020-09-10,Rensselaer,3,870,600,50556,0.005,1.0,0.0031349868723433805
21637,2020-09-11,Rensselaer,6,876,492,51048,0.012195121951219513,1.0,0.0034769664826156737
21638,2020-09-12,Rensselaer,3,879,407,51455,0.007371007371007371,1.0,0.003856191604108837
21639,2020-09-13,Rensselaer,0,879,501,51956,0.0,1.0,0.003527027680474867
21640,2020-09-14,Rensselaer,5,884,498,52454,0.010040160642570281,1.0,0.002986636740457251
21641,2020-09-15,Rensselaer,3,887,357,52811,0.008403361344537815,1.0,0.0033142487012721112
21642,2020-09-16,Rensselaer,5,892,260,53071,0.019230769230769232,1.0,0.004445744324293158
21643,2020-09-17,Rensselaer,3,895,571,53642,0.005253940455341506,1.0,0.004463882928246122
21644,2020-09-18,Rensselaer,1,896,397,54039,0.0025188916876574307,1.0,0.003772723623705974
21645,2020-09-19,Rensselaer,3,899,808,54847,0.0037128712871287127,1.0,0.0035114281891432124
21646,2020-09-20,Rensselaer,2,901,309,55156,0.006472491909385114,1.0,0.003973749039813577
21647,2020-09-21,Rensselaer,0,901,445,55601,0.0,1.0,0.003256594708201415
21648,2020-09-22,Rensselaer,1,902,286,55887,0.0034965034965034965,1.0,0.0029061048619132496
21649,2020-09-23,Rensselaer,1,903,460,56347,0.002173913043478261,0.0,0.0016877579913924657
21650,2020-09-24,Rensselaer,2,905,505,56852,0.0039603960396039604,0.0,0.0015953619616969267
21651,2020-09-25,Rensselaer,3,908,649,57501,0.004622496147919877,0.0,0.0017456194231442444
21652,2020-09-26,Rensselaer,3,911,585,58086,0.005128205128205128,0.0,0.0018467146975068454
21653,2020-09-27,Rensselaer,2,913,342,58428,0.005847953216374269,0.0,0.0018021047908632138
21654,2020-09-28,Rensselaer,3,916,369,58797,0.008130081300813009,1.0,0.002382824883778429
21655,2020-09-29,Rensselaer,3,919,1882,60679,0.001594048884165781,1.0,0.002246935268611449
21656,2020-09-30,Rensselaer,4,923,2239,62918,0.001786511835640911,1.0,0.002219263753765924
21657,2020-10-01,Rensselaer,8,931,1480,64398,0.005405405405405406,1.0,0.0023224787084660274
21658,2020-10-02,Rensselaer,6,937,1930,66328,0.0031088082901554403,2.0,0.0022143581471971386
21659,2020-10-03,Rensselaer,7,944,619,66947,0.011308562197092083,2.0,0.002655812223546207
21660,2020-10-04,Rensselaer,1,945,215,67162,0.004651162790697674,2.0,0.002570327193140736
21661,2020-10-05,Rensselaer,7,952,404,67566,0.017326732673267328,2.0,0.003227230862601759
21662,2020-10-06,Rensselaer,5,957,2055,69621,0.0024330900243309003,2.0,0.003287162372613553
21663,2020-10-07,Rensselaer,1,958,2408,72029,0.0004152823920265781,2.0,0.0031892174123553866
21664,2020-10-08,Rensselaer,6,964,1612,73641,0.0037220843672456576,2.0,0.0030689801953439756
21665,2020-10-09,Rensselaer,6,970,2154,75795,0.002785515320334262,2.0,0.0030458878403567488
21666,2020-10-10,Rensselaer,10,980,692,76487,0.014450867052023121,2.0,0.003270338187137537
21667,2020-10-11,Rensselaer,5,985,540,77027,0.009259259259259259,2.0,0.003599487934891936
21668,2020-10-12,Rensselaer,9,994,440,77467,0.020454545454545454,3.0,0.0038229031335546594
21669,2020-10-13,Rensselaer,8,1002,1599,79066,0.0050031269543464665,3.0,0.004006477199984343
21670,2020-10-14,Rensselaer,5,1007,2540,81606,0.001968503937007874,3.0,0.004117421596054435
21671,2020-10-15,Rensselaer,13,1020,1815,83421,0.007162534435261708,4.0,0.004363168029484154
21672,2020-10-16,Rensselaer,1,1021,764,84185,0.0013089005235602095,3.0,0.0042576955440002924
21673,2020-10-17,Rensselaer,6,1027,818,85003,0.007334963325183374,3.0,0.0037494167063688816
21674,2020-10-18,Rensselaer,7,1034,338,85341,0.020710059171597635,3.0,0.004567330985821623
21675,2020-10-19,Rensselaer,6,1040,442,85783,0.013574660633484163,3.0,0.0040759106414601015
21676,2020-10-20,Rensselaer,7,1047,2034,87817,0.00344149459193707,3.0,0.003964365472716573
21677,2020-10-21,Rensselaer,11,1058,2518,90335,0.004368546465448769,3.0,0.004135797081890923
21678,2020-10-22,Rensselaer,6,1064,984,91319,0.006097560975609756,3.0,0.004059727549058641
21679,2020-10-23,Rensselaer,9,1073,2668,93987,0.003373313343328336,3.0,0.004207185607613508
21680,2020-10-24,Rensselaer,7,1080,4893,98880,0.001430615164520744,3.0,0.0037854464532804622
21681,2020-10-25,Rensselaer,8,1088,296,99176,0.02702702702702703,3.0,0.004236658442953991
21682,2020-10-26,Rensselaer,6,1094,569,99745,0.01054481546572935,3.0,0.004020240930971504
21683,2020-10-27,Rensselaer,5,1099,526,100271,0.009505703422053232,3.0,0.00445339870455123
21684,2020-10-28,Rensselaer,11,1110,1019,101290,0.010794896957801767,3.0,0.004912423739719301
21685,2020-10-29,Rensselaer,1,1111,1702,102992,0.0005875440658049354,3.0,0.00451885110330467
21686,2020-10-30,Rensselaer,5,1116,2365,105357,0.0021141649048625794,3.0,0.004428911929128546
21687,2020-10-31,Rensselaer,8,1124,2407,107764,0.0033236393851267137,3.0,0.004564127944886115
21688,2020-11-01,Rensselaer,7,1131,421,108185,0.0166270783847981,3.0,0.003821274470441191
21689,2020-11-02,Rensselaer,4,1135,516,108701,0.007751937984496124,2.0,0.003621783221781675
21690,2020-11-03,Rensselaer,7,1142,2052,110753,0.00341130604288499,3.0,0.003186469123269658
21691,2020-11-04,Rensselaer,19,1161,868,111621,0.021889400921658985,3.0,0.003978933692116602
21692,2020-11-05,Rensselaer,14,1175,1527,113148,0.0091683038637852,4.0,0.004591845106258049
21693,2020-11-06,Rensselaer,9,1184,2444,115592,0.0036824877250409165,4.0,0.004703868164842216
21694,2020-11-07,Rensselaer,14,1198,858,116450,0.016317016317016316,5.0,0.005631966517120045
21695,2020-11-08,Rensselaer,15,1213,2238,118688,0.006702412868632708,5.0,0.004923061837393946
21696,2020-11-09,Rensselaer,17,1230,585,119273,0.02905982905982906,6.0,0.006445054057060584
21697,2020-11-10,Rensselaer,13,1243,2134,121407,0.006091846298031865,7.0,0.0066365212181425035
21698,2020-11-11,Rensselaer,15,1258,1307,122714,0.011476664116296864,6.0,0.00589275430347378
21699,2020-11-12,Rensselaer,20,1278,1605,124319,0.012461059190031152,7.0,0.006127951112491349
21700,2020-11-13,Rensselaer,26,1304,2508,126827,0.01036682615629984,8.0,0.006605403857581273
21701,2020-11-14,Rensselaer,17,1321,496,127323,0.034274193548387094,8.0,0.007888059374107756
21702,2020-11-15,Rensselaer,12,1333,410,127733,0.02926829268292683,8.0,0.009499907932271621
21703,2020-11-16,Rensselaer,31,1364,938,128671,0.03304904051172708,9.0,0.009784851607407195
21704,2020-11-17,Rensselaer,25,1389,735,129406,0.034013605442176874,10.0,0.011779262974846123
21705,2020-11-18,Rensselaer,22,1411,1403,130809,0.015680684248039915,10.0,0.012079550127113483
21706,2020-11-19,Rensselaer,38,1449,2513,133322,0.015121368881814564,12.0,0.012269572247955158
21707,2020-11-20,Rensselaer,45,1494,2894,136216,0.015549412577747062,13.0,0.012639756992344245
21708,2020-11-21,Rensselaer,21,1515,2155,138371,0.00974477958236659,13.0,0.01088765599477135
21709,2020-11-22,Rensselaer,13,1528,2095,140466,0.006205250596658711,13.0,0.0092402958457522
21710,2020-11-23,Rensselaer,26,1554,754,141220,0.034482758620689655,13.0,0.009342704282106668
21711,2020-11-24,Rensselaer,33,1587,3921,145141,0.008416220351951033,14.0,0.0075143196328048235
21712,2020-11-25,Rensselaer,38,1625,1236,146377,0.030744336569579287,15.0,0.008590294798629066
21713,2020-11-26,Rensselaer,41,1666,1530,147907,0.02679738562091503,15.0,0.0094242959942791
21714,2020-11-27,Rensselaer,20,1686,535,148442,0.037383177570093455,13.0,0.010983850636589552
21715,2020-11-28,Rensselaer,34,1720,1094,149536,0.031078610603290677,14.0,0.012507695709512703
21716,2020-11-29,Rensselaer,26,1746,868,150404,0.029953917050691243,15.0,0.014204029027657883
21717,2020-11-30,Rensselaer,49,1795,1025,151429,0.04780487804878049,17.0,0.015155608986807229
21718,2020-12-01,Rensselaer,42,1837,1254,152683,0.03349282296650718,17.0,0.016946794887846953
21719,2020-12-02,Rensselaer,54,1891,2681,155364,0.020141738157403954,19.0,0.016189466429834428
21720,2020-12-03,Rensselaer,77,1968,1415,156779,0.05441696113074205,21.0,0.018162293251964935
21721,2020-12-04,Rensselaer,66,2034,1659,158438,0.039783001808318265,24.0,0.01833370926898099
21722,2020-12-05,Rensselaer,66,2100,1475,159913,0.04474576271186441,27.0,0.019309934419593396
21723,2020-12-06,Rensselaer,45,2145,1659,161572,0.027124773960216998,28.0,0.019107852770273808
21724,2020-12-07,Rensselaer,65,2210,993,162565,0.06545820745216516,29.0,0.02036880487051557
21725,2020-12-08,Rensselaer,59,2269,864,163429,0.06828703703703703,30.0,0.022854105875553418
21726,2020-12-09,Rensselaer,82,2351,1191,164620,0.0688497061293031,32.0,0.02633324644497479
21727,2020-12-10,Rensselaer,60,2411,2429,167049,0.02470152326060107,31.0,0.024210715168536148
21728,2020-12-11,Rensselaer,66,2477,1470,168519,0.044897959183673466,31.0,0.024576069266775802
21729,2020-12-12,Rensselaer,92,2569,1329,169848,0.0692249811888638,33.0,0.026324584872275757
21730,2020-12-13,Rensselaer,62,2631,1104,170952,0.05615942028985507,34.0,0.02839848818153562
21731,2020-12-14,Rensselaer,81,2712,752,171704,0.1077127659574468,35.0,0.03141667093191288
21732,2020-12-15,Rensselaer,77,2789,1068,172772,0.07209737827715355,37.0,0.031688838163349775
21733,2020-12-16,Rensselaer,115,2904,1396,174168,0.08237822349570201,39.0,0.03265516083237827
21734,2020-12-17,Rensselaer,87,2991,1383,175551,0.06290672451193059,41.0,0.03538410377890181
21735,2020-12-18,Rensselaer,100,3091,1378,176929,0.07256894049346879,43.0,0.037360602443887184
21736,2020-12-19,Rensselaer,77,3168,1260,178189,0.06111111111111111,42.0,0.03678104029547628
21737,2020-12-20,Rensselaer,58,3226,1167,179356,0.049700085689802914,42.0,0.03631965925261542
21738,2020-12-21,Rensselaer,106,3332,926,180282,0.11447084233261338,44.0,0.03680237899369874
21739,2020-12-22,Rensselaer,80,3412,924,181206,0.08658008658008658,44.0,0.03783685815819395
21740,2020-12-23,Rensselaer,122,3534,1480,182686,0.08243243243243244,45.0,0.03784073022510327
21741,2020-12-24,Rensselaer,111,3645,1532,184218,0.07245430809399478,46.0,0.038522700480965004
21742,2020-12-25,Rensselaer,106,3751,1539,185757,0.06887589343729694,47.0,0.038258911405524156
21743,2020-12-26,Rensselaer,73,3824,776,186533,0.09407216494845361,46.0,0.04061327239390576
21744,2020-12-27,Rensselaer,101,3925,832,187365,0.12139423076923077,49.0,0.04573428275672203
21745,2020-12-28,Rensselaer,90,4015,784,188149,0.11479591836734694,48.0,0.04575750247348871
21746,2020-12-29,Rensselaer,118,4133,692,188841,0.17052023121387283,51.0,0.05175322709018774
21747,2020-12-30,Rensselaer,136,4269,1322,190163,0.10287443267776097,52.0,0.053213369964854054
21748,2020-12-31,Rensselaer,146,4415,1670,191833,0.08742514970059881,55.0,0.0542827157938972
21749,2021-01-01,Rensselaer,160,4575,1857,193690,0.08616047388260635,58.0,0.05551732868284787
21750,2021-01-02,Rensselaer,149,4724,1110,194800,0.13423423423423422,64.0,0.05838604791754649
21751,2021-01-03,Rensselaer,72,4796,667,195467,0.10794602698650675,62.0,0.057425461933066205
21752,2021-01-04,Rensselaer,137,4933,1069,196536,0.12815715622076707,65.0,0.05837983606545336
21753,2021-01-05,Rensselaer,134,5067,1054,197590,0.127134724857685,66.0,0.05528087132572566
21754,2021-01-06,Rensselaer,182,5249,1589,199179,0.1145374449339207,70.0,0.05611394362973706
21755,2021-01-07,Rensselaer,191,5440,1754,200933,0.1088939566704675,73.0,0.057647429841870546
21756,2021-01-08,Rensselaer,126,5566,3026,203959,0.041639127561136816,70.0,0.05446733367605129
21757,2021-01-09,Rensselaer,148,5714,1614,205573,0.09169764560099132,70.0,0.051429005916533946
21758,2021-01-10,Rensselaer,146,5860,1213,206786,0.12036273701566365,76.0,0.05231591377575944
21759,2021-01-11,Rensselaer,180,6040,1338,208124,0.13452914798206278,79.0,0.05277105604442341
21760,2021-01-12,Rensselaer,77,6117,1924,210048,0.04002079002079002,75.0,0.046548632127502335
21761,2021-01-13,Rensselaer,158,6275,1591,211639,0.09930861093651791,73.0,0.045460858270545
21762,2021-01-14,Rensselaer,179,6454,2521,214160,0.07100357001190004,72.0,0.042754402080647326
21763,2021-01-15,Rensselaer,142,6596,2460,216620,0.05772357723577236,73.0,0.0439032913431213
21764,2021-01-16,Rensselaer,97,6693,1374,217994,0.07059679767103348,69.0,0.04239608791955287
21765,2021-01-17,Rensselaer,79,6772,1477,219471,0.05348679756262695,65.0,0.03761923510147882
21766,2021-01-18,Rensselaer,102,6874,1078,220549,0.09461966604823747,59.0,0.034768557820491305
21767,2021-01-19,Rensselaer,91,6965,860,221409,0.1058139534883721,60.0,0.03946806949674717
21768,2021-01-20,Rensselaer,147,7112,2064,223473,0.07122093023255814,59.0,0.03746180658932147
21769,2021-01-21,Rensselaer,150,7262,1904,225377,0.07878151260504201,57.0,0.03801737391740303
21770,2021-01-22,Rensselaer,87,7349,1493,226870,0.05827193569993302,53.0,0.0380565423791288
21771,2021-01-23,Rensselaer,101,7450,2388,229258,0.042294807370184255,54.0,0.03603497164335385
21772,2021-01-24,Rensselaer,52,7502,1028,230286,0.05058365758754864,52.0,0.03582760450227683
21773,2021-01-25,Rensselaer,72,7574,903,231189,0.07973421926910298,50.0,0.03476435830376723
21774,2021-01-26,Rensselaer,68,7642,1233,232422,0.055150040551500405,48.0,0.03114550737970496
21775,2021-01-27,Rensselaer,78,7720,1643,234065,0.04747413268411443,43.0,0.02944930755481612
21776,2021-01-28,Rensselaer,87,7807,1549,235614,0.05616526791478373,38.0,0.02783386150551196
21777,2021-01-29,Rensselaer,67,7874,1972,237586,0.03397565922920893,37.0,0.026098413186174528
21778,2021-01-30,Rensselaer,86,7960,1800,239386,0.04777777777777778,36.0,0.026490053929574063
21779,2021-01-31,Rensselaer,46,8006,829,240215,0.05548854041013269,36.0,0.026840402702615784
21780,2021-02-01,Rensselaer,29,8035,542,240757,0.05350553505535055,32.0,0.024966925258776324
21781,2021-02-02,Rensselaer,29,8064,1482,242239,0.019568151147098516,30.0,0.022425361729890476
21782,2021-02-03,Rensselaer,69,8133,3609,245848,0.019118869492934332,29.0,0.020399985787663322
21783,2021-02-04,Rensselaer,52,8185,2483,248331,0.020942408376963352,27.0,0.01788406724924758
21784,2021-02-05,Rensselaer,79,8264,2051,250382,0.03851779619697709,27.0,0.01820850560408816
21785,2021-02-06,Rensselaer,37,8301,1820,252202,0.02032967032967033,24.0,0.01624792650065192
21786,2021-02-07,Rensselaer,40,8341,1809,254011,0.02211166390270868,23.0,0.013863863892978775
21787,2021-02-08,Rensselaer,28,8369,622,254633,0.04501607717041801,23.0,0.01325747404405502
21788,2021-02-09,Rensselaer,38,8407,814,255447,0.04668304668304668,24.0,0.015194252296622747
21789,2021-02-10,Rensselaer,52,8459,4154,259601,0.012518054886856042,23.0,0.014722765539045727
21790,2021-02-11,Rensselaer,24,8483,1362,260963,0.01762114537444934,21.0,0.014485532467437586
21791,2021-02-12,Rensselaer,44,8527,3704,264667,0.011879049676025918,18.0,0.012582764858798215
21792,2021-02-13,Rensselaer,34,8561,3762,268429,0.009037745879851143,18.0,0.011776198826668274
21793,2021-02-14,Rensselaer,31,8592,844,269273,0.03672985781990521,17.0,0.012820355535039452
21794,2021-02-15,Rensselaer,29,8621,1619,270892,0.017912291537986413,18.0,0.010884370847008624
21795,2021-02-16,Rensselaer,20,8641,1052,271944,0.019011406844106463,16.0,0.008907825144227182
21796,2021-02-17,Rensselaer,49,8690,1433,273377,0.034193998604326585,16.0,0.01045610683833222
21797,2021-02-18,Rensselaer,43,8733,4248,277625,0.01012241054613936,17.0,0.009920482922024366
21798,2021-02-19,Rensselaer,27,8760,2490,280115,0.010843373493975903,16.0,0.009846506051877936
21799,2021-02-20,Rensselaer,28,8788,3101,283216,0.009029345372460496,16.0,0.009845906015635746
21800,2021-02-21,Rensselaer,22,8810,1453,284669,0.015141087405368204,15.0,0.008303850986025959
21801,2021-02-22,Rensselaer,29,8839,683,285352,0.0424597364568082,15.0,0.010057239908798943
21802,2021-02-23,Rensselaer,21,8860,1628,286980,0.012899262899262898,15.0,0.009620658198452975
21803,2021-02-24,Rensselaer,42,8902,4178,291158,0.010052656773575874,15.0,0.00789627663911364
21804,2021-02-25,Rensselaer,33,8935,2774,293932,0.011896178803172314,14.0,0.00802297437175885
21805,2021-02-26,Rensselaer,30,8965,2354,296286,0.012744265080713678,14.0,0.00815875234224012
21806,2021-02-27,Rensselaer,48,9013,3396,299682,0.014134275618374558,16.0,0.008523390216948267
21807,2021-02-28,Rensselaer,26,9039,1730,301412,0.015028901734104046,16.0,0.008515376954715112
21808,2021-03-01,Rensselaer,20,9059,656,302068,0.03048780487804878,15.0,0.0076602389848037244
21809,2021-03-02,Rensselaer,44,9103,1075,303143,0.04093023255813953,17.0,0.009662451103294913
21810,2021-03-03,Rensselaer,21,9124,3860,307003,0.005440414507772021,15.0,0.009333005227166067
21811,2021-03-04,Rensselaer,36,9160,2935,309938,0.012265758091993186,16.0,0.00935940374779613
21812,2021-03-05,Rensselaer,45,9205,2342,312280,0.019214346712211786,17.0,0.009821552435760278
21813,2021-03-06,Rensselaer,28,9233,3718,315998,0.007530930607853685,15.0,0.009349884935008787
21814,2021-03-07,Rensselaer,42,9275,1941,317939,0.021638330757341576,16.0,0.009821987008097182
21815,2021-03-08,Rensselaer,21,9296,580,318519,0.03620689655172414,16.0,0.010230493556216854
21816,2021-03-09,Rensselaer,14,9310,1504,320023,0.009308510638297872,14.0,0.00797179913337102
21817,2021-03-10,Rensselaer,32,9342,3666,323689,0.00872885979268958,15.0,0.008206688082293702
21818,2021-03-11,Rensselaer,34,9376,3325,327014,0.010225563909774436,15.0,0.008060959926420934
21819,2021-03-12,Rensselaer,32,9408,1943,328957,0.016469377251672673,14.0,0.007864890679239568
21820,2021-03-13,Rensselaer,42,9450,4064,333021,0.01033464566929134,15.0,0.00806515604077083
21821,2021-03-14,Rensselaer,34,9484,1725,334746,0.01971014492753623,14.0,0.007927428481499018
21822,2021-03-15,Rensselaer,34,9518,953,335699,0.035676810073452254,15.0,0.007889565161622456
21823,2021-03-16,Rensselaer,13,9531,1295,336994,0.010038610038610039,15.0,0.00794171511878761
21824,2021-03-17,Rensselaer,39,9570,3871,340865,0.010074916042366313,16.0,0.00803786199376452
21825,2021-03-18,Rensselaer,31,9601,1529,342394,0.020274689339437543,16.0,0.008755656667311885
21826,2021-03-19,Rensselaer,24,9625,1778,344172,0.013498312710911136,15.0,0.008543437771543204
21827,2021-03-20,Rensselaer,32,9657,4464,348636,0.007168458781362007,14.0,0.008317281565262537
21828,2021-03-21,Rensselaer,22,9679,1889,350525,0.011646373742721016,13.0,0.007741297909204308
21829,2021-03-22,Rensselaer,26,9705,753,351278,0.034528552456839307,13.0,0.0076592795080176685
21830,2021-03-23,Rensselaer,34,9739,978,352256,0.034764826175869123,14.0,0.009425437803536175
21831,2021-03-24,Rensselaer,38,9777,4477,356733,0.008487826669644852,14.0,0.009312074276913213
21832,2021-03-25,Rensselaer,47,9824,1543,358276,0.0304601425793908,15.0,0.01003960665119559
21833,2021-03-26,Rensselaer,32,9856,2628,360904,0.0121765601217656,16.0,0.009945195751970908
21834,2021-03-27,Rensselaer,45,9901,3992,364896,0.011272545090180362,17.0,0.010238344774029361
21835,2021-03-28,Rensselaer,30,9931,1975,366871,0.015189873417721518,18.0,0.010491451893672257
21836,2021-03-29,Rensselaer,42,9973,837,367708,0.05017921146953405,19.0,0.011609356108864736
21837,2021-03-30,Rensselaer,31,10004,1130,368838,0.02743362831858407,18.0,0.01108569911905866
21838,2021-03-31,Rensselaer,49,10053,4103,372941,0.011942481111381915,19.0,0.011332460150611307
21839,2021-04-01,Rensselaer,38,10091,2689,375630,0.014131647452584604,19.0,0.010166139070125152
21840,2021-04-02,Rensselaer,46,10137,2679,378309,0.017170586039567004,20.0,0.010522855207110967
21841,2021-04-03,Rensselaer,44,10181,3707,382016,0.011869436201780416,20.0,0.01056549028651097
21842,2021-04-04,Rensselaer,36,10217,648,382664,0.05555555555555555,20.0,0.013448753296356256
21843,2021-04-05,Rensselaer,31,10248,802,383466,0.03865336658354115,19.0,0.012625478661642478
21844,2021-04-06,Rensselaer,37,10285,997,384463,0.037111334002006016,20.0,0.013316743353315475
21845,2021-04-07,Rensselaer,32,10317,3486,387949,0.009179575444635685,18.0,0.013119392948547887
21846,2021-04-08,Rensselaer,42,10359,3277,391226,0.01281660054928288,19.0,0.013025461026883478
21847,2021-04-09,Rensselaer,43,10402,1105,392331,0.03891402714932127,18.0,0.014578563963294497
21848,2021-04-10,Rensselaer,37,10439,1526,393857,0.024246395806028834,18.0,0.015462632506455099
21849,2021-04-11,Rensselaer,26,10465,4066,397923,0.006394490900147565,17.0,0.011951127888211672
21850,2021-04-12,Rensselaer,30,10495,991,398914,0.030272452068617558,17.0,0.0113524911371457
21851,2021-04-13,Rensselaer,31,10526,723,399637,0.042876901798063624,17.0,0.011764317408292674
21852,2021-04-14,Rensselaer,41,10567,3943,403580,0.010398173979203652,17.0,0.011851360160761812
21853,2021-04-15,Rensselaer,25,10592,1177,404757,0.021240441801189464,16.0,0.01245306310732657
21854,2021-04-16,Rensselaer,50,10642,1583,406340,0.03158559696778269,17.0,0.011929603808645241
21855,2021-04-17,Rensselaer,37,10679,1692,408032,0.02186761229314421,17.0,0.011759690700582056
21856,2021-04-18,Rensselaer,30,10709,5516,413548,0.005438723712835388,17.0,0.011691421615774042
21857,2021-04-19,Rensselaer,17,10726,621,414169,0.027375201288244767,16.0,0.0114844751314617
21858,2021-04-20,Rensselaer,19,10745,1055,415224,0.01800947867298578,15.0,0.009708230622527568
21859,2021-04-21,Rensselaer,31,10776,4006,419230,0.007738392411382925,14.0,0.009518246224826088
21860,2021-04-22,Rensselaer,26,10802,2412,421642,0.01077943615257048,15.0,0.008771031535639018
21861,2021-04-23,Rensselaer,9,10811,2022,423664,0.004451038575667656,12.0,0.0068328487933450865
21862,2021-04-24,Rensselaer,12,10823,3366,427030,0.0035650623885918,10.0,0.005525523800162772
21863,2021-04-25,Rensselaer,23,10846,593,427623,0.0387858347386172,9.0,0.007907460302004328
21864,2021-04-26,Rensselaer,11,10857,602,428225,0.018272425249169437,9.0,0.007257262013498948
21865,2021-04-27,Rensselaer,10,10867,671,428896,0.014903129657228018,8.0,0.007035379940944823
21866,2021-04-28,Rensselaer,23,10890,1386,430282,0.016594516594516596,8.0,0.007667960239740084
21867,2021-04-29,Rensselaer,22,10912,2624,432906,0.008384146341463415,7.0,0.007496868110375295
21868,2021-04-30,Rensselaer,16,10928,1227,434133,0.013039934800325998,8.0,0.00811036069785089
21869,2021-05-01,Rensselaer,14,10942,3281,437414,0.004266991770801585,8.0,0.008160498510865874
21870,2021-05-02,Rensselaer,10,10952,1676,439090,0.0059665871121718375,7.0,0.005816266537548349
21871,2021-05-03,Rensselaer,5,10957,368,439458,0.01358695652173913,7.0,0.005481590199874756
21872,2021-05-04,Rensselaer,7,10964,634,440092,0.011041009463722398,6.0,0.005205724471767211
21873,2021-05-05,Rensselaer,13,10977,3173,443265,0.0040970690198550265,6.0,0.004313049645005671
21874,2021-05-06,Rensselaer,25,11002,1908,445173,0.01310272536687631,6.0,0.004650091003963735
21875,2021-05-07,Rensselaer,9,11011,1936,447109,0.0046487603305785125,5.0,0.0040507213989817705
21876,2021-05-08,Rensselaer,15,11026,2723,449832,0.005508630187293426,6.0,0.004139409857302617
21877,2021-05-09,Rensselaer,11,11037,457,450289,0.024070021881838075,6.0,0.005432512340850205
21878,2021-05-10,Rensselaer,12,11049,467,450756,0.02569593147751606,6.0,0.0062974391234057
21879,2021-05-11,Rensselaer,5,11054,471,451227,0.010615711252653927,6.0,0.006267060679757952
21880,2021-05-12,Rensselaer,18,11072,1428,452655,0.012605042016806723,6.0,0.006874773036683074
21881,2021-05-13,Rensselaer,17,11089,1257,453912,0.013524264120922832,6.0,0.006904882947686397
21882,2021-05-14,Rensselaer,15,11104,1509,455421,0.009940357852882704,6.0,0.007282854199279554
21883,2021-05-15,Rensselaer,10,11114,1112,456533,0.008992805755395683,6.0,0.007531723882715428
21884,2021-05-16,Rensselaer,9,11123,470,457003,0.019148936170212766,6.0,0.007180217760456478
21885,2021-05-17,Rensselaer,10,11133,467,457470,0.021413276231263382,6.0,0.006874313814295573
21886,2021-05-18,Rensselaer,6,11139,635,458105,0.009448818897637795,6.0,0.006790964360365849
21887,2021-05-19,Rensselaer,9,11148,1341,459446,0.006711409395973154,5.0,0.0063699906017348805
21888,2021-05-20,Rensselaer,8,11156,1182,460628,0.00676818950930626,4.0,0.005887413843762268
21889,2021-05-21,Rensselaer,5,11161,882,461510,0.005668934240362812,4.0,0.005582312157153704
21890,2021-05-22,Rensselaer,3,11164,746,462256,0.004021447721179625,3.0,0.005227215154709699
21891,2021-05-23,Rensselaer,6,11170,431,462687,0.013921113689095127,3.0,0.004853799263201297
21892,2021-05-24,Rensselaer,4,11174,358,463045,0.0111731843575419,2.0,0.004122364129364048
21893,2021-05-25,Rensselaer,2,11176,500,463545,0.004,2.0,0.003733162779532777
21894,2021-05-26,Rensselaer,4,11180,860,464405,0.004651162790697674,2.0,0.0035860023077273857
21895,2021-05-27,Rensselaer,5,11185,1155,465560,0.004329004329004329,2.0,0.0034117747948486763
21896,2021-05-28,Rensselaer,1,11186,740,466300,0.0013513513513513514,1.0,0.0031033760170621435
21897,2021-05-29,Rensselaer,2,11188,816,467116,0.0024509803921568627,1.0,0.0029911997792748035
21898,2021-05-30,Rensselaer,1,11189,214,467330,0.004672897196261682,1.0,0.002330612886929557
21899,2021-05-31,Rensselaer,3,11192,209,467539,0.014354066985645933,1.0,0.0025578187889369877
21900,2021-06-01,Rensselaer,2,11194,259,467798,0.007722007722007722,1.0,0.0028236764833661112
21901,2021-06-02,Rensselaer,1,11195,519,468317,0.0019267822736030828,1.0,0.0026290778750022114
21902,2021-06-03,Rensselaer,9,11204,917,469234,0.009814612868047983,1.0,0.0030209070563624726
21903,2021-06-04,Rensselaer,1,11205,905,470139,0.0011049723756906078,1.0,0.003003308558100991
21904,2021-06-05,Rensselaer,3,11208,957,471096,0.003134796238244514,1.0,0.0030521525471072517
21905,2021-06-06,Rensselaer,7,11215,397,471493,0.017632241813602016,1.0,0.003977820019774417
21906,2021-06-07,Rensselaer,2,11217,484,471977,0.004132231404958678,1.0,0.0032476889068681855
21907,2021-06-08,Rensselaer,0,11217,425,472402,0.0,1.0,0.0026961169267247765
21908,2021-06-09,Rensselaer,3,11220,753,473155,0.00398406374501992,1.0,0.0028430656032545514
21909,2021-06-10,Rensselaer,2,11222,941,474096,0.0021253985122210413,1.0,0.0022938360064097695
21910,2021-06-11,Rensselaer,1,11223,751,474847,0.0013315579227696406,1.0,0.0023100206883439863
21911,2021-06-12,Rensselaer,2,11225,428,475275,0.004672897196261682,1.0,0.00241988504248807
21912,2021-06-13,Rensselaer,3,11228,254,475529,0.011811023622047244,0.0,0.0020040837430913
21913,2021-06-14,Rensselaer,1,11229,215,475744,0.004651162790697674,0.0,0.002041150270644086
21914,2021-06-15,Rensselaer,0,11229,391,476135,0.0,0.0,0.002041150270644086
21915,2021-06-16,Rensselaer,0,11229,558,476693,0.0,0.0,0.0017565742888569487
21916,2021-06-17,Rensselaer,3,11232,334,477027,0.008982035928143712,0.0,0.002246334104279997
21917,2021-06-18,Rensselaer,3,11235,656,477683,0.004573170731707317,0.0,0.0024778778763469736
21918,2021-06-19,Rensselaer,3,11238,375,478058,0.008,0.0,0.002715528076613996
21919,2021-06-20,Rensselaer,1,11239,289,478347,0.0034602076124567475,0.0,0.0021190412187861037
21920,2021-06-21,Rensselaer,0,11239,276,478623,0.0,0.0,0.0017868153051648415
21921,2021-06-22,Rensselaer,3,11242,353,478976,0.0084985835694051,0.0,0.002393856988693777
21922,2021-06-23,Rensselaer,2,11244,435,479411,0.004597701149425287,1.0,0.002722264213652726
21923,2021-06-24,Rensselaer,0,11244,301,479712,0.0,0.0,0.002080690218785318
21924,2021-06-25,Rensselaer,0,11244,471,480183,0.0,0.0,0.0017540351665205098
21925,2021-06-26,Rensselaer,3,11247,481,480664,0.006237006237006237,0.0,0.0016281070405923838
21926,2021-06-27,Rensselaer,0,11247,230,480894,0.0,0.0,0.0013809493539883304
21927,2021-06-28,Rensselaer,0,11247,173,481067,0.0,0.0,0.0013809493539883304
21928,2021-06-29,Rensselaer,2,11249,273,481340,0.007326007326007326,0.0,0.0012971939080313466
21929,2021-06-30,Rensselaer,2,11251,357,481697,0.0056022408963585435,0.0,0.0013689467470980076
21930,2021-07-01,Rensselaer,1,11252,357,482054,0.0028011204481792717,0.0,0.0015690267791108128
21931,2021-07-02,Rensselaer,0,11252,279,482333,0.0,0.0,0.0015690267791108128
21932,2021-07-03,Rensselaer,0,11252,291,482624,0.0,0.0,0.001123526333610367
21933,2021-07-04,Rensselaer,1,11253,604,483228,0.0016556291390728477,0.0,0.0012417855578298563
21934,2021-07-05,Rensselaer,0,11253,160,483388,0.0,0.0,0.0012417855578298563
21935,2021-07-06,Rensselaer,0,11253,139,483527,0.0,0.0,0.0007184993202579044
21936,2021-07-07,Rensselaer,1,11254,215,483742,0.004651162790697674,0.0,0.0006505651698535568
21937,2021-07-08,Rensselaer,5,11259,359,484101,0.013927576601671309,0.0,0.0014453120379601307
21938,2021-07-09,Rensselaer,3,11262,454,484555,0.006607929515418502,0.0,0.0019173070033471668
21939,2021-07-10,Rensselaer,2,11264,156,484711,0.01282051282051282,0.0,0.0028330579190980823
21940,2021-07-11,Rensselaer,7,11271,241,484952,0.029045643153526972,1.0,0.004789487491559092
21941,2021-07-12,Rensselaer,2,11273,166,485118,0.012048192771084338,1.0,0.005650072689493688
21942,2021-07-13,Rensselaer,4,11277,238,485356,0.01680672268907563,1.0,0.0068505528815705164
21943,2021-07-14,Rensselaer,5,11282,250,485606,0.02,2.0,0.007946898396520683
21944,2021-07-15,Rensselaer,6,11288,282,485888,0.02127659574468085,2.0,0.00847182833530708
21945,2021-07-16,Rensselaer,5,11293,211,486099,0.023696682464454975,2.0,0.009692453545952542
21946,2021-07-17,Rensselaer,9,11302,293,486392,0.030716723549488054,2.0,0.010970754312307915
21947,2021-07-18,Rensselaer,3,11305,202,486594,0.01485148514851485,2.0,0.00995688588337848
21948,2021-07-19,Rensselaer,6,11311,409,487003,0.014669926650366748,2.0,0.010144152589041508
21949,2021-07-20,Rensselaer,3,11314,572,487575,0.005244755244755245,2.0,0.00931829777159005
21950,2021-07-21,Rensselaer,6,11320,467,488042,0.01284796573875803,2.0,0.008807438181501339
21951,2021-07-22,Rensselaer,9,11329,647,488689,0.013910355486862442,2.0,0.008281278163085739
21952,2021-07-23,Rensselaer,4,11333,266,488955,0.015037593984962405,2.0,0.007662771843121983
21953,2021-07-24,Rensselaer,14,11347,621,489576,0.02254428341384863,3.0,0.00707902611914774
21954,2021-07-25,Rensselaer,8,11355,182,489758,0.04395604395604396,3.0,0.009157923176828389
21955,2021-07-26,Rensselaer,15,11370,749,490507,0.020026702269692925,4.0,0.009540550006780257
21956,2021-07-27,Rensselaer,20,11390,616,491123,0.032467532467532464,5.0,0.011485034094121493
21957,2021-07-28,Rensselaer,15,11405,528,491651,0.028409090909090908,6.0,0.012596543034859553
21958,2021-07-29,Rensselaer,17,11422,321,491972,0.0529595015576324,6.0,0.015385767754200263
21959,2021-07-30,Rensselaer,17,11439,791,492763,0.021491782553729456,7.0,0.01584678122339791
21960,2021-07-31,Rensselaer,24,11463,498,493261,0.04819277108433735,8.0,0.017678816057004245
21961,2021-08-01,Rensselaer,11,11474,207,493468,0.05314009661835749,8.0,0.018334819818598073
21962,2021-08-02,Rensselaer,20,11494,313,493781,0.06389776357827476,8.0,0.021468467054925344
21963,2021-08-03,Rensselaer,12,11506,648,494429,0.018518518518518517,8.0,0.02047210891571006
21964,2021-08-04,Rensselaer,24,11530,939,495368,0.025559105431309903,8.0,0.02026853852443999
21965,2021-08-05,Rensselaer,27,11557,538,495906,0.05018587360594796,9.0,0.020070422242176814
21966,2020-03-01,Richmond,0,0,0,0,,,
21967,2020-03-02,Richmond,0,0,0,0,,,
21968,2020-03-03,Richmond,0,0,0,0,,,
21969,2020-03-04,Richmond,0,0,0,0,,,
21970,2020-03-05,Richmond,0,0,0,0,,,
21971,2020-03-06,Richmond,0,0,3,3,0.0,,
21972,2020-03-07,Richmond,0,0,2,5,0.0,0.0,
21973,2020-03-08,Richmond,0,0,0,5,,0.0,
21974,2020-03-09,Richmond,0,0,6,11,0.0,0.0,
21975,2020-03-10,Richmond,1,1,5,16,0.2,0.0,
21976,2020-03-11,Richmond,1,2,5,21,0.2,0.0,
21977,2020-03-12,Richmond,4,6,16,37,0.25,0.0,
21978,2020-03-13,Richmond,5,11,34,71,0.14705882352941177,1.0,
21979,2020-03-14,Richmond,3,14,29,100,0.10344827586206896,1.0,
21980,2020-03-15,Richmond,6,20,27,127,0.2222222222222222,1.0,0.08019495154383592
21981,2020-03-16,Richmond,11,31,35,162,0.3142857142857143,2.0,0.10264393113567265
21982,2020-03-17,Richmond,26,57,61,223,0.4262295081967213,4.0,0.11880318172115276
21983,2020-03-18,Richmond,33,90,110,333,0.3,6.0,0.1259460388640099
21984,2020-03-19,Richmond,116,206,272,605,0.4264705882352941,14.0,0.1385510808808166
21985,2020-03-20,Richmond,109,315,334,939,0.3263473053892216,21.0,0.1513574010136602
21986,2020-03-21,Richmond,207,522,645,1584,0.3209302325581395,36.0,0.16689182649195095
21987,2020-03-22,Richmond,193,715,417,2001,0.4628297362110312,49.0,0.18407807749115154
21988,2020-03-23,Richmond,200,915,487,2488,0.4106776180698152,63.0,0.1909632134757302
21989,2020-03-24,Richmond,110,1025,223,2711,0.49327354260089684,69.0,0.19575207307602843
21990,2020-03-25,Richmond,164,1189,293,3004,0.5597269624573379,78.0,0.21430399896583827
21991,2020-03-26,Richmond,223,1412,413,3417,0.5399515738498789,86.0,0.22240978365259437
21992,2020-03-27,Richmond,415,1827,847,4264,0.4899645808736718,108.0,0.2340967319014837
21993,2020-03-28,Richmond,402,2229,878,5142,0.45785876993166286,121.0,0.24387734171387818
21994,2020-03-29,Richmond,336,2565,711,5853,0.47257383966244726,132.0,0.24457334910326506
21995,2020-03-30,Richmond,324,2889,691,6544,0.46888567293777134,141.0,0.24873106730811909
21996,2020-03-31,Richmond,299,3188,616,7160,0.48538961038961037,154.0,0.2481679292930272
21997,2020-04-01,Richmond,279,3467,559,7719,0.4991055456171735,162.0,0.2438378280901583
21998,2020-04-02,Richmond,287,3754,563,8282,0.5097690941385435,167.0,0.24168193668220578
21999,2020-04-03,Richmond,319,4073,679,8961,0.4698085419734904,160.0,0.2402422196179071
22000,2020-04-04,Richmond,218,4291,513,9474,0.4249512670565302,147.0,0.23789168369825478
22001,2020-04-05,Richmond,288,4579,600,10074,0.48,143.0,0.23842212372236568
22002,2020-04-06,Richmond,218,4797,605,10679,0.3603305785123967,136.0,0.2306681884062675
22003,2020-04-07,Richmond,546,5343,1262,11941,0.4326465927099842,153.0,0.2269008300005799
22004,2020-04-08,Richmond,641,5984,1528,13469,0.41950261780104714,179.0,0.2212149065851423
22005,2020-04-09,Richmond,500,6484,1212,14681,0.41254125412541254,195.0,0.21427006086991868
22006,2020-04-10,Richmond,376,6860,807,15488,0.46592317224287483,199.0,0.213992534460589
22007,2020-04-11,Richmond,456,7316,1030,16518,0.44271844660194176,216.0,0.21526161871383262
22008,2020-04-12,Richmond,352,7668,887,17405,0.3968432919954904,220.0,0.20932185385636767
22009,2020-04-13,Richmond,292,7960,725,18130,0.4027586206896552,225.0,0.21235242829760045
22010,2020-04-14,Richmond,338,8298,743,18873,0.4549125168236878,211.0,0.21394285144857925
22011,2020-04-15,Richmond,386,8684,1184,20057,0.3260135135135135,192.0,0.20726505828518402
22012,2020-04-16,Richmond,347,9031,1084,21141,0.32011070110701106,181.0,0.20066287592672677
22013,2020-04-17,Richmond,302,9333,1106,22247,0.2730560578661845,176.0,0.18688665347124886
22014,2020-04-18,Richmond,341,9674,1288,23535,0.26475155279503104,168.0,0.17417473248504095
22015,2020-04-19,Richmond,239,9913,874,24409,0.2734553775743707,160.0,0.16536131002638957
22016,2020-04-20,Richmond,208,10121,882,25291,0.23582766439909297,154.0,0.1534376702913494
22017,2020-04-21,Richmond,224,10345,998,26289,0.22444889779559118,146.0,0.1369759832179139
22018,2020-04-22,Richmond,245,10590,1031,27320,0.2376333656644035,136.0,0.13066311551440607
22019,2020-04-23,Richmond,293,10883,1272,28592,0.23034591194968554,132.0,0.12425134486031139
22020,2020-04-24,Richmond,246,11129,1011,29603,0.2433234421364985,128.0,0.12212758659390524
22021,2020-04-25,Richmond,154,11283,882,30485,0.1746031746031746,114.0,0.11568841672305837
22022,2020-04-26,Richmond,140,11423,658,31143,0.2127659574468085,107.0,0.11135345814251821
22023,2020-04-27,Richmond,93,11516,567,31710,0.164021164021164,99.0,0.10622442240123756
22024,2020-04-28,Richmond,144,11660,935,32645,0.15401069518716579,93.0,0.10119312221492145
22025,2020-04-29,Richmond,151,11811,841,33486,0.17954815695600476,87.0,0.09704417873575012
22026,2020-04-30,Richmond,126,11937,849,34335,0.14840989399293286,75.0,0.09119160602455349
22027,2020-05-01,Richmond,157,12094,918,35253,0.1710239651416122,68.0,0.08602735766777592
22028,2020-05-02,Richmond,101,12195,729,35982,0.13854595336076816,65.0,0.08345184186474688
22029,2020-05-03,Richmond,60,12255,549,36531,0.1092896174863388,59.0,0.07606067472471334
22030,2020-05-04,Richmond,62,12317,573,37104,0.1082024432809773,57.0,0.0720736232432714
22031,2020-05-05,Richmond,84,12401,702,37806,0.11965811965811966,52.0,0.06961986784833955
22032,2020-05-06,Richmond,105,12506,828,38634,0.12681159420289856,49.0,0.06585297050883197
22033,2020-05-07,Richmond,72,12578,672,39306,0.10714285714285714,45.0,0.06290532501954085
22034,2020-05-08,Richmond,72,12650,832,40138,0.08653846153846154,39.0,0.05687064619074437
22035,2020-05-09,Richmond,52,12702,717,40855,0.07252440725244072,36.0,0.052154821468720976
22036,2020-05-10,Richmond,45,12747,493,41348,0.09127789046653144,35.0,0.05086826953873474
22037,2020-05-11,Richmond,22,12769,517,41865,0.0425531914893617,32.0,0.04617903726790505
22038,2020-05-12,Richmond,41,12810,806,42671,0.05086848635235732,29.0,0.04126549203177917
22039,2020-05-13,Richmond,51,12861,869,43540,0.05868814729574223,25.0,0.03639953153841086
22040,2020-05-14,Richmond,48,12909,812,44352,0.059113300492610835,23.0,0.03296884892053613
22041,2020-05-15,Richmond,65,12974,843,45195,0.0771055753262159,23.0,0.032295071333947156
22042,2020-05-16,Richmond,37,13011,713,45908,0.051893408134642355,22.0,0.030821428539818698
22043,2020-05-17,Richmond,36,13047,571,46479,0.06304728546409807,21.0,0.0288049567539306
22044,2020-05-18,Richmond,22,13069,621,47100,0.03542673107890499,21.0,0.028295923867469406
22045,2020-05-19,Richmond,31,13100,751,47851,0.041278295605858856,20.0,0.027610910242719517
22046,2020-05-20,Richmond,40,13140,908,48759,0.04405286343612335,19.0,0.02656553282417531
22047,2020-05-21,Richmond,31,13171,877,49636,0.03534777651083238,18.0,0.024867995396905422
22048,2020-05-22,Richmond,44,13215,1232,50868,0.03571428571428571,17.0,0.02191147471033898
22049,2020-05-23,Richmond,51,13266,1120,51988,0.045535714285714284,18.0,0.02145735372112983
22050,2020-05-24,Richmond,21,13287,732,52720,0.028688524590163935,17.0,0.019003156515848822
22051,2020-05-25,Richmond,38,13325,1047,53767,0.03629417382999045,18.0,0.01906511671235493
22052,2020-05-26,Richmond,23,13348,720,54487,0.03194444444444444,17.0,0.018398413057968185
22053,2020-05-27,Richmond,56,13404,1623,56110,0.03450400492914356,18.0,0.017716351736041053
22054,2020-05-28,Richmond,51,13455,1731,57841,0.029462738301559793,20.0,0.017295991863950155
22055,2020-05-29,Richmond,50,13505,1376,59217,0.036337209302325583,20.0,0.017340486405953003
22056,2020-05-30,Richmond,17,13522,1214,60431,0.01400329489291598,18.0,0.015088170735038839
22057,2020-05-31,Richmond,15,13537,1200,61631,0.0125,17.0,0.013931847550027129
22058,2020-06-01,Richmond,25,13562,972,62603,0.0257201646090535,16.0,0.013176561177103061
22059,2020-06-02,Richmond,23,13585,991,63594,0.02320887991927346,16.0,0.012552592282447992
22060,2020-06-03,Richmond,36,13621,1784,65378,0.020179372197309416,15.0,0.011529404230174123
22061,2020-06-04,Richmond,42,13663,1576,66954,0.0266497461928934,14.0,0.01132847622241224
22062,2020-06-05,Richmond,28,13691,1886,68840,0.014846235418875928,13.0,0.009793406659308692
22063,2020-06-06,Richmond,26,13717,1379,70219,0.01885424220449601,13.0,0.010139902895850124
22064,2020-06-07,Richmond,10,13727,1182,71401,0.008460236886632826,13.0,0.009851348387752467
22065,2020-06-08,Richmond,20,13747,896,72297,0.022321428571428572,13.0,0.009608581527922115
22066,2020-06-09,Richmond,14,13761,1144,73441,0.012237762237762238,12.0,0.008824930264957028
22067,2020-06-10,Richmond,19,13780,1290,74731,0.014728682170542635,11.0,0.008435595263045114
22068,2020-06-11,Richmond,20,13800,1547,76278,0.012928248222365869,9.0,0.007455488265150291
22069,2020-06-12,Richmond,17,13817,1596,77874,0.010651629072681704,9.0,0.007155873526136418
22070,2020-06-13,Richmond,40,13857,1365,79239,0.029304029304029304,10.0,0.007902286890388797
22071,2020-06-14,Richmond,21,13878,1391,80630,0.01509705248023005,10.0,0.008376345147074313
22072,2020-06-15,Richmond,10,13888,2387,83017,0.0041893590280687055,10.0,0.0070811973225486085
22073,2020-06-16,Richmond,5,13893,1328,84345,0.0037650602409638554,9.0,0.006476004322777294
22074,2020-06-17,Richmond,7,13900,1579,85924,0.004433185560481318,8.0,0.0057406117077729146
22075,2020-06-18,Richmond,17,13917,2306,88230,0.007372072853425846,8.0,0.005343742038562913
22076,2020-06-19,Richmond,27,13944,1882,90112,0.014346439957492029,9.0,0.005607657101763651
22077,2020-06-20,Richmond,14,13958,1749,91861,0.008004574042309892,7.0,0.004086267440212264
22078,2020-06-21,Richmond,13,13971,1507,93368,0.008626410086264101,6.0,0.0036240786977861246
22079,2020-06-22,Richmond,12,13983,1121,94489,0.010704727921498661,6.0,0.004089462190173978
22080,2020-06-23,Richmond,11,13994,1894,96383,0.005807814149947202,7.0,0.004235373183672789
22081,2020-06-24,Richmond,26,14020,2032,98415,0.012795275590551181,8.0,0.004832665328677779
22082,2020-06-25,Richmond,17,14037,1707,100122,0.00995899238429994,8.0,0.005017445295168787
22083,2020-06-26,Richmond,15,14052,1697,101819,0.00883912787271656,7.0,0.004624065860541967
22084,2020-06-27,Richmond,21,14073,1581,103400,0.013282732447817837,8.0,0.005001077175221106
22085,2020-06-28,Richmond,9,14082,979,104379,0.009193054136874362,7.0,0.005041551750264696
22086,2020-06-29,Richmond,11,14093,1749,106128,0.006289308176100629,7.0,0.0047261646255934075
22087,2020-06-30,Richmond,16,14109,1304,107432,0.012269938650306749,8.0,0.005187744947047662
22088,2020-07-01,Richmond,16,14125,1787,109219,0.008953553441522105,7.0,0.004913336222117012
22089,2020-07-02,Richmond,39,14164,1955,111174,0.019948849104859334,9.0,0.005626897416442683
22090,2020-07-03,Richmond,26,14190,1613,112787,0.016119032858028518,9.0,0.0061468906296792535
22091,2020-07-04,Richmond,12,14202,1578,114365,0.0076045627376425855,9.0,0.005741307078952449
22092,2020-07-05,Richmond,11,14213,1362,115727,0.008076358296622614,9.0,0.005661543090363039
22093,2020-07-06,Richmond,12,14225,1707,117434,0.007029876977152899,9.0,0.005714440861866772
22094,2020-07-07,Richmond,18,14243,1406,118840,0.012802275960170697,9.0,0.0057524649554284825
22095,2020-07-08,Richmond,19,14262,1592,120432,0.01193467336683417,9.0,0.005965402092950773
22096,2020-07-09,Richmond,23,14285,1874,122306,0.012273212379935965,8.0,0.005417142326884818
22097,2020-07-10,Richmond,23,14308,1837,124143,0.012520413718018509,8.0,0.005160098102598388
22098,2020-07-11,Richmond,21,14329,1681,125824,0.012492563950029744,9.0,0.005509241046340328
22099,2020-07-12,Richmond,12,14341,1495,127319,0.008026755852842809,9.0,0.005505698014641771
22100,2020-07-13,Richmond,31,14372,1891,129210,0.01639344262295082,10.0,0.006174524132198766
22101,2020-07-14,Richmond,17,14389,1604,130814,0.01059850374064838,10.0,0.006017111830804314
22102,2020-07-15,Richmond,28,14417,1878,132692,0.014909478168264111,11.0,0.00622959788804931
22103,2020-07-16,Richmond,22,14439,2004,134696,0.010978043912175649,11.0,0.006137085854637859
22104,2020-07-17,Richmond,20,14459,1566,136262,0.01277139208173691,10.0,0.006155012880617745
22105,2020-07-18,Richmond,21,14480,1301,137563,0.01614142966948501,10.0,0.006415646146293121
22106,2020-07-19,Richmond,23,14503,1213,138776,0.018961253091508656,11.0,0.007196681663340682
22107,2020-07-20,Richmond,36,14539,2050,140826,0.0175609756097561,11.0,0.007280076876683916
22108,2020-07-21,Richmond,18,14557,1252,142078,0.01437699680511182,12.0,0.007549969238431304
22109,2020-07-22,Richmond,30,14587,1890,143968,0.015873015873015872,12.0,0.007618793360199287
22110,2020-07-23,Richmond,26,14613,2065,146033,0.012590799031476998,12.0,0.007733990154435098
22111,2020-07-24,Richmond,20,14633,1908,147941,0.010482180293501049,12.0,0.007570475026703965
22112,2020-07-25,Richmond,16,14649,1116,149057,0.014336917562724014,12.0,0.007441581304792466
22113,2020-07-26,Richmond,32,14681,1401,150458,0.022840827980014276,12.0,0.007718693796828581
22114,2020-07-27,Richmond,17,14698,1571,152029,0.010821133036282623,11.0,0.007237276470151904
22115,2020-07-28,Richmond,29,14727,1531,153560,0.018941868060091443,12.0,0.007563338702650448
22116,2020-07-29,Richmond,21,14748,1720,155280,0.012209302325581395,11.0,0.007301644877833699
22117,2020-07-30,Richmond,16,14764,1562,156842,0.010243277848911651,10.0,0.007133964793364747
22118,2020-07-31,Richmond,17,14781,2229,159071,0.00762673844773441,10.0,0.006930004661524272
22119,2020-08-01,Richmond,24,14805,1599,160670,0.0150093808630394,11.0,0.006978037754403942
22120,2020-08-02,Richmond,17,14822,1421,162091,0.011963406052076003,10.0,0.006201079045265495
22121,2020-08-03,Richmond,18,14840,1840,163931,0.009782608695652175,10.0,0.006126898735220464
22122,2020-08-04,Richmond,14,14854,1492,165423,0.00938337801608579,9.0,0.005444149446362916
22123,2020-08-05,Richmond,23,14877,1916,167339,0.012004175365344467,9.0,0.005429497520631705
22124,2020-08-06,Richmond,14,14891,1679,169018,0.008338296605122097,9.0,0.005293427431789596
22125,2020-08-07,Richmond,18,14909,2154,171172,0.008356545961002786,9.0,0.005345556539880193
22126,2020-08-08,Richmond,12,14921,1395,172567,0.008602150537634409,8.0,0.004887897230922695
22127,2020-08-09,Richmond,13,14934,1656,174223,0.00785024154589372,8.0,0.004594099766195389
22128,2020-08-10,Richmond,19,14953,2137,176360,0.008890968647636874,8.0,0.0045304111913371525
22129,2020-08-11,Richmond,21,14974,2162,178522,0.00971322849213691,8.0,0.004553971939626519
22130,2020-08-12,Richmond,24,14998,2896,181418,0.008287292817679558,8.0,0.004288480329079025
22131,2020-08-13,Richmond,19,15017,2232,183650,0.008512544802867384,9.0,0.004300926628917974
22132,2020-08-14,Richmond,29,15046,2189,185839,0.013248058474189127,9.0,0.0046503203798598566
22133,2020-08-15,Richmond,20,15066,1946,187785,0.010277492291880781,10.0,0.004769987648020312
22134,2020-08-16,Richmond,7,15073,1454,189239,0.004814305364511692,9.0,0.00455313506363588
22135,2020-08-17,Richmond,14,15087,1440,190679,0.009722222222222222,9.0,0.004612510318963405
22136,2020-08-18,Richmond,14,15101,2347,193026,0.005965061780997018,9.0,0.004344784125310555
22137,2020-08-19,Richmond,17,15118,2464,195490,0.006899350649350649,8.0,0.004245645399001348
22138,2020-08-20,Richmond,11,15129,2418,197908,0.004549214226633582,8.0,0.0039625503578417905
22139,2020-08-21,Richmond,13,15142,2419,200327,0.005374121537825548,6.0,0.003400126290958678
22140,2020-08-22,Richmond,20,15162,2047,202374,0.009770395701025891,6.0,0.003363905105897614
22141,2020-08-23,Richmond,15,15177,1899,204273,0.007898894154818325,7.0,0.0035842328766338026
22142,2020-08-24,Richmond,12,15189,1977,206250,0.006069802731411229,7.0,0.003323345770147303
22143,2020-08-25,Richmond,17,15206,2296,208546,0.007404181184668989,7.0,0.0034261400132667296
22144,2020-08-26,Richmond,18,15224,1950,210496,0.009230769230769232,7.0,0.0035926699119394855
22145,2020-08-27,Richmond,15,15239,2716,213212,0.005522827687776142,7.0,0.003662213730592526
22146,2020-08-28,Richmond,13,15252,2633,215845,0.004937333839726547,7.0,0.0036310146092997397
22147,2020-08-29,Richmond,17,15269,2346,218191,0.007246376811594203,7.0,0.003450727545768905
22148,2020-08-30,Richmond,19,15288,1528,219719,0.012434554973821989,7.0,0.003774703318554881
22149,2020-08-31,Richmond,20,15308,2469,222188,0.008100445524503848,8.0,0.00391974923234721
22150,2020-09-01,Richmond,24,15332,2045,224233,0.0117359413202934,9.0,0.004229160670606097
22151,2020-09-02,Richmond,18,15350,2887,227120,0.006234845860755109,9.0,0.004015166144176517
22152,2020-09-03,Richmond,19,15369,2641,229761,0.007194244604316547,9.0,0.004134553066786546
22153,2020-09-04,Richmond,24,15393,2553,232314,0.009400705052878966,10.0,0.004453365296297433
22154,2020-09-05,Richmond,27,15420,2668,234982,0.010119940029985007,10.0,0.004658619811896776
22155,2020-09-06,Richmond,31,15451,1846,236828,0.016793066088840736,11.0,0.004969942034398116
22156,2020-09-07,Richmond,15,15466,1483,238311,0.010114632501685773,11.0,0.005113812532768254
22157,2020-09-08,Richmond,20,15486,1827,240138,0.010946907498631636,11.0,0.005057452974078127
22158,2020-09-09,Richmond,24,15510,2525,242663,0.009504950495049505,11.0,0.005291031876527726
22159,2020-09-10,Richmond,27,15537,1967,244630,0.013726487036095577,12.0,0.0057576206216547994
22160,2020-09-11,Richmond,28,15565,3042,247672,0.009204470742932281,12.0,0.005743603885230037
22161,2020-09-12,Richmond,17,15582,1740,249412,0.009770114942528735,11.0,0.00571861637898316
22162,2020-09-13,Richmond,22,15604,1601,251013,0.013741411617738912,10.0,0.005500641059618745
22163,2020-09-14,Richmond,27,15631,2318,253331,0.011647972389991372,11.0,0.005610165337354859
22164,2020-09-15,Richmond,11,15642,1532,254863,0.007180156657963447,11.0,0.005341111705878559
22165,2020-09-16,Richmond,24,15666,2426,257289,0.00989282769991756,11.0,0.005368817220511991
22166,2020-09-17,Richmond,23,15689,2017,259306,0.011403073872087258,10.0,0.00520285913736854
22167,2020-09-18,Richmond,24,15713,2718,262024,0.008830022075055188,10.0,0.005176112803948749
22168,2020-09-19,Richmond,17,15730,2408,264432,0.0070598006644518275,10.0,0.004982518926943255
22169,2020-09-20,Richmond,23,15753,1329,265761,0.01730624529721595,10.0,0.005237149904048757
22170,2020-09-21,Richmond,33,15786,2287,268048,0.014429383471797114,11.0,0.005435822124177737
22171,2020-09-22,Richmond,13,15799,1076,269124,0.012081784386617101,11.0,0.005785938390510143
22172,2020-09-23,Richmond,24,15823,2677,271801,0.008965259618976467,11.0,0.005719683527585779
22173,2020-09-24,Richmond,14,15837,2118,273919,0.0066100094428706326,10.0,0.005377321782641734
22174,2020-09-25,Richmond,30,15867,2524,276443,0.011885895404120444,11.0,0.005595598449003538
22175,2020-09-26,Richmond,23,15890,2226,278669,0.010332434860736747,11.0,0.0058293580344524615
22176,2020-09-27,Richmond,23,15913,1743,280412,0.013195639701663799,11.0,0.005535743349055879
22177,2020-09-28,Richmond,37,15950,2385,282797,0.01551362683438155,11.0,0.005613189303526196
22178,2020-09-29,Richmond,39,15989,1763,284560,0.02212138400453772,13.0,0.006330303561949096
22179,2020-09-30,Richmond,36,16025,2281,286841,0.01578255151249452,14.0,0.006817252982914671
22180,2020-10-01,Richmond,36,16061,2341,289182,0.015378043571123452,16.0,0.0074435411349327305
22181,2020-10-02,Richmond,46,16107,3278,292460,0.014032946918852958,17.0,0.007596901957413625
22182,2020-10-03,Richmond,30,16137,2661,295121,0.011273957158962795,17.0,0.007664153550144058
22183,2020-10-04,Richmond,20,16157,1760,296881,0.011363636363636364,17.0,0.007533296168856383
22184,2020-10-05,Richmond,52,16209,2812,299693,0.01849217638691323,18.0,0.007746049708322931
22185,2020-10-06,Richmond,31,16240,2182,301875,0.014207149404216315,17.0,0.007180747236871403
22186,2020-10-07,Richmond,54,16294,3978,305853,0.013574660633484163,19.0,0.007023040745513519
22187,2020-10-08,Richmond,30,16324,2487,308340,0.012062726176115802,18.0,0.006786232360155831
22188,2020-10-09,Richmond,49,16373,3396,311736,0.014428739693757362,19.0,0.006814503272649002
22189,2020-10-10,Richmond,28,16401,2812,314548,0.00995732574679943,18.0,0.006720458171780191
22190,2020-10-11,Richmond,33,16434,2630,317178,0.012547528517110267,19.0,0.006805021897028327
22191,2020-10-12,Richmond,62,16496,3099,320277,0.020006453694740238,20.0,0.006913184561873113
22192,2020-10-13,Richmond,26,16522,2079,322356,0.012506012506012507,20.0,0.006791674783429983
22193,2020-10-14,Richmond,37,16559,2715,325071,0.013627992633517496,18.0,0.006795484212003793
22194,2020-10-15,Richmond,46,16605,3256,328327,0.014127764127764128,20.0,0.006942986922835817
22195,2020-10-16,Richmond,65,16670,4789,333116,0.013572770933389017,21.0,0.00688184629709522
22196,2020-10-17,Richmond,50,16720,3621,336737,0.013808340237503451,22.0,0.0071569187607169365
22197,2020-10-18,Richmond,26,16746,1988,338725,0.013078470824949699,22.0,0.0071948432112768955
22198,2020-10-19,Richmond,36,16782,2376,341101,0.015151515151515152,20.0,0.006848061886760818
22199,2020-10-20,Richmond,78,16860,3394,344495,0.022981732469063054,24.0,0.007596327598407286
22200,2020-10-21,Richmond,32,16892,2803,347298,0.011416339636104174,23.0,0.007438352384306334
22201,2020-10-22,Richmond,37,16929,3598,350896,0.01028349082823791,23.0,0.007163761434340175
22202,2020-10-23,Richmond,75,17004,3988,354884,0.01880641925777332,23.0,0.007537593457510483
22203,2020-10-24,Richmond,44,17048,2919,357803,0.015073655361425145,23.0,0.007627973109219176
22204,2020-10-25,Richmond,37,17085,1832,359635,0.02019650655021834,24.0,0.00813640423245265
22205,2020-10-26,Richmond,89,17174,4278,363913,0.020804114071996258,28.0,0.0085401612982013
22206,2020-10-27,Richmond,78,17252,2959,366872,0.026360256843528218,28.0,0.008781484467805955
22207,2020-10-28,Richmond,107,17359,4394,371266,0.0243513882567137,33.0,0.009705416512135207
22208,2020-10-29,Richmond,98,17457,3388,374654,0.028925619834710745,37.0,0.011036997155454694
22209,2020-10-30,Richmond,78,17535,3642,378296,0.0214168039538715,37.0,0.011223453205175994
22210,2020-10-31,Richmond,109,17644,3817,382113,0.028556457951270632,42.0,0.0121865105330221
22211,2020-11-01,Richmond,59,17703,2396,384509,0.024624373956594323,44.0,0.012502786776334669
22212,2020-11-02,Richmond,74,17777,3050,387559,0.024262295081967214,43.0,0.01274979970561831
22213,2020-11-03,Richmond,49,17826,2344,389903,0.020904436860068258,41.0,0.012360098278228314
22214,2020-11-04,Richmond,115,17941,3848,393751,0.029885654885654887,41.0,0.012755403037438396
22215,2020-11-05,Richmond,191,18132,5425,399176,0.0352073732718894,48.0,0.013204099711522586
22216,2020-11-06,Richmond,137,18269,4565,403741,0.030010952902519168,52.0,0.01381796749356885
22217,2020-11-07,Richmond,128,18397,4448,408189,0.02877697841726619,53.0,0.013833718955425674
22218,2020-11-08,Richmond,126,18523,3301,411490,0.03817025143895789,58.0,0.014801281632737359
22219,2020-11-09,Richmond,138,18661,3175,414665,0.043464566929133856,63.0,0.016172872478963547
22220,2020-11-10,Richmond,215,18876,4472,419137,0.04807692307692308,75.0,0.018113764351596034
22221,2020-11-11,Richmond,160,19036,4292,423429,0.03727865796831314,78.0,0.01864183600035734
22222,2020-11-12,Richmond,229,19265,4967,428396,0.04610428830279847,80.0,0.0194201870739937
22223,2020-11-13,Richmond,226,19491,5081,433477,0.0444794331824444,87.0,0.020453649951131216
22224,2020-11-14,Richmond,151,19642,4355,437832,0.03467278989667049,88.0,0.02087477934251724
22225,2020-11-15,Richmond,107,19749,3502,441334,0.030553969160479727,87.0,0.020330759179768797
22226,2020-11-16,Richmond,273,20022,5729,447063,0.047652295339500786,97.0,0.02062988263765215
22227,2020-11-17,Richmond,192,20214,4468,451531,0.04297224709042077,95.0,0.020265262924330556
22228,2020-11-18,Richmond,184,20398,4427,455958,0.04156313530607635,97.0,0.020571297019885075
22229,2020-11-19,Richmond,188,20586,5420,461378,0.03468634686346864,94.0,0.019755729774218654
22230,2020-11-20,Richmond,204,20790,5390,466768,0.03784786641929499,92.0,0.019282046433993696
22231,2020-11-21,Richmond,256,21046,5835,472603,0.043873179091688086,100.0,0.01993921709078067
22232,2020-11-22,Richmond,167,21213,4009,476612,0.041656273384884014,104.0,0.02073223882109526
22233,2020-11-23,Richmond,219,21432,5963,482575,0.036726479959751805,100.0,0.019951823436827474
22234,2020-11-24,Richmond,265,21697,5772,488347,0.04591129591129591,105.0,0.020161755495461415
22235,2020-11-25,Richmond,254,21951,7089,495436,0.03583015940189025,110.0,0.01975225721659098
22236,2020-11-26,Richmond,258,22209,5833,501269,0.04423109891993828,115.0,0.020434025220624524
22237,2020-11-27,Richmond,195,22404,5153,506422,0.03784203376673782,115.0,0.020433608602584728
22238,2020-11-28,Richmond,331,22735,6471,512893,0.051151290372430845,120.0,0.020953473694066353
22239,2020-11-29,Richmond,280,23015,4787,517680,0.05849174848548151,128.0,0.022156007629823313
22240,2020-11-30,Richmond,361,23376,5232,522912,0.06899847094801223,138.0,0.02446114984327049
22241,2020-12-01,Richmond,490,23866,7833,530745,0.06255585344057193,154.0,0.02565004680964735
22242,2020-12-02,Richmond,339,24205,5936,536681,0.05710916442048518,161.0,0.027169975739546985
22243,2020-12-03,Richmond,548,24753,8815,545496,0.06216676120249574,181.0,0.028451094474015375
22244,2020-12-04,Richmond,358,25111,5839,551335,0.061311868470628535,193.0,0.030127511238578996
22245,2020-12-05,Richmond,359,25470,4975,556310,0.0721608040201005,195.0,0.031628190784841116
22246,2020-12-06,Richmond,271,25741,4258,560568,0.06364490371066228,194.0,0.031996273300925464
22247,2020-12-07,Richmond,507,26248,6575,567143,0.07711026615969582,205.0,0.032575687244617145
22248,2020-12-08,Richmond,428,26676,6645,573788,0.06440933032355155,200.0,0.032708078450544256
22249,2020-12-09,Richmond,348,27024,7281,581069,0.047795632468067575,201.0,0.03204282616822872
22250,2020-12-10,Richmond,424,27448,7011,588080,0.06047639423762659,192.0,0.03192208567073806
22251,2020-12-11,Richmond,305,27753,6840,594920,0.0445906432748538,188.0,0.03072771244246844
22252,2020-12-12,Richmond,321,28074,7110,602030,0.04514767932489452,186.0,0.02879820353566801
22253,2020-12-13,Richmond,277,28351,4792,606822,0.057804674457429046,186.0,0.028381044303294207
22254,2020-12-14,Richmond,459,28810,8628,615450,0.05319888734353268,183.0,0.026673088673568268
22255,2020-12-15,Richmond,357,29167,5297,620747,0.0673966396073249,177.0,0.026886467908123508
22256,2020-12-16,Richmond,337,29504,6782,627529,0.049690356826894724,177.0,0.027021805362325447
22257,2020-12-17,Richmond,350,29854,7600,635129,0.046052631578947366,171.0,0.025991536600991214
22258,2020-12-18,Richmond,338,30192,5840,640969,0.05787671232876712,174.0,0.026940541533413596
22259,2020-12-19,Richmond,313,30505,6288,647257,0.04977735368956743,173.0,0.02727123255946166
22260,2020-12-20,Richmond,297,30802,4607,651864,0.06446711525938789,175.0,0.027747121188173008
22261,2020-12-21,Richmond,350,31152,5837,657701,0.059962309405516535,167.0,0.028230222764028996
22262,2020-12-22,Richmond,456,31608,7340,665041,0.06212534059945504,174.0,0.027853701406324007
22263,2020-12-23,Richmond,464,32072,8494,673535,0.05462679538497763,183.0,0.028206304160472786
22264,2020-12-24,Richmond,410,32482,7163,680698,0.057238587184140724,187.0,0.02900530098941517
22265,2020-12-25,Richmond,323,32805,6384,687082,0.050595238095238096,186.0,0.02848519568702024
22266,2020-12-26,Richmond,219,33024,3879,690961,0.05645784996133024,179.0,0.02896237399214616
22267,2020-12-27,Richmond,394,33418,4309,695270,0.0914365281967974,186.0,0.03088876063053255
22268,2020-12-28,Richmond,501,33919,7145,702415,0.07011896431070679,197.0,0.03161423598090328
22269,2020-12-29,Richmond,483,34402,5171,707586,0.09340553084509766,199.0,0.03384853528416346
22270,2020-12-30,Richmond,596,34998,8114,715700,0.07345329060882426,209.0,0.03519328494300965
22271,2020-12-31,Richmond,551,35549,8709,724409,0.0632678837983695,219.0,0.03562394898688314
22272,2021-01-01,Richmond,499,36048,6812,731221,0.07325308279506752,231.0,0.037242366465442385
22273,2021-01-02,Richmond,371,36419,5152,736373,0.07201086956521739,242.0,0.03835329643714861
22274,2021-01-03,Richmond,430,36849,4760,741133,0.09033613445378151,245.0,0.038274696884076045
22275,2021-01-04,Richmond,616,37465,7068,748201,0.08715336728919072,253.0,0.039491439953967755
22276,2021-01-05,Richmond,641,38106,7146,755347,0.08970053176602295,264.0,0.03922679716260528
22277,2021-01-06,Richmond,580,38686,8811,764158,0.0658268073998411,263.0,0.03868204836196363
22278,2021-01-07,Richmond,498,39184,7552,771710,0.0659427966101695,259.0,0.038873113562806476
22279,2021-01-08,Richmond,621,39805,10371,782081,0.05987850737633787,268.0,0.03791778674718293
22280,2021-01-09,Richmond,469,40274,8040,790121,0.058333333333333334,275.0,0.03694081987347692
22281,2021-01-10,Richmond,457,40731,7248,797369,0.06305187637969095,277.0,0.03499194429675617
22282,2021-01-11,Richmond,564,41295,7543,804912,0.07477131114941005,273.0,0.03410751171534327
22283,2021-01-12,Richmond,519,41814,7815,812727,0.06641074856046066,264.0,0.03244395577208882
22284,2021-01-13,Richmond,459,42273,7455,820182,0.061569416498993966,256.0,0.03213985642202831
22285,2021-01-14,Richmond,614,42887,10500,830682,0.05847619047619047,264.0,0.03160652741245838
22286,2021-01-15,Richmond,481,43368,8321,839003,0.05780555221728158,254.0,0.0314584591868115
22287,2021-01-16,Richmond,444,43812,7751,846754,0.057282931234679396,252.0,0.031383430465479076
22288,2021-01-17,Richmond,440,44252,6666,853420,0.066006600660066,251.0,0.03159448219979157
22289,2021-01-18,Richmond,426,44678,6373,859793,0.06684450023536796,241.0,0.03102828142021714
22290,2021-01-19,Richmond,491,45169,7235,867028,0.06786454733932273,239.0,0.031132124190135863
22291,2021-01-20,Richmond,358,45527,6067,873095,0.05900774682709741,232.0,0.0309491477850004
22292,2021-01-21,Richmond,485,46012,8559,881654,0.05666549830587685,223.0,0.030819812629978
22293,2021-01-22,Richmond,389,46401,7315,888969,0.0531784005468216,216.0,0.030489301796373713
22294,2021-01-23,Richmond,440,46841,7652,896621,0.057501306847882905,216.0,0.030504900054459678
22295,2021-01-24,Richmond,413,47254,6679,903300,0.06183560413235514,214.0,0.030206971731051756
22296,2021-01-25,Richmond,361,47615,5985,909285,0.06031746031746032,209.0,0.029740754594058356
22297,2021-01-26,Richmond,334,47949,6380,915665,0.05235109717868339,198.0,0.028632651011155547
22298,2021-01-27,Richmond,347,48296,7121,922786,0.048729111079904505,197.0,0.027898462743498907
22299,2021-01-28,Richmond,371,48667,8024,930810,0.04623629112662014,189.0,0.027153519373552003
22300,2021-01-29,Richmond,362,49029,8172,938982,0.044297601566324035,187.0,0.026519176589230746
22301,2021-01-30,Richmond,280,49309,6806,945788,0.041140170437848955,176.0,0.02535052398851403
22302,2021-01-31,Richmond,255,49564,4750,950538,0.05368421052631579,165.0,0.02476828158808266
22303,2021-02-01,Richmond,289,49853,5366,955904,0.05385762206485278,159.0,0.024306864570039253
22304,2021-02-02,Richmond,196,50049,3592,959496,0.05456570155902005,150.0,0.02446505059720616
22305,2021-02-03,Richmond,161,50210,2989,962485,0.053864168618266976,136.0,0.024831840421374908
22306,2021-02-04,Richmond,184,50394,4113,966598,0.04473620228543642,123.0,0.024724691218433213
22307,2021-02-05,Richmond,332,50726,7052,973650,0.047078842881452074,121.0,0.024923351312370928
22308,2021-02-06,Richmond,344,51070,6688,980338,0.05143540669856459,125.0,0.02565872533099348
22309,2021-02-07,Richmond,310,51380,5954,986292,0.05206583809203896,129.0,0.025543127299973704
22310,2021-02-08,Richmond,242,51622,4551,990843,0.053175126345858054,126.0,0.025494377605759795
22311,2021-02-09,Richmond,199,51821,4519,995362,0.04403629121487054,126.0,0.024742276866891972
22312,2021-02-10,Richmond,324,52145,7810,1003172,0.04148527528809219,138.0,0.023858070200450915
22313,2021-02-11,Richmond,278,52423,6458,1009630,0.04304738309074017,144.0,0.023737440257972614
22314,2021-02-12,Richmond,300,52723,6818,1016448,0.04400117336462306,142.0,0.023517606721056256
22315,2021-02-13,Richmond,332,53055,6232,1022680,0.05327342747111682,141.0,0.0236488939190957
22316,2021-02-14,Richmond,211,53266,4930,1027610,0.04279918864097363,134.0,0.022986990386876745
22317,2021-02-15,Richmond,220,53486,4704,1032314,0.0467687074829932,133.0,0.022529389039529255
22318,2021-02-16,Richmond,232,53718,4985,1037299,0.04653961885656971,135.0,0.022708198156793483
22319,2021-02-17,Richmond,209,53927,5896,1043195,0.03544776119402985,127.0,0.022276947150074746
22320,2021-02-18,Richmond,286,54213,6560,1049755,0.04359756097560975,127.0,0.022316245570422572
22321,2021-02-19,Richmond,246,54459,5642,1055397,0.04360155973059199,124.0,0.02228770173942035
22322,2021-02-20,Richmond,212,54671,4012,1059409,0.05284147557328016,115.0,0.02225684803243202
22323,2021-02-21,Richmond,216,54887,4299,1063708,0.05024424284717376,115.0,0.022788637618589173
22324,2021-02-22,Richmond,222,55109,3841,1067549,0.05779744858109867,115.0,0.02357640483988242
22325,2021-02-23,Richmond,241,55350,5876,1073425,0.0410142954390742,116.0,0.023181738881489885
22326,2021-02-24,Richmond,247,55597,7132,1080557,0.034632641615255186,119.0,0.02312351605443455
22327,2021-02-25,Richmond,276,55873,7423,1087980,0.037181732453186046,118.0,0.022665242588547147
22328,2021-02-26,Richmond,267,56140,7537,1095517,0.03542523550484278,120.0,0.022081219429565056
22329,2021-02-27,Richmond,284,56424,6408,1101925,0.04431960049937578,125.0,0.021472514067143313
22330,2021-02-28,Richmond,221,56645,5125,1107050,0.04312195121951219,125.0,0.020963778950881775
22331,2021-03-01,Richmond,221,56866,3696,1110746,0.059794372294372296,125.0,0.02110641635897275
22332,2021-03-02,Richmond,272,57138,5657,1116403,0.048082022273289726,127.0,0.021611253989988144
22333,2021-03-03,Richmond,313,57451,7166,1123569,0.043678481719229695,132.0,0.022257385425986324
22334,2021-03-04,Richmond,382,57833,8833,1132402,0.0432469149779237,140.0,0.022690612749181865
22335,2021-03-05,Richmond,293,58126,7334,1139736,0.03995091355331334,141.0,0.023013875466929765
22336,2021-03-06,Richmond,276,58402,6295,1146031,0.04384432088959492,141.0,0.022979926923373993
22337,2021-03-07,Richmond,220,58622,3675,1149706,0.05986394557823129,141.0,0.024175783663282494
22338,2021-03-08,Richmond,324,58946,6372,1156078,0.05084745762711865,148.0,0.023536718329907242
22339,2021-03-09,Richmond,247,59193,5048,1161126,0.04893026941362916,146.0,0.02359730741136005
22340,2021-03-10,Richmond,222,59415,6230,1167356,0.03563402889245586,140.0,0.023022703638019063
22341,2021-03-11,Richmond,387,59802,7938,1175294,0.048752834467120185,140.0,0.0234159836015331
22342,2021-03-12,Richmond,263,60065,4835,1180129,0.05439503619441572,138.0,0.024447706647326126
22343,2021-03-13,Richmond,212,60277,5202,1185331,0.040753556324490584,133.0,0.024226937749818673
22344,2021-03-14,Richmond,226,60503,3643,1188974,0.06203678287125995,134.0,0.02438214041360644
22345,2021-03-15,Richmond,244,60747,3692,1192666,0.06608884073672806,128.0,0.025470810635721396
22346,2021-03-16,Richmond,363,61110,9652,1202318,0.03760878574388728,136.0,0.02466213323073983
22347,2021-03-17,Richmond,259,61369,6651,1208969,0.03894151255450308,139.0,0.024898382063743205
22348,2021-03-18,Richmond,338,61707,7881,1216850,0.04288795838091613,136.0,0.024479462343300055
22349,2021-03-19,Richmond,291,61998,6657,1223507,0.04371338440739072,138.0,0.023716487215655415
22350,2021-03-20,Richmond,363,62361,7457,1230964,0.04867909346922355,148.0,0.024282597011707766
22351,2021-03-21,Richmond,248,62609,4725,1235689,0.052486772486772484,150.0,0.023600453412815806
22352,2021-03-22,Richmond,289,62898,4662,1240351,0.06199056199056199,153.0,0.023307719216661086
22353,2021-03-23,Richmond,320,63218,6379,1246730,0.05016460260228876,150.0,0.02420456327797548
22354,2021-03-24,Richmond,283,63501,6367,1253097,0.04444793466310664,152.0,0.02459787914287573
22355,2021-03-25,Richmond,335,63836,7595,1260692,0.044107965766951945,152.0,0.024685022527592578
22356,2021-03-26,Richmond,260,64096,6379,1267071,0.04075873961435962,149.0,0.0244739764709475
22357,2021-03-27,Richmond,351,64447,7069,1274140,0.049653416324798416,149.0,0.024543570960631422
22358,2021-03-28,Richmond,305,64752,5056,1279196,0.0603243670886076,153.0,0.025103399146476784
22359,2021-03-29,Richmond,280,65032,4734,1283930,0.059146599070553446,152.0,0.024900258937904745
22360,2021-03-30,Richmond,376,65408,6332,1290262,0.05938092229943146,156.0,0.025558567487700655
22361,2021-03-31,Richmond,349,65757,6341,1296603,0.055038637438889766,161.0,0.026315046257399444
22362,2021-04-01,Richmond,282,66039,6762,1303365,0.0417036379769299,157.0,0.026143308558112154
22363,2021-04-02,Richmond,315,66354,6396,1309761,0.04924953095684803,161.0,0.02674979365400419
22364,2021-04-03,Richmond,288,66642,6597,1316358,0.04365620736698499,156.0,0.026321421585588943
22365,2021-04-04,Richmond,261,66903,4916,1321274,0.05309194467046379,153.0,0.02580481998429296
22366,2021-04-05,Richmond,251,67154,3876,1325150,0.06475748194014448,151.0,0.026205597332120887
22367,2021-04-06,Richmond,277,67431,5886,1331036,0.04706082229018009,144.0,0.02532559018860293
22368,2021-04-07,Richmond,413,67844,9222,1340258,0.04478421166775103,149.0,0.024593131204950165
22369,2021-04-08,Richmond,361,68205,8468,1348726,0.042631081719414265,154.0,0.024659377186556194
22370,2021-04-09,Richmond,280,68485,7603,1356329,0.036827568065237404,152.0,0.02377209412286972
22371,2021-04-10,Richmond,334,68819,6981,1363310,0.047844148402807624,155.0,0.02407123276828562
22372,2021-04-11,Richmond,168,68987,3443,1366753,0.04879465582340982,148.0,0.023764283564924625
22373,2021-04-12,Richmond,200,69187,3778,1370531,0.05293806246691371,145.0,0.02292003931683671
22374,2021-04-13,Richmond,270,69457,5904,1376435,0.04573170731707317,144.0,0.022825102533043356
22375,2021-04-14,Richmond,196,69653,5468,1381903,0.03584491587417703,129.0,0.022186581404930933
22376,2021-04-15,Richmond,269,69922,7879,1389782,0.03414138850107882,122.0,0.021580174746478397
22377,2021-04-16,Richmond,318,70240,10759,1400541,0.029556650246305417,125.0,0.02106082347369754
22378,2021-04-17,Richmond,250,70490,7083,1407624,0.03529577862487646,119.0,0.02016451134670246
22379,2021-04-18,Richmond,206,70696,4749,1412373,0.04337755316908823,122.0,0.019777575442822343
22380,2021-04-19,Richmond,187,70883,3561,1415934,0.05251333894973322,121.0,0.01974723804873802
22381,2021-04-20,Richmond,161,71044,5209,1421143,0.030908043770397388,113.0,0.018688404938261183
22382,2021-04-21,Richmond,197,71241,7130,1428273,0.027629733520336607,113.0,0.018101606198701152
22383,2021-04-22,Richmond,176,71417,7027,1435300,0.0250462501778853,106.0,0.017451953461330185
22384,2021-04-23,Richmond,193,71610,8108,1443408,0.02380365071534287,97.0,0.017041024923404292
22385,2021-04-24,Richmond,186,71796,7120,1450528,0.026123595505617977,93.0,0.0163858689863144
22386,2021-04-25,Richmond,120,71916,3943,1454471,0.03043367993913264,87.0,0.015461306612746143
22387,2021-04-26,Richmond,97,72013,3155,1457626,0.030744849445324882,80.0,0.013906414505288404
22388,2021-04-27,Richmond,103,72116,5201,1462827,0.01980388386848683,76.0,0.013113260226580508
22389,2021-04-28,Richmond,137,72253,7598,1470425,0.018031060805475126,72.0,0.012427640746947546
22390,2021-04-29,Richmond,127,72380,7087,1477512,0.01792013545929166,68.0,0.011918632552762284
22391,2021-04-30,Richmond,127,72507,6434,1483946,0.01973888716195213,64.0,0.01162829229894866
22392,2021-05-01,Richmond,117,72624,5931,1489877,0.019726858877086494,59.0,0.01117138253976784
22393,2021-05-02,Richmond,95,72719,3728,1493605,0.025482832618025753,57.0,0.010817750588260205
22394,2021-05-03,Richmond,81,72800,3280,1496885,0.024695121951219513,56.0,0.010385627195824107
22395,2021-05-04,Richmond,66,72866,5304,1502189,0.012443438914027148,53.0,0.009859881127648417
22396,2021-05-05,Richmond,95,72961,6355,1508544,0.014948859166011016,50.0,0.009639723867686694
22397,2021-05-06,Richmond,84,73045,6510,1515054,0.012903225806451613,47.0,0.009281373178198118
22398,2021-05-07,Richmond,86,73131,7151,1522205,0.012026290029366522,44.0,0.008730473383013432
22399,2021-05-08,Richmond,64,73195,5772,1527977,0.011088011088011088,40.0,0.008113412826650903
22400,2021-05-09,Richmond,77,73272,3420,1531397,0.022514619883040935,39.0,0.007901397631294844
22401,2021-05-10,Richmond,55,73327,2601,1533998,0.02114571318723568,37.0,0.007647868433867429
22402,2021-05-11,Richmond,41,73368,5316,1539314,0.007712565838976674,35.0,0.0073099489285066805
22403,2021-05-12,Richmond,75,73443,6267,1545581,0.011967448539971278,34.0,0.0070969910266467
22404,2021-05-13,Richmond,74,73517,6843,1552424,0.010813970480783282,33.0,0.006947758503384675
22405,2021-05-14,Richmond,65,73582,4933,1557357,0.013176565984188121,32.0,0.0070299210715862185
22406,2021-05-15,Richmond,67,73649,5220,1562577,0.012835249042145594,32.0,0.007154723782595825
22407,2021-05-16,Richmond,40,73689,2939,1565516,0.013610071452875128,29.0,0.006518684609012553
22408,2021-05-17,Richmond,31,73720,3152,1568668,0.00983502538071066,28.0,0.00571077833711791
22409,2021-05-18,Richmond,52,73772,4384,1573052,0.011861313868613138,28.0,0.006007117482091943
22410,2021-05-19,Richmond,55,73827,6238,1579290,0.008816928502725233,27.0,0.005782080336574368
22411,2021-05-20,Richmond,36,73863,6842,1586132,0.005261619409529378,24.0,0.005385483831484804
22412,2021-05-21,Richmond,39,73902,5702,1591834,0.006839705366538057,22.0,0.004932850930224085
22413,2021-05-22,Richmond,31,73933,4656,1596490,0.00665807560137457,20.0,0.004491624255883298
22414,2021-05-23,Richmond,33,73966,2518,1599008,0.013105639396346307,19.0,0.004455593394702667
22415,2021-05-24,Richmond,29,73995,2523,1601531,0.011494252873563218,19.0,0.004574109644192135
22416,2021-05-25,Richmond,47,74042,4786,1606317,0.009820309235269536,19.0,0.004428323598953307
22417,2021-05-26,Richmond,44,74086,6552,1612869,0.006715506715506716,18.0,0.004278222042723412
22418,2021-05-27,Richmond,32,74118,5210,1618079,0.006142034548944338,18.0,0.00434110883839591
22419,2021-05-28,Richmond,43,74161,4394,1622473,0.00978607191624943,18.0,0.004551563591946722
22420,2021-05-29,Richmond,21,74182,4218,1626691,0.004978662873399715,17.0,0.004431605539948519
22421,2021-05-30,Richmond,13,74195,2094,1628785,0.0062082139446036294,16.0,0.003938932293395471
22422,2021-05-31,Richmond,17,74212,1872,1630657,0.009081196581196582,15.0,0.003766571129654996
22423,2021-06-01,Richmond,15,74227,1864,1632521,0.008047210300429184,13.0,0.0036399212057378278
22424,2021-06-02,Richmond,24,74251,4171,1636692,0.005754015823543515,11.0,0.003571243284883314
22425,2021-06-03,Richmond,30,74281,7923,1644615,0.003786444528587656,11.0,0.0034029868548578366
22426,2021-06-04,Richmond,21,74302,3429,1648044,0.006124234470691163,10.0,0.0031414270373179604
22427,2021-06-05,Richmond,21,74323,4899,1652943,0.004286589099816289,10.0,0.0030919931963477158
22428,2021-06-06,Richmond,14,74337,2236,1655179,0.006261180679785331,10.0,0.0030957765345749804
22429,2021-06-07,Richmond,15,74352,2644,1657823,0.0056732223903177,10.0,0.0028523498066550593
22430,2021-06-08,Richmond,19,74371,4195,1662018,0.004529201430274136,10.0,0.002601063458786842
22431,2021-06-09,Richmond,24,74395,4663,1666681,0.0051469011366073346,10.0,0.002557698124005687
22432,2021-06-10,Richmond,23,74418,5123,1671804,0.004489556900253757,9.0,0.002607920436267551
22433,2021-06-11,Richmond,29,74447,5047,1676851,0.005745987715474539,10.0,0.002580902810894935
22434,2021-06-12,Richmond,17,74464,4453,1681304,0.0038176510217830676,10.0,0.0025474072338925622
22435,2021-06-13,Richmond,14,74478,1938,1683242,0.007223942208462332,10.0,0.0026161759145123475
22436,2021-06-14,Richmond,11,74489,1981,1685223,0.005552751135790005,9.0,0.0026075708249032265
22437,2021-06-15,Richmond,23,74512,4145,1689368,0.005548854041013269,10.0,0.0026804031542417357
22438,2021-06-16,Richmond,17,74529,4581,1693949,0.0037109801353416285,9.0,0.002577837368437043
22439,2021-06-17,Richmond,25,74554,4777,1698726,0.005233410090014654,9.0,0.00263096973913425
22440,2021-06-18,Richmond,28,74582,4247,1702973,0.006592889098186955,9.0,0.0026914626950422793
22441,2021-06-19,Richmond,23,74605,3368,1706341,0.006828978622327791,10.0,0.002906557523652617
22442,2021-06-20,Richmond,24,74629,2006,1708347,0.011964107676969093,10.0,0.0032451407714030995
22443,2021-06-21,Richmond,16,74645,2376,1710723,0.006734006734006734,11.0,0.0033295161712757235
22444,2021-06-22,Richmond,22,74667,3296,1714019,0.006674757281553398,11.0,0.0034099378313143043
22445,2021-06-23,Richmond,22,74689,3666,1717685,0.006001091107474086,11.0,0.0035735171864666225
22446,2021-06-24,Richmond,23,74712,3225,1720910,0.007131782945736434,11.0,0.0037091152475896066
22447,2021-06-25,Richmond,30,74742,3587,1724497,0.008363534987454697,11.0,0.003835589953965874
22448,2021-06-26,Richmond,32,74774,3252,1727749,0.00984009840098401,12.0,0.004050669938155603
22449,2021-06-27,Richmond,26,74800,2089,1729838,0.01244614648157013,12.0,0.004085101281341391
22450,2021-06-28,Richmond,30,74830,1893,1731731,0.01584786053882726,13.0,0.004736090838828573
22451,2021-06-29,Richmond,35,74865,2508,1734239,0.013955342902711323,14.0,0.0052561326689112816
22452,2021-06-30,Richmond,36,74901,3496,1737735,0.010297482837528604,15.0,0.005563017792486603
22453,2021-07-01,Richmond,40,74941,2305,1740040,0.01735357917570499,16.0,0.006293146094627215
22454,2021-07-02,Richmond,38,74979,2909,1742949,0.013062908215881746,16.0,0.006628815610943433
22455,2021-07-03,Richmond,37,75016,2610,1745559,0.014176245210727969,17.0,0.006938540383068003
22456,2021-07-04,Richmond,30,75046,1872,1747431,0.016025641025641024,17.0,0.00719421856478735
22457,2021-07-05,Richmond,12,75058,1146,1748577,0.010471204188481676,16.0,0.006810171682619809
22458,2021-07-06,Richmond,23,75081,1291,1749868,0.017815646785437646,15.0,0.007085907674243117
22459,2021-07-07,Richmond,37,75118,3597,1753465,0.01028634973589102,15.0,0.007085112452697576
22460,2021-07-08,Richmond,49,75167,3104,1756569,0.015786082474226804,16.0,0.006973148402591991
22461,2021-07-09,Richmond,45,75212,2948,1759517,0.015264586160108548,16.0,0.007130411112893906
22462,2021-07-10,Richmond,40,75252,2623,1762140,0.015249714067861228,16.0,0.0072070874598319954
22463,2021-07-11,Richmond,40,75292,1977,1764117,0.020232675771370764,17.0,0.007507589941669834
22464,2021-07-12,Richmond,20,75312,2007,1766124,0.009965122072745391,18.0,0.007471441219117243
22465,2021-07-13,Richmond,49,75361,2772,1768896,0.017676767676767676,20.0,0.007461521282783673
22466,2021-07-14,Richmond,53,75414,3146,1772042,0.016846789574062302,21.0,0.007930124128367338
22467,2021-07-15,Richmond,54,75468,3032,1775074,0.017810026385224276,21.0,0.008074691550581442
22468,2021-07-16,Richmond,63,75531,2975,1778049,0.021176470588235293,22.0,0.008496969009733351
22469,2021-07-17,Richmond,76,75607,2926,1780975,0.025974025974025976,25.0,0.00926299128874512
22470,2021-07-18,Richmond,42,75649,2277,1783252,0.01844532279314888,25.0,0.009135323218872128
22471,2021-07-19,Richmond,45,75694,2615,1785867,0.017208413001912046,27.0,0.009652701142384031
22472,2021-07-20,Richmond,79,75773,2822,1788689,0.02799433026222537,29.0,0.010389669898488153
22473,2021-07-21,Richmond,78,75851,3125,1791814,0.02496,31.0,0.010969184928912275
22474,2021-07-22,Richmond,85,75936,3362,1795176,0.02528256989886972,33.0,0.011502938037029805
22475,2021-07-23,Richmond,96,76032,3488,1798664,0.027522935779816515,35.0,0.011956256979285608
22476,2021-07-24,Richmond,95,76127,3792,1802456,0.025052742616033755,37.0,0.011890451025143304
22477,2021-07-25,Richmond,61,76188,2360,1804816,0.025847457627118643,38.0,0.012419174941855432
22478,2021-07-26,Richmond,88,76276,2528,1807344,0.03481012658227848,41.0,0.013676440197595893
22479,2021-07-27,Richmond,121,76397,3481,1810825,0.03476012640045964,44.0,0.014159711350326912
22480,2021-07-28,Richmond,133,76530,3803,1814628,0.03497239021824875,48.0,0.014874882080201823
22481,2021-07-29,Richmond,115,76645,3905,1818533,0.029449423815621,50.0,0.015172514502826914
22482,2021-07-30,Richmond,140,76785,4060,1822593,0.034482758620689655,53.0,0.015669644705746423
22483,2021-07-31,Richmond,117,76902,3709,1826302,0.03154489080614721,55.0,0.016133369576468815
22484,2021-08-01,Richmond,129,77031,3527,1829829,0.036574992911823076,60.0,0.01689962209680484
22485,2021-08-02,Richmond,125,77156,3027,1832856,0.041295011562603234,62.0,0.01736282816682804
22486,2021-08-03,Richmond,130,77286,3753,1836609,0.034638955502264854,63.0,0.01735417310267127
22487,2021-08-04,Richmond,191,77477,4720,1841329,0.040466101694915255,67.0,0.017746581065290305
22488,2021-08-05,Richmond,162,77639,5112,1846441,0.03169014084507042,71.0,0.01790663228167955
22489,2020-03-01,Rockland,0,0,0,0,,,
22490,2020-03-02,Rockland,0,0,0,0,,,
22491,2020-03-03,Rockland,0,0,0,0,,,
22492,2020-03-04,Rockland,0,0,0,0,,,
22493,2020-03-05,Rockland,0,0,0,0,,,
22494,2020-03-06,Rockland,1,1,1,1,1.0,,
22495,2020-03-07,Rockland,0,1,0,1,,0.0,
22496,2020-03-08,Rockland,0,1,2,3,0.0,0.0,
22497,2020-03-09,Rockland,3,4,7,10,0.42857142857142855,0.0,
22498,2020-03-10,Rockland,0,4,2,12,0.0,0.0,
22499,2020-03-11,Rockland,2,6,2,14,1.0,0.0,
22500,2020-03-12,Rockland,2,8,5,19,0.4,1.0,
22501,2020-03-13,Rockland,1,9,8,27,0.125,1.0,
22502,2020-03-14,Rockland,3,12,21,48,0.14285714285714285,0.0,0.1497448979591837
22503,2020-03-15,Rockland,1,13,35,83,0.02857142857142857,0.0,0.15178571428571427
22504,2020-03-16,Rockland,9,22,39,122,0.23076923076923078,1.0,0.1376569858712716
22505,2020-03-17,Rockland,8,30,29,151,0.27586206896551724,1.0,0.15736141936880851
22506,2020-03-18,Rockland,23,53,58,209,0.39655172413793105,3.0,0.11425797109294646
22507,2020-03-19,Rockland,48,101,192,401,0.25,6.0,0.10354368537866074
22508,2020-03-20,Rockland,161,262,569,970,0.28295254833040423,18.0,0.1148260102594039
22509,2020-03-21,Rockland,193,455,604,1574,0.3195364238410596,31.0,0.12744595890111227
22510,2020-03-22,Rockland,137,592,393,1967,0.3486005089058524,41.0,0.15030517892499967
22511,2020-03-23,Rockland,79,671,315,2282,0.2507936507936508,46.0,0.15173549464102967
22512,2020-03-24,Rockland,297,968,592,2874,0.5016891891891891,67.0,0.16786600322843478
22513,2020-03-25,Rockland,229,1197,567,3441,0.4038800705467372,81.0,0.16838945654334952
22514,2020-03-26,Rockland,260,1457,588,4029,0.4421768707482993,96.0,0.18211637588251373
22515,2020-03-27,Rockland,439,1896,1078,5107,0.4072356215213358,116.0,0.19099373825329455
22516,2020-03-28,Rockland,313,2209,827,5934,0.3784764207980653,125.0,0.19520373803593785
22517,2020-03-29,Rockland,302,2511,604,6538,0.5,137.0,0.20601798739980554
22518,2020-03-30,Rockland,352,2863,739,7277,0.476319350473613,156.0,0.22212696594837425
22519,2020-03-31,Rockland,458,3321,930,8207,0.4924731182795699,168.0,0.22146867516911575
22520,2020-04-01,Rockland,430,3751,904,9111,0.4756637168141593,182.0,0.2265960784739316
22521,2020-04-02,Rockland,538,4289,997,10108,0.5396188565697091,202.0,0.233556220318318
22522,2020-04-03,Rockland,583,4872,1124,11232,0.5186832740213523,212.0,0.24151676692546206
22523,2020-04-04,Rockland,454,5326,880,12112,0.5159090909090909,222.0,0.2513333862191068
22524,2020-04-05,Rockland,377,5703,732,12844,0.5150273224043715,228.0,0.2524067663908476
22525,2020-04-06,Rockland,287,5990,662,13506,0.4335347432024169,223.0,0.24935072301433356
22526,2020-04-07,Rockland,423,6413,1027,14533,0.4118792599805258,220.0,0.24359401885011614
22527,2020-04-08,Rockland,252,6665,648,15181,0.3888888888888889,208.0,0.237395816855454
22528,2020-04-09,Rockland,457,7122,1013,16194,0.45113524185587367,202.0,0.23107555866160862
22529,2020-04-10,Rockland,355,7477,785,16979,0.45222929936305734,186.0,0.22632884618601606
22530,2020-04-11,Rockland,244,7721,569,17548,0.4288224956063269,171.0,0.2201083750929615
22531,2020-04-12,Rockland,244,7965,586,18134,0.41638225255972694,161.0,0.2130622986754869
22532,2020-04-13,Rockland,370,8335,779,18913,0.4749679075738126,167.0,0.2160218104163009
22533,2020-04-14,Rockland,139,8474,371,19284,0.3746630727762803,147.0,0.21336351133028336
22534,2020-04-15,Rockland,278,8752,830,20114,0.3349397590361446,149.0,0.20951000205508732
22535,2020-04-16,Rockland,235,8987,678,20792,0.3466076696165192,133.0,0.20204374689513344
22536,2020-04-17,Rockland,184,9171,610,21402,0.3016393442622951,121.0,0.19128732153079325
22537,2020-04-18,Rockland,193,9364,547,21949,0.35283363802559414,117.0,0.18585954598931237
22538,2020-04-19,Rockland,93,9457,316,22265,0.29430379746835444,106.0,0.1771396563399286
22539,2020-04-20,Rockland,111,9568,407,22672,0.2727272727272727,88.0,0.1626938967080329
22540,2020-04-21,Rockland,131,9699,478,23150,0.27405857740585776,87.0,0.15550786132443126
22541,2020-04-22,Rockland,129,9828,584,23734,0.2208904109589041,76.0,0.1473614793189141
22542,2020-04-23,Rockland,263,10091,1255,24989,0.2095617529880478,78.0,0.1375724852740233
22543,2020-04-24,Rockland,1000,11091,2606,27595,0.3837298541826554,137.0,0.14343609312547762
22544,2020-04-25,Rockland,165,11256,677,28272,0.24372230428360414,135.0,0.13564242642962115
22545,2020-04-26,Rockland,110,11366,565,28837,0.19469026548672566,136.0,0.1285271741452191
22546,2020-04-27,Rockland,87,11453,537,29374,0.16201117318435754,134.0,0.12061888132072517
22547,2020-04-28,Rockland,133,11586,528,29902,0.2518939393939394,134.0,0.11903569289130243
22548,2020-04-29,Rockland,122,11708,691,30593,0.17655571635311143,134.0,0.11586892899088867
22549,2020-04-30,Rockland,104,11812,823,31416,0.12636695018226002,122.0,0.10992644307618955
22550,2020-05-01,Rockland,133,11945,779,32195,0.17073170731707318,61.0,0.09471228972864795
22551,2020-05-02,Rockland,80,12025,598,32793,0.13377926421404682,54.0,0.08685921543796528
22552,2020-05-03,Rockland,70,12095,476,33269,0.14705882352941177,52.0,0.08345696958387142
22553,2020-05-04,Rockland,49,12144,437,33706,0.11212814645308924,49.0,0.0798938962459237
22554,2020-05-05,Rockland,60,12204,401,34107,0.14962593516209477,44.0,0.07258903880079196
22555,2020-05-06,Rockland,76,12280,852,34959,0.0892018779342723,40.0,0.06634947891373201
22556,2020-05-07,Rockland,69,12349,740,35699,0.09324324324324325,38.0,0.06398349984665938
22557,2020-05-08,Rockland,51,12400,669,36368,0.07623318385650224,32.0,0.05723360531376146
22558,2020-05-09,Rockland,51,12451,582,36950,0.08762886597938144,30.0,0.053937148296999644
22559,2020-05-10,Rockland,33,12484,564,37514,0.05851063829787234,27.0,0.04761227792331825
22560,2020-05-11,Rockland,20,12504,368,37882,0.05434782608695652,25.0,0.0434851121828802
22561,2020-05-12,Rockland,39,12543,637,38519,0.061224489795918366,24.0,0.03717072322815331
22562,2020-05-13,Rockland,53,12596,1096,39615,0.048357664233576646,22.0,0.03425327939238934
22563,2020-05-14,Rockland,41,12637,851,40466,0.0481786133960047,20.0,0.03103437726044373
22564,2020-05-15,Rockland,51,12688,1035,41501,0.04927536231884058,20.0,0.02910881857918219
22565,2020-05-16,Rockland,70,12758,779,42280,0.08985879332477535,21.0,0.02926809910385318
22566,2020-05-17,Rockland,19,12777,486,42766,0.03909465020576132,20.0,0.02788124281155954
22567,2020-05-18,Rockland,21,12798,338,43104,0.0621301775147929,21.0,0.02843712505640499
22568,2020-05-19,Rockland,33,12831,577,43681,0.05719237435008666,20.0,0.02814911681027415
22569,2020-05-20,Rockland,46,12877,1091,44772,0.04216315307057745,20.0,0.027706651727202786
22570,2020-05-21,Rockland,28,12905,790,45562,0.035443037974683546,19.0,0.026796967768536985
22571,2020-05-22,Rockland,29,12934,814,46376,0.03562653562653563,17.0,0.02582205157622949
22572,2020-05-23,Rockland,29,12963,735,47111,0.03945578231292517,14.0,0.022221836503954474
22573,2020-05-24,Rockland,33,12996,634,47745,0.052050473186119876,15.0,0.023147252431122943
22574,2020-05-25,Rockland,23,13019,652,48397,0.0352760736196319,15.0,0.021229102152897156
22575,2020-05-26,Rockland,28,13047,554,48951,0.05054151624548736,15.0,0.020754040859711494
22576,2020-05-27,Rockland,29,13076,1115,50066,0.02600896860986547,14.0,0.01960017054108921
22577,2020-05-28,Rockland,24,13100,1097,51163,0.02187784867821331,13.0,0.018631228448484194
22578,2020-05-29,Rockland,28,13128,807,51970,0.03469640644361834,13.0,0.01856479064970439
22579,2020-05-30,Rockland,23,13151,616,52586,0.037337662337662336,13.0,0.01841349636575704
22580,2020-05-31,Rockland,34,13185,682,53268,0.04985337243401759,13.0,0.018256560597749737
22581,2020-06-01,Rockland,38,13223,785,54053,0.048407643312101914,14.0,0.019194529861497594
22582,2020-06-02,Rockland,36,13259,1088,55141,0.03308823529411765,15.0,0.01794786693639976
22583,2020-06-03,Rockland,21,13280,969,56110,0.021671826625386997,14.0,0.017638071080365584
22584,2020-06-04,Rockland,17,13297,1191,57301,0.014273719563392108,14.0,0.017094919000735495
22585,2020-06-05,Rockland,18,13315,1030,58331,0.017475728155339806,13.0,0.015864870551572742
22586,2020-06-06,Rockland,10,13325,795,59126,0.012578616352201259,12.0,0.014096367266896951
22587,2020-06-07,Rockland,15,13340,761,59887,0.01971090670170828,11.0,0.011943334000303427
22588,2020-06-08,Rockland,13,13353,847,60734,0.015348288075560802,9.0,0.009581951483407635
22589,2020-06-09,Rockland,19,13372,843,61577,0.022538552787663108,8.0,0.008828402732946597
22590,2020-06-10,Rockland,13,13385,976,62553,0.01331967213114754,7.0,0.00823182026907235
22591,2020-06-11,Rockland,11,13396,905,63458,0.012154696132596685,7.0,0.008080461452586962
22592,2020-06-12,Rockland,15,13411,885,64343,0.01694915254237288,6.0,0.00804284890880361
22593,2020-06-13,Rockland,12,13423,876,65219,0.0136986301369863,7.0,0.008122849893431114
22594,2020-06-14,Rockland,18,13441,797,66016,0.02258469259723965,7.0,0.008328120314540497
22595,2020-06-15,Rockland,19,13460,770,66786,0.024675324675324677,7.0,0.008994337214523631
22596,2020-06-16,Rockland,7,13467,683,67469,0.010248901903367497,6.0,0.008116505008502516
22597,2020-06-17,Rockland,7,13474,918,68387,0.007625272331154684,6.0,0.0077097621656458835
22598,2020-06-18,Rockland,12,13486,1081,69468,0.011100832562442183,6.0,0.007634486196349133
22599,2020-06-19,Rockland,9,13495,804,70272,0.011194029850746268,6.0,0.00722340600409009
22600,2020-06-20,Rockland,9,13504,628,70900,0.014331210191082803,5.0,0.007268590293668412
22601,2020-06-21,Rockland,10,13514,603,71503,0.01658374792703151,5.0,0.006839951388653545
22602,2020-06-22,Rockland,15,13529,575,72078,0.02608695652173913,4.0,0.006940782234826005
22603,2020-06-23,Rockland,5,13534,498,72576,0.010040160642570281,4.0,0.006925872144769063
22604,2020-06-24,Rockland,15,13549,686,73262,0.021865889212827987,5.0,0.007943059064888583
22605,2020-06-25,Rockland,8,13557,881,74143,0.009080590238365494,5.0,0.007798756041740248
22606,2020-06-26,Rockland,9,13566,951,75094,0.00946372239747634,5.0,0.007675162652220967
22607,2020-06-27,Rockland,10,13576,795,75889,0.012578616352201259,5.0,0.007549977378015142
22608,2020-06-28,Rockland,4,13580,627,76516,0.006379585326953748,4.0,0.0068211086208667315
22609,2020-06-29,Rockland,10,13590,728,77244,0.013736263736263736,4.0,0.0059389162790470604
22610,2020-06-30,Rockland,12,13602,999,78243,0.012012012012012012,4.0,0.006079762805435755
22611,2020-07-01,Rockland,10,13612,980,79223,0.01020408163265306,4.0,0.005246776549708974
22612,2020-07-02,Rockland,11,13623,1109,80332,0.009918845807033363,4.0,0.005306651947470965
22613,2020-07-03,Rockland,6,13629,636,80968,0.009433962264150943,4.0,0.0053045262236620086
22614,2020-07-04,Rockland,19,13648,1043,82011,0.01821668264621285,5.0,0.0057072452446628365
22615,2020-07-05,Rockland,8,13656,759,82770,0.010540184453227932,5.0,0.006004430896539564
22616,2020-07-06,Rockland,12,13668,895,83665,0.013407821229050279,5.0,0.005980970717452889
22617,2020-07-07,Rockland,11,13679,744,84409,0.01478494623655914,5.0,0.006179037447777683
22618,2020-07-08,Rockland,4,13683,932,85341,0.004291845493562232,5.0,0.005756734866414053
22619,2020-07-09,Rockland,8,13691,927,86268,0.008629989212513484,4.0,0.0056646736810912045
22620,2020-07-10,Rockland,9,13700,949,87217,0.009483667017913594,5.0,0.005668224020645679
22621,2020-07-11,Rockland,16,13716,1039,88256,0.015399422521655439,4.0,0.005466991154605865
22622,2020-07-12,Rockland,3,13719,555,88811,0.005405405405405406,4.0,0.005100221222618541
22623,2020-07-13,Rockland,14,13733,1001,89812,0.013986013986013986,4.0,0.0051415207052588055
22624,2020-07-14,Rockland,10,13743,1127,90939,0.008873114463176575,4.0,0.004719247007160051
22625,2020-07-15,Rockland,20,13763,975,91914,0.020512820512820513,5.0,0.005877888079964214
22626,2020-07-16,Rockland,12,13775,1034,92948,0.01160541586073501,6.0,0.006090418554837179
22627,2020-07-17,Rockland,9,13784,1038,93986,0.008670520231213872,6.0,0.006032336641501486
22628,2020-07-18,Rockland,9,13793,497,94483,0.018108651911468814,5.0,0.0062258530264881545
22629,2020-07-19,Rockland,5,13798,497,94980,0.01006036217303823,5.0,0.006558349938461929
22630,2020-07-20,Rockland,8,13806,651,95631,0.01228878648233487,5.0,0.006437119402484848
22631,2020-07-21,Rockland,6,13812,900,96531,0.006666666666666667,4.0,0.006279515988448426
22632,2020-07-22,Rockland,8,13820,719,97250,0.011126564673157162,4.0,0.005609069142758188
22633,2020-07-23,Rockland,10,13830,1114,98364,0.008976660682226212,3.0,0.005421300915721843
22634,2020-07-24,Rockland,7,13837,844,99208,0.008293838862559242,3.0,0.005394395103675085
22635,2020-07-25,Rockland,2,13839,520,99728,0.0038461538461538464,3.0,0.004375645241866873
22636,2020-07-26,Rockland,2,13841,580,100308,0.0034482758620689655,3.0,0.003903353362511926
22637,2020-07-27,Rockland,4,13845,772,101080,0.0051813471502590676,2.0,0.0033956791245065114
22638,2020-07-28,Rockland,7,13852,646,101726,0.010835913312693499,2.0,0.003693482456365571
22639,2020-07-29,Rockland,8,13860,642,102368,0.012461059190031152,2.0,0.0037888034932851418
22640,2020-07-30,Rockland,4,13864,789,103157,0.005069708491761723,2.0,0.0035097354796805352
22641,2020-07-31,Rockland,16,13880,898,104055,0.017817371937639197,3.0,0.004189987842186246
22642,2020-08-01,Rockland,2,13882,573,104628,0.0034904013961605585,3.0,0.004164576952901012
22643,2020-08-02,Rockland,3,13885,525,105153,0.005714285714285714,3.0,0.004326434799487923
22644,2020-08-03,Rockland,8,13893,948,106101,0.008438818565400843,3.0,0.004559111329140907
22645,2020-08-04,Rockland,10,13903,867,106968,0.011534025374855825,3.0,0.004608976476438215
22646,2020-08-05,Rockland,15,13918,841,107809,0.0178359096313912,4.0,0.00499289436510679
22647,2020-08-06,Rockland,7,13925,744,108553,0.009408602150537635,4.0,0.005302815340733641
22648,2020-08-07,Rockland,11,13936,784,109337,0.01403061224489796,4.0,0.005032332505537839
22649,2020-08-08,Rockland,6,13942,785,110122,0.007643312101910828,4.0,0.005328968984519999
22650,2020-08-09,Rockland,7,13949,617,110739,0.011345218800648298,4.0,0.005731178490688756
22651,2020-08-10,Rockland,5,13954,1150,111889,0.004347826086956522,4.0,0.005438964742228448
22652,2020-08-11,Rockland,12,13966,1261,113150,0.00951625693893735,4.0,0.005294838425377128
22653,2020-08-12,Rockland,7,13973,1042,114192,0.0067178502879078695,3.0,0.004500691329414033
22654,2020-08-13,Rockland,8,13981,959,115151,0.008342022940563087,4.0,0.004424507100130136
22655,2020-08-14,Rockland,16,13997,1160,116311,0.013793103448275862,4.0,0.004407542186085701
22656,2020-08-15,Rockland,10,14007,852,117163,0.011737089201877934,4.0,0.004699954836083352
22657,2020-08-16,Rockland,4,14011,638,117801,0.006269592476489028,4.0,0.004337410098643404
22658,2020-08-17,Rockland,42,14053,911,118712,0.04610318331503842,7.0,0.007319935614934968
22659,2020-08-18,Rockland,14,14067,1153,119865,0.012142237640936688,7.0,0.007507505665077778
22660,2020-08-19,Rockland,22,14089,1063,120928,0.020696142991533398,8.0,0.008505955143908174
22661,2020-08-20,Rockland,17,14106,1229,122157,0.013832384052074858,8.0,0.008898123794730442
22662,2020-08-21,Rockland,12,14118,1382,123539,0.008683068017366137,8.0,0.008533121263951176
22663,2020-08-22,Rockland,11,14129,997,124536,0.011033099297893681,8.0,0.008482836270809443
22664,2020-08-23,Rockland,10,14139,782,125318,0.01278772378516624,9.0,0.008948417078572102
22665,2020-08-24,Rockland,10,14149,837,126155,0.011947431302270013,6.0,0.006508720506231502
22666,2020-08-25,Rockland,12,14161,1016,127171,0.011811023622047244,6.0,0.006485062362025112
22667,2020-08-26,Rockland,22,14183,963,128134,0.02284527518172378,6.0,0.006638571804181569
22668,2020-08-27,Rockland,14,14197,1165,129299,0.01201716738197425,6.0,0.006508913470602953
22669,2020-08-28,Rockland,21,14218,1251,130550,0.016786570743405275,7.0,0.007087735093891464
22670,2020-08-29,Rockland,15,14233,1733,132283,0.008655510675129832,7.0,0.006917907335122616
22671,2020-08-30,Rockland,22,14255,723,133006,0.030428769017980636,8.0,0.00817798199460936
22672,2020-08-31,Rockland,16,14271,900,133906,0.017777777777777778,8.0,0.008594435314288485
22673,2020-09-01,Rockland,34,14305,2290,136196,0.014847161572052401,10.0,0.008811302310717426
22674,2020-09-02,Rockland,29,14334,1283,137479,0.02260327357755261,10.0,0.008794016481848058
22675,2020-09-03,Rockland,24,14358,1148,138627,0.020905923344947737,11.0,0.009428927622060448
22676,2020-09-04,Rockland,24,14382,1299,139926,0.018475750577367205,11.0,0.0095495833244863
22677,2020-09-05,Rockland,14,14396,950,140876,0.014736842105263158,11.0,0.009983964140924395
22678,2020-09-06,Rockland,22,14418,607,141483,0.036243822075782535,11.0,0.01039932507362453
22679,2020-09-07,Rockland,21,14439,505,141988,0.041584158415841586,12.0,0.012099780833486232
22680,2020-09-08,Rockland,20,14459,1253,143241,0.01596169193934557,11.0,0.012179390145435743
22681,2020-09-09,Rockland,21,14480,1169,144410,0.017964071856287425,10.0,0.011848018593916801
22682,2020-09-10,Rockland,30,14510,1434,145844,0.02092050209205021,10.0,0.01184905993299555
22683,2020-09-11,Rockland,20,14530,1225,147069,0.0163265306122449,10.0,0.0116955442212011
22684,2020-09-12,Rockland,17,14547,745,147814,0.022818791946308724,10.0,0.012272826352704352
22685,2020-09-13,Rockland,34,14581,715,148529,0.04755244755244755,11.0,0.013080585315323284
22686,2020-09-14,Rockland,36,14617,1571,150100,0.022915340547422024,12.0,0.011747098324721886
22687,2020-09-15,Rockland,43,14660,1135,151235,0.03788546255506608,14.0,0.013313081940130493
22688,2020-09-16,Rockland,38,14698,1256,152491,0.030254777070063694,15.0,0.014190989455400229
22689,2020-09-17,Rockland,49,14747,1402,153893,0.03495007132667618,16.0,0.015193101543587799
22690,2020-09-18,Rockland,54,14801,1453,155346,0.03716448726772195,19.0,0.016681527018979018
22691,2020-09-19,Rockland,22,14823,946,156292,0.023255813953488372,19.0,0.016712742876634705
22692,2020-09-20,Rockland,10,14833,654,156946,0.01529051987767584,18.0,0.014408319471293868
22693,2020-09-21,Rockland,58,14891,1763,158709,0.032898468519568916,19.0,0.01512140004073293
22694,2020-09-22,Rockland,63,14954,1341,160050,0.04697986577181208,21.0,0.0157710002705005
22695,2020-09-23,Rockland,44,14998,1308,161358,0.03363914373088685,21.0,0.016012740746273586
22696,2020-09-24,Rockland,47,15045,1070,162428,0.04392523364485981,21.0,0.01665382376900099
22697,2020-09-25,Rockland,55,15100,1477,163905,0.037237643872714964,21.0,0.016659049240786206
22698,2020-09-26,Rockland,67,15167,993,164898,0.06747230614300101,24.0,0.019817370111465674
22699,2020-09-27,Rockland,110,15277,859,165757,0.1280558789289872,31.0,0.02787203861513077
22700,2020-09-28,Rockland,65,15342,1811,167568,0.03589177250138045,32.0,0.028085846042403023
22701,2020-09-29,Rockland,110,15452,1680,169248,0.06547619047619048,35.0,0.029407012092715765
22702,2020-09-30,Rockland,184,15636,2143,171391,0.08586094260382642,45.0,0.03313714058364003
22703,2020-10-01,Rockland,213,15849,2790,174181,0.07634408602150537,57.0,0.03545277289625756
22704,2020-10-02,Rockland,124,15973,2078,176259,0.059672762271414825,62.0,0.03705528135330755
22705,2020-10-03,Rockland,43,16016,1115,177374,0.03856502242152467,60.0,0.0349904753732021
22706,2020-10-04,Rockland,55,16071,888,178262,0.061936936936936936,56.0,0.03026769380234137
22707,2020-10-05,Rockland,119,16190,1633,179895,0.07287201469687692,60.0,0.03290913967344826
22708,2020-10-06,Rockland,66,16256,1478,181373,0.044654939106901215,57.0,0.03142190743278474
22709,2020-10-07,Rockland,198,16454,2760,184133,0.07173913043478261,58.0,0.030413206563567323
22710,2020-10-08,Rockland,145,16599,2577,186710,0.05626697710516104,53.0,0.02897912735525701
22711,2020-10-09,Rockland,91,16690,2330,189040,0.03905579399141631,51.0,0.02750648676382855
22712,2020-10-10,Rockland,27,16717,1283,190323,0.021044427123928292,50.0,0.026255015671143096
22713,2020-10-11,Rockland,43,16760,1046,191369,0.04110898661567878,49.0,0.024767304933910373
22714,2020-10-12,Rockland,69,16829,3169,194538,0.021773430104133795,45.0,0.02111740603442872
22715,2020-10-13,Rockland,62,16891,1552,196090,0.03994845360824742,45.0,0.02078122849881059
22716,2020-10-14,Rockland,81,16972,2254,198344,0.03593611357586513,37.0,0.018223870151745054
22717,2020-10-15,Rockland,91,17063,2005,200349,0.045386533665835414,33.0,0.017446695620364654
22718,2020-10-16,Rockland,62,17125,2420,202769,0.0256198347107438,31.0,0.01648698424317376
22719,2020-10-17,Rockland,46,17171,2138,204907,0.021515434985968196,32.0,0.016520627661890896
22720,2020-10-18,Rockland,36,17207,1631,206538,0.022072348252605765,31.0,0.015160867778814252
22721,2020-10-19,Rockland,62,17269,3034,209572,0.02043506921555702,31.0,0.01506527057248734
22722,2020-10-20,Rockland,184,17453,3576,213148,0.05145413870246085,40.0,0.015887105222074014
22723,2020-10-21,Rockland,71,17524,4181,217329,0.01698158335326477,39.0,0.014533210206173987
22724,2020-10-22,Rockland,57,17581,2649,219978,0.021517553793884484,37.0,0.012828283072463207
22725,2020-10-23,Rockland,54,17635,3304,223282,0.016343825665859565,36.0,0.012165710997828618
22726,2020-10-24,Rockland,50,17685,1857,225139,0.026925148088314487,36.0,0.012552119076567638
22727,2020-10-25,Rockland,75,17760,1344,226483,0.05580357142857143,39.0,0.014961492160565184
22728,2020-10-26,Rockland,72,17832,2631,229114,0.027366020524515394,40.0,0.015456560111205069
22729,2020-10-27,Rockland,111,17943,3399,232513,0.03265666372462489,35.0,0.01411388332707393
22730,2020-10-28,Rockland,81,18024,2769,235282,0.02925243770314193,35.0,0.014990372923493726
22731,2020-10-29,Rockland,86,18110,2878,238160,0.029881862404447533,37.0,0.015587823538533944
22732,2020-10-30,Rockland,67,18177,2202,240362,0.030426884650317895,38.0,0.016593756323138108
22733,2020-10-31,Rockland,88,18265,2331,242693,0.037752037752037754,41.0,0.01736710558483263
22734,2020-11-01,Rockland,88,18353,1588,244281,0.055415617128463476,42.0,0.017339394563396348
22735,2020-11-02,Rockland,113,18466,3596,247877,0.031423804226918796,45.0,0.017629236256425162
22736,2020-11-03,Rockland,115,18581,3055,250932,0.03764320785597381,45.0,0.017985417980092944
22737,2020-11-04,Rockland,102,18683,3091,254023,0.03299902944031058,47.0,0.018253031675604988
22738,2020-11-05,Rockland,73,18756,3378,257401,0.021610420367081114,46.0,0.017662214387221674
22739,2020-11-06,Rockland,98,18854,3773,261174,0.025974025974025976,48.0,0.01734415305320082
22740,2020-11-07,Rockland,56,18910,1464,262638,0.03825136612021858,46.0,0.017379819365213735
22741,2020-11-08,Rockland,85,18995,2084,264722,0.040786948176583494,45.0,0.016334914440079455
22742,2020-11-09,Rockland,138,19133,3251,267973,0.04244847739157182,47.0,0.017122391094697525
22743,2020-11-10,Rockland,144,19277,3903,271876,0.03689469638739431,49.0,0.017068925989798988
22744,2020-11-11,Rockland,137,19414,4093,275969,0.03347178108966528,52.0,0.017102693964752898
22745,2020-11-12,Rockland,153,19567,4310,280279,0.035498839907192575,57.0,0.018094723931903717
22746,2020-11-13,Rockland,156,19723,4635,284914,0.03365695792880259,62.0,0.01864350478581633
22747,2020-11-14,Rockland,120,19843,3911,288825,0.030682689849143442,66.0,0.01810288505216811
22748,2020-11-15,Rockland,61,19904,1723,290548,0.035403366221706326,64.0,0.017718343483962597
22749,2020-11-16,Rockland,140,20044,2800,293348,0.05,65.0,0.018257737955993177
22750,2020-11-17,Rockland,132,20176,2800,296148,0.047142857142857146,64.0,0.01898974943852624
22751,2020-11-18,Rockland,87,20263,3039,299187,0.028627838104639685,60.0,0.018643753511024413
22752,2020-11-19,Rockland,88,20351,3795,302982,0.02318840579710145,56.0,0.017764436788875047
22753,2020-11-20,Rockland,160,20511,5044,308026,0.0317208564631245,56.0,0.017626143827040898
22754,2020-11-21,Rockland,91,20602,2574,310600,0.03535353535353535,54.0,0.017959775648783177
22755,2020-11-22,Rockland,106,20708,3197,313797,0.033156083828589304,57.0,0.017799255477846245
22756,2020-11-23,Rockland,116,20824,3071,316868,0.03777271247150765,55.0,0.01692587779723965
22757,2020-11-24,Rockland,118,20942,2812,319680,0.041963015647226175,54.0,0.016555889118980295
22758,2020-11-25,Rockland,169,21111,3874,323554,0.0436241610738255,60.0,0.01762705504535071
22759,2020-11-26,Rockland,147,21258,3778,327332,0.03890947591318158,64.0,0.01874998862507072
22760,2020-11-27,Rockland,120,21378,2794,330126,0.04294917680744453,61.0,0.019552011506807864
22761,2020-11-28,Rockland,124,21502,2651,332777,0.046774801961523955,64.0,0.020367816264521336
22762,2020-11-29,Rockland,130,21632,2747,335524,0.04732435384055333,66.0,0.021379835551090194
22763,2020-11-30,Rockland,213,21845,3483,339007,0.0611541774332472,72.0,0.02304994019121445
22764,2020-12-01,Rockland,203,22048,3402,342409,0.059670781893004114,79.0,0.02431478063734144
22765,2020-12-02,Rockland,173,22221,2998,345407,0.05770513675783856,79.0,0.025320564614770946
22766,2020-12-03,Rockland,200,22421,3241,348648,0.061709348966368406,83.0,0.02694912697571286
22767,2020-12-04,Rockland,212,22633,3798,352446,0.055818852027382834,89.0,0.027868389491422747
22768,2020-12-05,Rockland,167,22800,3244,355690,0.05147965474722565,92.0,0.028204450404687147
22769,2020-12-06,Rockland,97,22897,2248,357938,0.04314946619217082,90.0,0.027906244144088398
22770,2020-12-07,Rockland,175,23072,2645,360583,0.0661625708884688,87.0,0.028263986533747086
22771,2020-12-08,Rockland,236,23308,3600,364183,0.06555555555555556,90.0,0.028684327509643618
22772,2020-12-09,Rockland,197,23505,3400,367583,0.05794117647058823,91.0,0.028701187489125736
22773,2020-12-10,Rockland,175,23680,2874,370457,0.060890744606819765,89.0,0.028642715749157978
22774,2020-12-11,Rockland,169,23849,3536,373993,0.04779411764705882,86.0,0.028069520436277688
22775,2020-12-12,Rockland,142,23991,2764,376757,0.05137481910274964,85.0,0.028062032175957975
22776,2020-12-13,Rockland,192,24183,2813,379570,0.06825453252755066,91.0,0.029855251199913675
22777,2020-12-14,Rockland,151,24334,2168,381738,0.06964944649446494,90.0,0.030104313743199114
22778,2020-12-15,Rockland,221,24555,3495,385233,0.06323319027181688,89.0,0.029938430508646353
22779,2020-12-16,Rockland,232,24787,3446,388679,0.0673244341265235,91.0,0.030608663198356017
22780,2020-12-17,Rockland,196,24983,3298,391977,0.05942995755003032,93.0,0.030504321265728197
22781,2020-12-18,Rockland,141,25124,2522,394499,0.05590800951625694,91.0,0.03108388497067092
22782,2020-12-19,Rockland,151,25275,3113,397612,0.048506264053967234,91.0,0.030878988181472174
22783,2020-12-20,Rockland,138,25413,1895,399507,0.07282321899736148,87.0,0.03120532292931581
22784,2020-12-21,Rockland,166,25579,2585,402092,0.06421663442940038,88.0,0.030817264924668342
22785,2020-12-22,Rockland,260,25839,3419,405511,0.07604562737642585,91.0,0.03173243900356899
22786,2020-12-23,Rockland,209,26048,3646,409157,0.05732309380142622,90.0,0.031018057551776324
22787,2020-12-24,Rockland,243,26291,4156,413313,0.05846968238691049,93.0,0.030949466468696334
22788,2020-12-25,Rockland,142,26433,2538,415851,0.05594956658786446,93.0,0.03095243483095401
22789,2020-12-26,Rockland,137,26570,2518,418369,0.05440826052422557,92.0,0.031374006007401034
22790,2020-12-27,Rockland,137,26707,1605,419974,0.0853582554517134,92.0,0.03226936575414046
22791,2020-12-28,Rockland,219,26926,2558,422532,0.0856137607505864,96.0,0.033797731919939455
22792,2020-12-29,Rockland,267,27193,3089,425621,0.08643573972159276,96.0,0.034539882801737094
22793,2020-12-30,Rockland,317,27510,3847,429468,0.08240187158825059,104.0,0.03633122407222455
22794,2020-12-31,Rockland,258,27768,3521,432989,0.07327463788696394,105.0,0.03738872089365693
22795,2021-01-01,Rockland,243,28011,3058,436047,0.07946370176586004,112.0,0.03906830197779947
22796,2021-01-02,Rockland,151,28162,2061,438108,0.0732654051431344,113.0,0.040415240879150105
22797,2021-01-03,Rockland,173,28335,2084,440192,0.08301343570057582,116.0,0.04024775375406885
22798,2021-01-04,Rockland,233,28568,2438,442630,0.0955701394585726,117.0,0.04095892366178215
22799,2021-01-05,Rockland,293,28861,3223,445853,0.09090909090909091,119.0,0.04127844874660345
22800,2021-01-06,Rockland,341,29202,4128,449981,0.08260658914728682,120.0,0.04129307142939176
22801,2021-01-07,Rockland,242,29444,3248,453229,0.07450738916256158,119.0,0.04138112509193444
22802,2021-01-08,Rockland,216,29660,3645,456874,0.05925925925925926,117.0,0.03993795062717725
22803,2021-01-09,Rockland,167,29827,3131,460005,0.0533375918236985,118.0,0.038514535390074676
22804,2021-01-10,Rockland,188,30015,2541,462546,0.0739866194411649,120.0,0.03786976280011676
22805,2021-01-11,Rockland,258,30273,3652,466198,0.07064622124863089,121.0,0.03608948292797807
22806,2021-01-12,Rockland,284,30557,3128,469326,0.0907928388746803,121.0,0.036081179211234445
22807,2021-01-13,Rockland,213,30770,2868,472194,0.07426778242677824,112.0,0.035485550159769556
22808,2021-01-14,Rockland,291,31061,4925,477119,0.059086294416243655,115.0,0.03438404339217541
22809,2021-01-15,Rockland,285,31346,4071,481190,0.07000736919675755,120.0,0.03515176553056815
22810,2021-01-16,Rockland,163,31509,3072,484262,0.053059895833333336,120.0,0.03513193010268492
22811,2021-01-17,Rockland,159,31668,2382,486644,0.06675062972292191,118.0,0.034615073694238996
22812,2021-01-18,Rockland,216,31884,2772,489416,0.07792207792207792,115.0,0.03513477774234235
22813,2021-01-19,Rockland,253,32137,3403,492819,0.07434616514839847,112.0,0.03396001533332221
22814,2021-01-20,Rockland,270,32407,3898,496717,0.06926629040533606,116.0,0.03360276590321921
22815,2021-01-21,Rockland,253,32660,3873,500590,0.06532403821327136,114.0,0.034048319031578324
22816,2021-01-22,Rockland,288,32948,4149,504739,0.06941431670281996,114.0,0.03400595813915421
22817,2021-01-23,Rockland,176,33124,3487,508226,0.050473186119873815,115.0,0.03382119315962139
22818,2021-01-24,Rockland,203,33327,3505,511731,0.05791726105563481,118.0,0.033190238254815166
22819,2021-01-25,Rockland,205,33532,2608,514339,0.07860429447852761,117.0,0.03323896800884729
22820,2021-01-26,Rockland,237,33769,3188,517527,0.07434127979924718,116.0,0.03323861905533648
22821,2021-01-27,Rockland,226,33995,4508,522035,0.05013309671694765,113.0,0.03187196236330874
22822,2021-01-28,Rockland,179,34174,3459,525494,0.05174906042208731,108.0,0.03090232109250988
22823,2021-01-29,Rockland,291,34465,4226,529720,0.06885944155229531,108.0,0.030862687153186692
22824,2021-01-30,Rockland,124,34589,2591,532311,0.04785796989579313,104.0,0.030675885994323786
22825,2021-01-31,Rockland,115,34704,2057,534368,0.05590666018473505,98.0,0.03053227164640238
22826,2021-02-01,Rockland,126,34830,2751,537119,0.04580152671755725,92.0,0.028189216806333066
22827,2021-02-02,Rockland,120,34950,1772,538891,0.06772009029345373,84.0,0.02771627469877639
22828,2021-02-03,Rockland,144,35094,2088,540979,0.06896551724137931,78.0,0.029061447593378652
22829,2021-02-04,Rockland,158,35252,3065,544044,0.05154975530179445,77.0,0.02904721151335773
22830,2021-02-05,Rockland,243,35495,3970,548014,0.061209068010075564,73.0,0.028500756260342035
22831,2021-02-06,Rockland,133,35628,2867,550881,0.0463899546564353,74.0,0.028395898028959334
22832,2021-02-07,Rockland,141,35769,2676,553557,0.052690582959641255,76.0,0.028166178227166917
22833,2021-02-08,Rockland,158,35927,2235,555792,0.07069351230425056,78.0,0.02994417719764501
22834,2021-02-09,Rockland,134,36061,2483,558275,0.05396697543294402,79.0,0.02896181185046575
22835,2021-02-10,Rockland,186,36247,3488,561763,0.053325688073394495,82.0,0.027844681195609688
22836,2021-02-11,Rockland,176,36423,3804,565567,0.046267087276550996,83.0,0.027467347765235156
22837,2021-02-12,Rockland,167,36590,3175,568742,0.052598425196850394,78.0,0.026852301850004784
22838,2021-02-13,Rockland,82,36672,2233,570975,0.03672189879086431,74.0,0.026161726431035426
22839,2021-02-14,Rockland,105,36777,2364,573339,0.044416243654822336,72.0,0.02557070219497694
22840,2021-02-15,Rockland,177,36954,2556,575895,0.06924882629107981,73.0,0.02546751033689331
22841,2021-02-16,Rockland,134,37088,2746,578641,0.04879825200291333,73.0,0.02509831580617683
22842,2021-02-17,Rockland,112,37200,2459,581100,0.04554697031313542,68.0,0.024542693109015468
22843,2021-02-18,Rockland,120,37320,2183,583283,0.054970224461749886,64.0,0.0251643457651011
22844,2021-02-19,Rockland,158,37478,3035,586318,0.052059308072487646,63.0,0.025125837399075195
22845,2021-02-20,Rockland,101,37579,1775,588093,0.056901408450704224,64.0,0.026567230946206617
22846,2021-02-21,Rockland,95,37674,1957,590050,0.04854368932038835,64.0,0.026862048493747046
22847,2021-02-22,Rockland,159,37833,2146,592196,0.07409133271202237,62.0,0.02720794180952866
22848,2021-02-23,Rockland,115,37948,2583,594779,0.04452187379016647,61.0,0.026902486222903886
22849,2021-02-24,Rockland,190,38138,3731,598510,0.050924685071026536,67.0,0.02728660870561039
22850,2021-02-25,Rockland,127,38265,3389,601899,0.03747418117438772,67.0,0.02603689132794167
22851,2021-02-26,Rockland,151,38416,3190,605089,0.04733542319749216,67.0,0.0256994709797277
22852,2021-02-27,Rockland,122,38538,2263,607352,0.05391073795846222,68.0,0.025485851658853274
22853,2021-02-28,Rockland,90,38628,2172,609524,0.04143646408839779,68.0,0.024978192713711093
22854,2021-03-01,Rockland,169,38797,2412,611936,0.07006633499170813,68.0,0.024690692876545788
22855,2021-03-02,Rockland,158,38955,3950,615886,0.04,71.0,0.024367701891533897
22856,2021-03-03,Rockland,194,39149,3345,619231,0.05799701046337818,72.0,0.024872867990987587
22857,2021-03-04,Rockland,175,39324,3850,623081,0.045454545454545456,75.0,0.025442894010998855
22858,2021-03-05,Rockland,222,39546,3896,626977,0.056981519507186856,80.0,0.026131900890262762
22859,2021-03-06,Rockland,127,39673,2413,629390,0.05263157894736842,81.0,0.026040532389470343
22860,2021-03-07,Rockland,132,39805,1690,631080,0.07810650887573964,84.0,0.028659821302851905
22861,2021-03-08,Rockland,205,40010,3035,634115,0.06754530477759473,86.0,0.028479747716129516
22862,2021-03-09,Rockland,193,40203,2804,636919,0.068830242510699,89.0,0.03053905075260802
22863,2021-03-10,Rockland,204,40407,3309,640228,0.061650045330915684,89.0,0.030799981814574984
22864,2021-03-11,Rockland,224,40631,3954,644182,0.05665149215983814,93.0,0.031599763722095886
22865,2021-03-12,Rockland,127,40758,2784,646966,0.045617816091954026,86.0,0.03078807062100783
22866,2021-03-13,Rockland,112,40870,2249,649215,0.04979991107158737,85.0,0.03058580862988061
22867,2021-03-14,Rockland,118,40988,1453,650668,0.08121128699242945,84.0,0.030807578495358458
22868,2021-03-15,Rockland,187,41175,2617,653285,0.07145586549484143,83.0,0.031086904260876076
22869,2021-03-16,Rockland,184,41359,3398,656683,0.05414949970570924,82.0,0.03003827977480538
22870,2021-03-17,Rockland,187,41546,3776,660459,0.04952330508474576,81.0,0.029172084042936103
22871,2021-03-18,Rockland,183,41729,3735,664194,0.04899598393574297,78.0,0.028625262026929305
22872,2021-03-19,Rockland,129,41858,2930,667124,0.04402730375426621,78.0,0.028511654002808744
22873,2021-03-20,Rockland,132,41990,2583,669707,0.05110336817653891,80.0,0.028604758081733853
22874,2021-03-21,Rockland,87,42077,1489,671196,0.05842847548690396,77.0,0.026977414402767748
22875,2021-03-22,Rockland,173,42250,2557,673753,0.06765741102854908,76.0,0.02670609622660401
22876,2021-03-23,Rockland,134,42384,2223,675976,0.06027890238416554,73.0,0.027143910703636604
22877,2021-03-24,Rockland,172,42556,2750,678726,0.06254545454545454,72.0,0.028074064236544374
22878,2021-03-25,Rockland,185,42741,4328,683054,0.0427449168207024,72.0,0.027627559442612908
22879,2021-03-26,Rockland,191,42932,4510,687564,0.042350332594235034,76.0,0.027507775788324963
22880,2021-03-27,Rockland,198,43130,3204,690768,0.06179775280898876,81.0,0.028271660404928522
22881,2021-03-28,Rockland,107,43237,1825,692593,0.05863013698630137,82.0,0.028286064797742625
22882,2021-03-29,Rockland,138,43375,1862,694455,0.07411385606874328,80.0,0.02874723944347078
22883,2021-03-30,Rockland,210,43585,2839,697294,0.07396970764353646,85.0,0.029725154104854417
22884,2021-03-31,Rockland,133,43718,2647,699941,0.050245561012466945,83.0,0.02884659028106959
22885,2021-04-01,Rockland,168,43886,3098,703039,0.05422853453841188,81.0,0.02966684868947741
22886,2021-04-02,Rockland,166,44052,3269,706308,0.05078005506271031,80.0,0.03026897172293993
22887,2021-04-03,Rockland,98,44150,1931,708239,0.050750906266183324,72.0,0.029479911255596684
22888,2021-04-04,Rockland,84,44234,1835,710074,0.04577656675749319,71.0,0.028561799096396095
22889,2021-04-05,Rockland,150,44384,2259,712333,0.06640106241699867,72.0,0.028010885264128628
22890,2021-04-06,Rockland,119,44503,4405,716738,0.027014755959137344,65.0,0.024656960143814407
22891,2021-04-07,Rockland,139,44642,3016,719754,0.046087533156498675,66.0,0.024359958154102385
22892,2021-04-08,Rockland,181,44823,3886,723640,0.04657745753988677,66.0,0.023813452654207735
22893,2021-04-09,Rockland,129,44952,2809,726449,0.04592381630473478,64.0,0.023466578457209484
22894,2021-04-10,Rockland,116,45068,2699,729148,0.04297888106706187,65.0,0.02291143380012938
22895,2021-04-11,Rockland,80,45148,1618,730766,0.049443757725587144,65.0,0.02317337601213609
22896,2021-04-12,Rockland,97,45245,2066,732832,0.04695062923523717,61.0,0.02178405935629598
22897,2021-04-13,Rockland,100,45345,2967,735799,0.03370407819346141,60.0,0.02226186808731913
22898,2021-04-14,Rockland,94,45439,3074,738873,0.03057905009759271,56.0,0.021154119297397276
22899,2021-04-15,Rockland,88,45527,3446,742319,0.025536854323853744,50.0,0.019651219067680633
22900,2021-04-16,Rockland,124,45651,3341,745660,0.03711463633642622,49.0,0.019021991927087162
22901,2021-04-17,Rockland,49,45700,2622,748282,0.018688024408848206,45.0,0.017286930737214757
22902,2021-04-18,Rockland,39,45739,1611,749893,0.024208566108007448,42.0,0.015484417050244781
22903,2021-04-19,Rockland,56,45795,1550,751443,0.03612903225806452,39.0,0.01471144583758959
22904,2021-04-20,Rockland,54,45849,2595,754038,0.020809248554913295,36.0,0.013790386577693296
22905,2021-04-21,Rockland,73,45922,3462,757500,0.021086077411900637,34.0,0.013112317100143862
22906,2021-04-22,Rockland,79,46001,3910,761410,0.02020460358056266,33.0,0.012731442047051641
22907,2021-04-23,Rockland,48,46049,3520,764930,0.013636363636363636,28.0,0.011054422568475743
22908,2021-04-24,Rockland,34,46083,2369,767299,0.014352047277332207,27.0,0.010744709916224601
22909,2021-04-25,Rockland,30,46113,1497,768796,0.02004008016032064,26.0,0.010446960919961255
22910,2021-04-26,Rockland,36,46149,1513,770309,0.023793787177792465,25.0,0.00956587198565611
22911,2021-04-27,Rockland,32,46181,2931,773240,0.010917775503241215,23.0,0.008859338196250961
22912,2021-04-28,Rockland,50,46231,2507,775747,0.01994415636218588,22.0,0.00877777240698562
22913,2021-04-29,Rockland,37,46268,2426,778173,0.015251442704039572,19.0,0.008423975201519687
22914,2021-04-30,Rockland,51,46319,2817,780990,0.01810436634717785,19.0,0.008743118252292131
22915,2021-05-01,Rockland,28,46347,2058,783048,0.013605442176870748,18.0,0.008689789316544882
22916,2021-05-02,Rockland,15,46362,1784,784832,0.008408071748878924,17.0,0.007858931572870475
22917,2021-05-03,Rockland,26,46388,1066,785898,0.024390243902439025,17.0,0.007901535624630944
22918,2021-05-04,Rockland,58,46446,2721,788619,0.0213156927600147,18.0,0.008644244000114765
22919,2021-05-05,Rockland,37,46483,2858,791477,0.012946116165150455,18.0,0.008144383986040806
22920,2021-05-06,Rockland,28,46511,2267,793744,0.012351124834583149,17.0,0.007937218423936776
22921,2021-05-07,Rockland,21,46532,2925,796669,0.0071794871794871795,15.0,0.00715686991195887
22922,2021-05-08,Rockland,13,46545,1662,798331,0.007821901323706379,14.0,0.006743759851018557
22923,2021-05-09,Rockland,8,46553,1043,799374,0.007670182166826462,13.0,0.006691053452300525
22924,2021-05-10,Rockland,11,46564,1077,800451,0.01021355617455896,12.0,0.005678432900309093
22925,2021-05-11,Rockland,22,46586,4163,804614,0.005284650492433342,10.0,0.004533358452624709
22926,2021-05-12,Rockland,21,46607,3109,807723,0.006754583467352846,8.0,0.004091106117067737
22927,2021-05-13,Rockland,19,46626,2138,809861,0.008886810102899906,8.0,0.0038436550648046483
22928,2021-05-14,Rockland,30,46656,3501,813362,0.00856898029134533,8.0,0.003942904572794516
22929,2021-05-15,Rockland,17,46673,1957,815319,0.008686765457332652,9.0,0.004004680582339249
22930,2021-05-16,Rockland,24,46697,1506,816825,0.01593625498007968,10.0,0.004595114354714479
22931,2021-05-17,Rockland,7,46704,1612,818437,0.004342431761786601,10.0,0.00417574832523074
22932,2021-05-18,Rockland,11,46715,1468,819905,0.007493188010899182,9.0,0.004333501005121157
22933,2021-05-19,Rockland,16,46731,2157,822062,0.007417709782104775,8.0,0.004380867170460581
22934,2021-05-20,Rockland,16,46747,2372,824434,0.006745362563237774,8.0,0.004227906631913285
22935,2021-05-21,Rockland,21,46768,2076,826510,0.010115606936416185,8.0,0.004338379963704061
22936,2021-05-22,Rockland,9,46777,1470,827980,0.006122448979591836,7.0,0.004155214501008288
22937,2021-05-23,Rockland,5,46782,1029,829009,0.004859086491739553,6.0,0.0033639881804125647
22938,2021-05-24,Rockland,11,46793,1814,830823,0.006063947078280044,6.0,0.003486953560162096
22939,2021-05-25,Rockland,16,46809,1797,832620,0.008903728436282694,6.0,0.0035877064476894896
22940,2021-05-26,Rockland,12,46821,1664,834284,0.007211538461538462,6.0,0.0035729799247918963
22941,2021-05-27,Rockland,8,46829,1893,836177,0.004226096143687269,5.0,0.0033930323233954313
22942,2021-05-28,Rockland,6,46835,1511,837688,0.003970880211780278,4.0,0.0029541232716357234
22943,2021-05-29,Rockland,9,46844,1107,838795,0.008130081300813009,4.0,0.0030975255802943792
22944,2021-05-30,Rockland,5,46849,1336,840131,0.0037425149700598802,4.0,0.0030177704716029736
22945,2021-05-31,Rockland,8,46857,838,840969,0.00954653937947494,4.0,0.0032665270645454666
22946,2021-06-01,Rockland,7,46864,3771,844740,0.0018562715460090163,3.0,0.0027631372866687752
22947,2021-06-02,Rockland,4,46868,1475,846215,0.002711864406779661,3.0,0.0024417319970431463
22948,2021-06-03,Rockland,14,46882,4252,850467,0.003292568203198495,3.0,0.0023750514298653777
22949,2021-06-04,Rockland,12,46894,2713,853180,0.0044231478068558795,4.0,0.002407356258085063
22950,2021-06-05,Rockland,10,46904,1799,854979,0.005558643690939411,4.0,0.002223682143094092
22951,2021-06-06,Rockland,1,46905,1046,856025,0.0009560229445506692,4.0,0.0020246469984148622
22952,2021-06-07,Rockland,4,46909,1631,857656,0.002452483139178418,3.0,0.0015179286955365392
22953,2021-06-08,Rockland,6,46915,1270,858926,0.004724409448818898,3.0,0.0017227956885943877
22954,2021-06-09,Rockland,5,46920,1916,860842,0.0026096033402922755,3.0,0.0017154913267024318
22955,2021-06-10,Rockland,4,46924,1634,862476,0.0024479804161566705,3.0,0.0016551636276280156
22956,2021-06-11,Rockland,6,46930,2627,865103,0.0022839741149600305,2.0,0.0015023655067783123
22957,2021-06-12,Rockland,5,46935,2509,867612,0.0019928258270227183,2.0,0.0012476642307842627
22958,2021-06-13,Rockland,1,46936,621,868233,0.001610305958132045,2.0,0.001294398731754361
22959,2021-06-14,Rockland,8,46944,929,869162,0.008611410118406888,2.0,0.0017343220874135377
22960,2021-06-15,Rockland,4,46948,1629,870791,0.0024554941682013503,2.0,0.0015722567102265698
22961,2021-06-16,Rockland,4,46952,1320,872111,0.0030303030303030303,2.0,0.0016023066880844808
22962,2021-06-17,Rockland,6,46958,1766,873877,0.0033975084937712344,2.0,0.001670130122199807
22963,2021-06-18,Rockland,7,46965,1257,875134,0.005568814638027049,2.0,0.0019047615881331653
22964,2021-06-19,Rockland,4,46969,1214,876348,0.0032948929159802307,2.0,0.0019977663802015592
22965,2021-06-20,Rockland,0,46969,858,877206,0.0,2.0,0.0018827445260492703
22966,2021-06-21,Rockland,12,46981,1515,878721,0.007920792079207921,2.0,0.0018334146661064868
22967,2021-06-22,Rockland,5,46986,1397,880118,0.0035790980672870437,2.0,0.0019136720874697504
22968,2021-06-23,Rockland,1,46987,1476,881594,0.0006775067750677507,2.0,0.0017456152120958021
22969,2021-06-24,Rockland,8,46995,1206,882800,0.006633499170812604,2.0,0.0019767574033130427
22970,2021-06-25,Rockland,12,47007,1778,884578,0.006749156355455568,3.0,0.0020610675259865084
22971,2021-06-26,Rockland,4,47011,1062,885640,0.003766478342749529,3.0,0.0020947521993271725
22972,2021-06-27,Rockland,3,47014,779,886419,0.0038510911424903724,3.0,0.002369830138076485
22973,2021-06-28,Rockland,3,47017,941,887360,0.003188097768331562,2.0,0.0020317805444424594
22974,2021-06-29,Rockland,5,47022,1803,889163,0.0027731558513588465,2.0,0.001974213243304731
22975,2021-06-30,Rockland,5,47027,1015,890178,0.0049261083743842365,2.0,0.0022776847861130513
22976,2021-07-01,Rockland,41,47068,952,891130,0.0430672268907563,5.0,0.004880093908966173
22977,2021-07-02,Rockland,8,47076,1899,893029,0.00421274354923644,4.0,0.004698921565664807
22978,2021-07-03,Rockland,5,47081,854,893883,0.00585480093676815,5.0,0.004848087465237565
22979,2021-07-04,Rockland,5,47086,592,894475,0.008445945945945946,5.0,0.0051762913797701055
22980,2021-07-05,Rockland,7,47093,509,894984,0.0137524557956778,5.0,0.005930888381723408
22981,2021-07-06,Rockland,12,47105,1908,896892,0.006289308176100629,5.0,0.006182042119204964
22982,2021-07-07,Rockland,9,47114,1244,898136,0.007234726688102894,6.0,0.006346943427327727
22983,2021-07-08,Rockland,17,47131,1027,899163,0.016553067185978577,4.0,0.00445307487698646
22984,2021-07-09,Rockland,12,47143,1553,900716,0.0077269800386349004,4.0,0.00470409176908635
22985,2021-07-10,Rockland,8,47151,895,901611,0.008938547486033519,5.0,0.004924359379748161
22986,2021-07-11,Rockland,5,47156,2129,903740,0.0023485204321277596,5.0,0.004488828985904005
22987,2021-07-12,Rockland,12,47168,956,904696,0.012552301255230125,5.0,0.004403103661586315
22988,2021-07-13,Rockland,11,47179,2735,907431,0.0040219378427787935,5.0,0.004241148637777612
22989,2021-07-14,Rockland,11,47190,955,908386,0.011518324607329843,5.0,0.004547119917722394
22990,2021-07-15,Rockland,13,47203,1053,909439,0.012345679012345678,5.0,0.004246592191034329
22991,2021-07-16,Rockland,18,47221,2040,911479,0.008823529411764706,5.0,0.004324917146257887
22992,2021-07-17,Rockland,6,47227,893,912372,0.006718924972004479,5.0,0.004166372680970099
22993,2021-07-18,Rockland,9,47236,5245,917617,0.0017159199237368923,5.0,0.004121186930370751
22994,2021-07-19,Rockland,11,47247,1187,918804,0.009267059814658803,5.0,0.0038865268274727994
22995,2021-07-20,Rockland,11,47258,1812,920616,0.006070640176600441,5.0,0.0040328627084600605
22996,2021-07-21,Rockland,11,47269,1639,922255,0.006711409395973154,5.0,0.0036895116219345827
22997,2021-07-22,Rockland,19,47288,2552,924807,0.007445141065830721,6.0,0.0033394731971835142
22998,2021-07-23,Rockland,19,47307,1995,926802,0.009523809523809525,6.0,0.003389493205186715
22999,2021-07-24,Rockland,19,47326,968,927770,0.01962809917355372,7.0,0.004311577076725947
23000,2021-07-25,Rockland,19,47345,695,928465,0.027338129496402876,7.0,0.006141734903344946
23001,2021-07-26,Rockland,41,47386,1345,929810,0.030483271375464683,9.0,0.007657178586259652
23002,2021-07-27,Rockland,23,47409,2580,932390,0.008914728682170543,10.0,0.007860327765228945
23003,2021-07-28,Rockland,25,47434,1552,933942,0.01610824742268041,11.0,0.00853153048142232
23004,2021-07-29,Rockland,31,47465,1724,935666,0.017981438515081206,12.0,0.009284123156368783
23005,2021-07-30,Rockland,44,47509,3077,938743,0.014299642508937277,14.0,0.009625254083877908
23006,2021-07-31,Rockland,26,47535,1168,939911,0.02226027397260274,14.0,0.009813266569524266
23007,2021-08-01,Rockland,18,47553,982,940893,0.018329938900203666,14.0,0.009169824384081466
23008,2021-08-02,Rockland,43,47596,2030,942923,0.021182266009852218,15.0,0.00850546685796629
23009,2021-08-03,Rockland,52,47648,2121,945044,0.024516737388024516,17.0,0.009619896051241575
23010,2021-08-04,Rockland,73,47721,1917,946961,0.03808033385498174,20.0,0.011189330796405956
23011,2021-08-05,Rockland,88,47809,3802,950763,0.023145712782745922,24.0,0.011558207529810577
23012,2020-03-01,Saratoga,0,0,0,0,,,
23013,2020-03-02,Saratoga,0,0,0,0,,,
23014,2020-03-03,Saratoga,0,0,0,0,,,
23015,2020-03-04,Saratoga,0,0,0,0,,,
23016,2020-03-05,Saratoga,0,0,0,0,,,
23017,2020-03-06,Saratoga,0,0,0,0,,,
23018,2020-03-07,Saratoga,0,0,1,1,0.0,0.0,
23019,2020-03-08,Saratoga,0,0,0,1,,0.0,
23020,2020-03-09,Saratoga,2,2,9,10,0.2222222222222222,0.0,
23021,2020-03-10,Saratoga,0,2,2,12,0.0,0.0,
23022,2020-03-11,Saratoga,1,3,31,43,0.03225806451612903,0.0,
23023,2020-03-12,Saratoga,0,3,32,75,0.0,0.0,
23024,2020-03-13,Saratoga,0,3,41,116,0.0,0.0,
23025,2020-03-14,Saratoga,0,3,45,161,0.0,0.0,
23026,2020-03-15,Saratoga,2,5,66,227,0.030303030303030304,0.0,0.020341665502955825
23027,2020-03-16,Saratoga,4,9,55,282,0.07272727272727272,0.0,0.009663454824745147
23028,2020-03-17,Saratoga,5,14,76,358,0.06578947368421052,0.0,0.014362702945045899
23029,2020-03-18,Saratoga,4,18,156,514,0.02564102564102564,1.0,0.013890057311109942
23030,2020-03-19,Saratoga,6,24,102,616,0.058823529411764705,1.0,0.01809173798337885
23031,2020-03-20,Saratoga,11,35,279,895,0.03942652329749104,2.0,0.02090791821891392
23032,2020-03-21,Saratoga,6,41,143,1038,0.04195804195804196,2.0,0.02390492121591692
23033,2020-03-22,Saratoga,12,53,164,1202,0.07317073170731707,3.0,0.026966899887651694
23034,2020-03-23,Saratoga,7,60,76,1278,0.09210526315789473,3.0,0.028351042061267547
23035,2020-03-24,Saratoga,4,64,69,1347,0.057971014492753624,3.0,0.027792580690449202
23036,2020-03-25,Saratoga,9,73,55,1402,0.16363636363636364,3.0,0.037649390547259055
23037,2020-03-26,Saratoga,9,82,69,1471,0.13043478260869565,4.0,0.04276448006132555
23038,2020-03-27,Saratoga,14,96,82,1553,0.17073170731707318,4.0,0.052143421777009986
23039,2020-03-28,Saratoga,6,102,51,1604,0.11764705882352941,4.0,0.05754978012454481
23040,2020-03-29,Saratoga,3,105,15,1619,0.2,3.0,0.06660901357402216
23041,2020-03-30,Saratoga,3,108,23,1642,0.13043478260869565,3.0,0.06934683639193652
23042,2020-03-31,Saratoga,14,122,78,1720,0.1794871794871795,4.0,0.07802656246296694
23043,2020-04-01,Saratoga,10,132,69,1789,0.14492753623188406,4.0,0.07669021764836126
23044,2020-04-02,Saratoga,9,141,53,1842,0.16981132075471697,4.0,0.0795028275159342
23045,2020-04-03,Saratoga,0,141,57,1899,0.0,3.0,0.06730770556471469
23046,2020-04-04,Saratoga,7,148,110,2009,0.06363636363636363,3.0,0.06344979876563142
23047,2020-04-05,Saratoga,5,153,34,2043,0.14705882352941177,3.0,0.0596682861605894
23048,2020-04-06,Saratoga,2,155,40,2083,0.05,3.0,0.05392294454568257
23049,2020-04-07,Saratoga,7,162,73,2156,0.0958904109589041,2.0,0.04795174679366289
23050,2020-04-08,Saratoga,10,172,113,2269,0.08849557522123894,2.0,0.043920892435759674
23051,2020-04-09,Saratoga,10,182,154,2423,0.06493506493506493,2.0,0.03642973130578452
23052,2020-04-10,Saratoga,5,187,68,2491,0.07352941176470588,3.0,0.04168183214612065
23053,2020-04-11,Saratoga,9,196,88,2579,0.10227272727272728,3.0,0.04444157240586093
23054,2020-04-12,Saratoga,5,201,61,2640,0.08196721311475409,3.0,0.03979217166195681
23055,2020-04-13,Saratoga,23,224,193,2833,0.11917098445595854,4.0,0.04473295626595385
23056,2020-04-14,Saratoga,3,227,71,2904,0.04225352112676056,4.0,0.040901749849372164
23057,2020-04-15,Saratoga,4,231,92,2996,0.043478260869565216,4.0,0.03768622739568118
23058,2020-04-16,Saratoga,5,236,77,3073,0.06493506493506493,3.0,0.03768622739568118
23059,2020-04-17,Saratoga,8,244,98,3171,0.08163265306122448,4.0,0.03826503034543251
23060,2020-04-18,Saratoga,7,251,105,3276,0.06666666666666667,3.0,0.035721740302142466
23061,2020-04-19,Saratoga,3,254,32,3308,0.09375,3.0,0.036563367936802885
23062,2020-04-20,Saratoga,3,257,42,3350,0.07142857142857142,2.0,0.033153195577703805
23063,2020-04-21,Saratoga,7,264,101,3451,0.06930693069306931,2.0,0.035085581975297285
23064,2020-04-22,Saratoga,1,265,52,3503,0.019230769230769232,2.0,0.03335361828681186
23065,2020-04-23,Saratoga,13,278,127,3630,0.10236220472440945,3.0,0.03602698541462218
23066,2020-04-24,Saratoga,42,320,642,4272,0.06542056074766354,5.0,0.034868978820796405
23067,2020-04-25,Saratoga,10,330,217,4489,0.04608294930875576,5.0,0.03339871329523134
23068,2020-04-26,Saratoga,6,336,114,4603,0.05263157894736842,5.0,0.030461683220043365
23069,2020-04-27,Saratoga,7,343,116,4719,0.0603448275862069,6.0,0.02966998723130304
23070,2020-04-28,Saratoga,3,346,125,4844,0.024,5.0,0.026433777896083806
23071,2020-04-29,Saratoga,8,354,195,5039,0.041025641025641026,6.0,0.02799055445286036
23072,2020-04-30,Saratoga,4,358,171,5210,0.023391812865497075,5.0,0.022349812177223764
23073,2020-05-01,Saratoga,3,361,173,5383,0.017341040462427744,2.0,0.018915560728278352
23074,2020-05-02,Saratoga,2,363,203,5586,0.009852216748768473,2.0,0.01632765125970783
23075,2020-05-03,Saratoga,4,367,103,5689,0.038834951456310676,2.0,0.01534217786748942
23076,2020-05-04,Saratoga,1,368,115,5804,0.008695652173913044,1.0,0.011652951052325573
23077,2020-05-05,Saratoga,3,371,173,5977,0.017341040462427744,1.0,0.011177311085356125
23078,2020-05-06,Saratoga,3,374,157,6134,0.01910828025477707,1.0,0.009611785316008703
23079,2020-05-07,Saratoga,14,388,174,6308,0.08045977011494253,2.0,0.013688067976683375
23080,2020-05-08,Saratoga,11,399,179,6487,0.061452513966480445,2.0,0.01683888751268714
23081,2020-05-09,Saratoga,3,402,183,6670,0.01639344262295082,2.0,0.017306117932271596
23082,2020-05-10,Saratoga,1,403,170,6840,0.0058823529411764705,2.0,0.014952360895476293
23083,2020-05-11,Saratoga,4,407,154,6994,0.025974025974025976,2.0,0.016186530452627218
23084,2020-05-12,Saratoga,3,410,196,7190,0.015306122448979591,2.0,0.016041179165952348
23085,2020-05-13,Saratoga,5,415,280,7470,0.017857142857142856,2.0,0.01595181220897848
23086,2020-05-14,Saratoga,6,421,266,7736,0.022556390977443608,2.0,0.011815856556299983
23087,2020-05-15,Saratoga,2,423,358,8094,0.00558659217877095,1.0,0.007825433571463593
23088,2020-05-16,Saratoga,5,428,560,8654,0.008928571428571428,1.0,0.007292228486150778
23089,2020-05-17,Saratoga,6,434,242,8896,0.024793388429752067,2.0,0.00864301673533475
23090,2020-05-18,Saratoga,2,436,139,9035,0.014388489208633094,2.0,0.007815478394949543
23091,2020-05-19,Saratoga,2,438,267,9302,0.00749063670411985,2.0,0.007257229413173846
23092,2020-05-20,Saratoga,2,440,458,9760,0.004366812227074236,1.0,0.006293634368168945
23093,2020-05-21,Saratoga,8,448,351,10111,0.022792022792022793,1.0,0.006310465212067458
23094,2020-05-22,Saratoga,4,452,254,10365,0.015748031496062992,2.0,0.0070362823061597465
23095,2020-05-23,Saratoga,4,456,316,10681,0.012658227848101266,2.0,0.0073026863361261634
23096,2020-05-24,Saratoga,5,461,185,10866,0.02702702702702703,1.0,0.007462231950217232
23097,2020-05-25,Saratoga,2,463,312,11178,0.00641025641025641,1.0,0.006892358178904613
23098,2020-05-26,Saratoga,2,465,285,11463,0.007017543859649123,1.0,0.006858565832870989
23099,2020-05-27,Saratoga,3,468,292,11755,0.010273972602739725,2.0,0.007280505859704238
23100,2020-05-28,Saratoga,5,473,511,12266,0.009784735812133072,1.0,0.006351413932569258
23101,2020-05-29,Saratoga,4,477,518,12784,0.007722007722007722,1.0,0.005778126520136739
23102,2020-05-30,Saratoga,3,480,399,13183,0.007518796992481203,1.0,0.005411024316163878
23103,2020-05-31,Saratoga,3,483,487,13670,0.006160164271047228,1.0,0.003920534119308177
23104,2020-06-01,Saratoga,1,484,317,13987,0.0031545741324921135,1.0,0.003687985385182156
23105,2020-06-02,Saratoga,5,489,609,14596,0.008210180623973728,1.0,0.0037731737254910564
23106,2020-06-03,Saratoga,4,493,741,15337,0.005398110661268556,1.0,0.00342489787252883
23107,2020-06-04,Saratoga,3,496,574,15911,0.005226480836236934,1.0,0.0030993082313933917
23108,2020-06-05,Saratoga,5,501,610,16521,0.00819672131147541,1.0,0.003133216344926798
23109,2020-06-06,Saratoga,1,502,520,17041,0.0019230769230769232,1.0,0.002733522054255064
23110,2020-06-07,Saratoga,2,504,654,17695,0.0030581039755351682,1.0,0.002511946318861345
23111,2020-06-08,Saratoga,7,511,396,18091,0.017676767676767676,1.0,0.0035492458577381716
23112,2020-06-09,Saratoga,0,511,495,18586,0.0,1.0,0.0029628043845971908
23113,2020-06-10,Saratoga,2,513,577,19163,0.0034662045060658577,1.0,0.002824811087796998
23114,2020-06-11,Saratoga,1,514,693,19856,0.001443001443001443,1.0,0.0025545625597087483
23115,2020-06-12,Saratoga,0,514,357,20213,0.0,0.0,0.0019690824660319336
23116,2020-06-13,Saratoga,1,515,437,20650,0.002288329519450801,0.0,0.001995171937201496
23117,2020-06-14,Saratoga,2,517,568,21218,0.0035211267605633804,0.0,0.00202824499327494
23118,2020-06-15,Saratoga,5,522,425,21643,0.011764705882352941,0.0,0.0016059548651024588
23119,2020-06-16,Saratoga,1,523,435,22078,0.0022988505747126436,0.0,0.0017701584775819332
23120,2020-06-17,Saratoga,3,526,488,22566,0.006147540983606557,0.0,0.0019616825116919832
23121,2020-06-18,Saratoga,2,528,546,23112,0.003663003663003663,1.0,0.002120254098834999
23122,2020-06-19,Saratoga,3,531,561,23673,0.0053475935828877,1.0,0.0025022250690412634
23123,2020-06-20,Saratoga,2,533,492,24165,0.0040650406504065045,1.0,0.0026291330069666704
23124,2020-06-21,Saratoga,2,535,543,24708,0.003683241252302026,1.0,0.002640712613519431
23125,2020-06-22,Saratoga,3,538,273,24981,0.01098901098901099,1.0,0.0025853058354235775
23126,2020-06-23,Saratoga,0,538,470,25451,0.0,1.0,0.002421102222944103
23127,2020-06-24,Saratoga,2,540,389,25840,0.005141388174807198,1.0,0.0023492341651727205
23128,2020-06-25,Saratoga,0,540,564,26404,0.0,0.0,0.0020875910463867445
23129,2020-06-26,Saratoga,6,546,589,26993,0.010186757215619695,1.0,0.002433245591581887
23130,2020-06-27,Saratoga,2,548,517,27510,0.0038684719535783366,1.0,0.0024192049703798744
23131,2020-06-28,Saratoga,1,549,531,28041,0.0018832391713747645,1.0,0.0022906333931707844
23132,2020-06-29,Saratoga,0,549,283,28324,0.0,0.0,0.0015057040368128567
23133,2020-06-30,Saratoga,1,550,246,28570,0.0040650406504065045,0.0,0.001796064083270464
23134,2020-07-01,Saratoga,5,555,444,29014,0.01126126126126126,1.0,0.00223319787516004
23135,2020-07-02,Saratoga,6,561,512,29526,0.01171875,1.0,0.0030702514465886115
23136,2020-07-03,Saratoga,1,562,518,30044,0.0019305019305019305,1.0,0.002480518926223057
23137,2020-07-04,Saratoga,4,566,516,30560,0.007751937984496124,1.0,0.002757909357002899
23138,2020-07-05,Saratoga,6,572,431,30991,0.013921113689095127,1.0,0.0036177575368400673
23139,2020-07-06,Saratoga,6,578,267,31258,0.02247191011235955,2.0,0.005222893973437178
23140,2020-07-07,Saratoga,4,582,539,31797,0.0074211502782931356,2.0,0.005462616089714795
23141,2020-07-08,Saratoga,3,585,555,32352,0.005405405405405406,2.0,0.005044340671439377
23142,2020-07-09,Saratoga,2,587,419,32771,0.00477326968973747,1.0,0.004548234934992053
23143,2020-07-10,Saratoga,8,595,524,33295,0.015267175572519083,2.0,0.0055008544808504214
23144,2020-07-11,Saratoga,7,602,506,33801,0.01383399209486166,2.0,0.005935286917305103
23145,2020-07-12,Saratoga,8,610,480,34281,0.016666666666666666,2.0,0.006131397844274499
23146,2020-07-13,Saratoga,6,616,577,34858,0.010398613518197574,2.0,0.005269019516120071
23147,2020-07-14,Saratoga,7,623,531,35389,0.013182674199623353,2.0,0.00568055693907223
23148,2020-07-15,Saratoga,1,624,483,35872,0.002070393374741201,2.0,0.005442341794024787
23149,2020-07-16,Saratoga,6,630,494,36366,0.012145748987854251,3.0,0.0059689474581759855
23150,2020-07-17,Saratoga,5,635,893,37259,0.005599104143337066,2.0,0.005278370927520127
23151,2020-07-18,Saratoga,2,637,479,37738,0.0041753653444676405,2.0,0.004588469016777697
23152,2020-07-19,Saratoga,2,639,412,38150,0.0048543689320388345,2.0,0.00374473346430428
23153,2020-07-20,Saratoga,7,646,782,38932,0.008951406649616368,2.0,0.003641361545119908
23154,2020-07-21,Saratoga,4,650,556,39488,0.007194244604316547,1.0,0.003213616574026565
23155,2020-07-22,Saratoga,13,663,890,40378,0.014606741573033709,2.0,0.004109070016761744
23156,2020-07-23,Saratoga,2,665,546,40924,0.003663003663003663,2.0,0.0035031596364152734
23157,2020-07-24,Saratoga,14,679,889,41813,0.015748031496062992,3.0,0.004228083018752839
23158,2020-07-25,Saratoga,6,685,795,42608,0.007547169811320755,3.0,0.004468926194956633
23159,2020-07-26,Saratoga,3,688,521,43129,0.005758157389635317,3.0,0.004533482513356383
23160,2020-07-27,Saratoga,3,691,639,43768,0.004694835680751174,3.0,0.004229441729866011
23161,2020-07-28,Saratoga,10,701,462,44230,0.021645021645021644,3.0,0.005261640089916375
23162,2020-07-29,Saratoga,8,709,537,44767,0.0148975791433892,3.0,0.005282414202084625
23163,2020-07-30,Saratoga,6,715,540,45307,0.011111111111111112,3.0,0.005814421876949443
23164,2020-07-31,Saratoga,11,726,1028,46335,0.010700389105058366,3.0,0.005453875991877682
23165,2020-08-01,Saratoga,6,732,603,46938,0.009950248756218905,3.0,0.005625524487941837
23166,2020-08-02,Saratoga,1,733,426,47364,0.002347417840375587,3.0,0.005381900234423284
23167,2020-08-03,Saratoga,6,739,841,48205,0.007134363852556481,3.0,0.005556152246695092
23168,2020-08-04,Saratoga,5,744,681,48886,0.007342143906020558,3.0,0.004534518122480729
23169,2020-08-05,Saratoga,3,747,576,49462,0.005208333333333333,2.0,0.003842429136048167
23170,2020-08-06,Saratoga,5,752,826,50288,0.006053268765133172,2.0,0.003481154682764029
23171,2020-08-07,Saratoga,3,755,506,50794,0.005928853754940711,2.0,0.003140330729184196
23172,2020-08-08,Saratoga,2,757,685,51479,0.00291970802919708,1.0,0.002638149248682637
23173,2020-08-09,Saratoga,3,760,451,51930,0.0066518847006651885,1.0,0.0029456111672747517
23174,2020-08-10,Saratoga,7,767,749,52679,0.009345794392523364,2.0,0.0031035704915581006
23175,2020-08-11,Saratoga,1,768,601,53280,0.0016638935108153079,1.0,0.0026979811776148685
23176,2020-08-12,Saratoga,6,774,831,54111,0.007220216606498195,1.0,0.0028416871256980725
23177,2020-08-13,Saratoga,8,782,728,54839,0.01098901098901099,2.0,0.0031942401416893457
23178,2020-08-14,Saratoga,1,783,789,55628,0.0012674271229404308,2.0,0.0028612810965464685
23179,2020-08-15,Saratoga,9,792,720,56348,0.0125,2.0,0.003545587665889534
23180,2020-08-16,Saratoga,3,795,498,56846,0.006024096385542169,2.0,0.003500745643380747
23181,2020-08-17,Saratoga,5,800,934,57780,0.0053533190578158455,2.0,0.0032155688337587814
23182,2020-08-18,Saratoga,0,800,1088,58868,0.0,2.0,0.0030967192972719735
23183,2020-08-19,Saratoga,2,802,1221,60089,0.001638001638001638,2.0,0.002697989656665077
23184,2020-08-20,Saratoga,6,808,1254,61343,0.004784688995215311,1.0,0.0022548237999653856
23185,2020-08-21,Saratoga,5,813,1228,62571,0.004071661237785016,2.0,0.0024551262367399984
23186,2020-08-22,Saratoga,2,815,981,63552,0.0020387359836901123,1.0,0.0017078930927178636
23187,2020-08-23,Saratoga,1,816,438,63990,0.00228310502283105,1.0,0.0014406794239527835
23188,2020-08-24,Saratoga,8,824,679,64669,0.011782032400589101,1.0,0.0018998732341508734
23189,2020-08-25,Saratoga,0,824,1137,65806,0.0,1.0,0.0018998732341508734
23190,2020-08-26,Saratoga,5,829,1175,66981,0.00425531914893617,1.0,0.002086824484931911
23191,2020-08-27,Saratoga,3,832,661,67642,0.0045385779122541605,1.0,0.0020692451218632577
23192,2020-08-28,Saratoga,0,832,1292,68934,0.0,1.0,0.0017784121763071855
23193,2020-08-29,Saratoga,10,842,1102,70036,0.009074410163339383,1.0,0.002280960331996419
23194,2020-08-30,Saratoga,2,844,800,70836,0.0025,2.0,0.00229645283036563
23195,2020-08-31,Saratoga,2,846,379,71215,0.005277044854881266,1.0,0.0018318108628150697
23196,2020-09-01,Saratoga,6,852,1239,72454,0.004842615012106538,2.0,0.002177711935108394
23197,2020-09-02,Saratoga,11,863,1102,73556,0.009981851179673321,2.0,0.002586749937303905
23198,2020-09-03,Saratoga,5,868,1151,74707,0.004344048653344918,2.0,0.0025728549902389593
23199,2020-09-04,Saratoga,9,877,1075,75782,0.008372093023255815,3.0,0.0031708616347572312
23200,2020-09-05,Saratoga,12,889,1108,76890,0.010830324909747292,3.0,0.003296284116643511
23201,2020-09-06,Saratoga,4,893,420,77310,0.009523809523809525,3.0,0.00379798479691562
23202,2020-09-07,Saratoga,7,900,470,77780,0.014893617021276596,3.0,0.004484882808801
23203,2020-09-08,Saratoga,11,911,910,78690,0.012087912087912088,4.0,0.005002404028501397
23204,2020-09-09,Saratoga,7,918,376,79066,0.018617021276595744,3.0,0.005619201892567284
23205,2020-09-10,Saratoga,25,943,1731,80797,0.014442518775274409,5.0,0.006340521186990819
23206,2020-09-11,Saratoga,12,955,1702,82499,0.007050528789659225,5.0,0.006246123741733919
23207,2020-09-12,Saratoga,6,961,958,83457,0.006263048016701462,5.0,0.005919889677944932
23208,2020-09-13,Saratoga,3,964,642,84099,0.004672897196261682,5.0,0.005573395940262944
23209,2020-09-14,Saratoga,1,965,471,84570,0.0021231422505307855,4.0,0.004661219170923957
23210,2020-09-15,Saratoga,5,970,1298,85868,0.003852080123266564,4.0,0.004072945459163562
23211,2020-09-16,Saratoga,6,976,1190,87058,0.005042016806722689,4.0,0.0031033022827440587
23212,2020-09-17,Saratoga,9,985,1305,88363,0.006896551724137931,3.0,0.0025643046362343104
23213,2020-09-18,Saratoga,5,990,1188,89551,0.004208754208754209,2.0,0.0023613207375982373
23214,2020-09-19,Saratoga,8,998,1375,90926,0.005818181818181818,2.0,0.00232954458056112
23215,2020-09-20,Saratoga,6,1004,511,91437,0.011741682974559686,2.0,0.0028344578504395494
23216,2020-09-21,Saratoga,2,1006,728,92165,0.0027472527472527475,2.0,0.002879037171633975
23217,2020-09-22,Saratoga,8,1014,690,92855,0.011594202898550725,3.0,0.003432045941297129
23218,2020-09-23,Saratoga,3,1017,1849,94704,0.0016224986479177934,2.0,0.0031877946442396368
23219,2020-09-24,Saratoga,14,1031,1044,95748,0.013409961685823755,3.0,0.0036530382129314814
23220,2020-09-25,Saratoga,5,1036,1322,97070,0.0037821482602118004,3.0,0.003622566359464166
23221,2020-09-26,Saratoga,8,1044,1862,98932,0.004296455424274973,3.0,0.003513871617042248
23222,2020-09-27,Saratoga,8,1052,650,99582,0.012307692307692308,3.0,0.00355430085512315
23223,2020-09-28,Saratoga,8,1060,643,100225,0.012441679626749611,3.0,0.004246759917944355
23224,2020-09-29,Saratoga,6,1066,1286,101511,0.004665629860031105,3.0,0.003751861843764382
23225,2020-09-30,Saratoga,7,1073,1305,102816,0.0053639846743295016,4.0,0.004019110845650932
23226,2020-10-01,Saratoga,10,1083,1421,104237,0.007037297677691766,3.0,0.0035639205593557904
23227,2020-10-02,Saratoga,7,1090,1172,105409,0.005972696245733789,3.0,0.003720388272607361
23228,2020-10-03,Saratoga,5,1095,1666,107075,0.003001200480192077,3.0,0.003627870062315725
23229,2020-10-04,Saratoga,5,1100,1001,108076,0.004995004995004995,3.0,0.003105535254266632
23230,2020-10-05,Saratoga,3,1103,1206,109282,0.0024875621890547263,3.0,0.002394526865859854
23231,2020-10-06,Saratoga,8,1111,1036,110318,0.007722007722007722,3.0,0.0026128395702867554
23232,2020-10-07,Saratoga,11,1122,1426,111744,0.007713884992987377,3.0,0.002780689593048033
23233,2020-10-08,Saratoga,17,1139,1587,113331,0.010712035286704474,4.0,0.003043170850834654
23234,2020-10-09,Saratoga,2,1141,1133,114464,0.00176522506619594,3.0,0.002742637195153379
23235,2020-10-10,Saratoga,8,1149,1012,115476,0.007905138339920948,3.0,0.0030929184708482988
23236,2020-10-11,Saratoga,9,1158,1961,117437,0.004589495155532891,4.0,0.0030639534823145775
23237,2020-10-12,Saratoga,10,1168,1397,118834,0.0071581961345740875,4.0,0.0033975701927088167
23238,2020-10-13,Saratoga,6,1174,745,119579,0.008053691275167786,4.0,0.0034212618750773935
23239,2020-10-14,Saratoga,8,1182,1150,120729,0.006956521739130435,4.0,0.003367164499801897
23240,2020-10-15,Saratoga,8,1190,991,121720,0.008072653884964682,3.0,0.003178637256820483
23241,2020-10-16,Saratoga,12,1202,1463,123183,0.008202323991797676,4.0,0.0036384300372206075
23242,2020-10-17,Saratoga,5,1207,1762,124945,0.0028376844494892167,4.0,0.003276469045046912
23243,2020-10-18,Saratoga,6,1213,1148,126093,0.005226480836236934,3.0,0.0033219680222400585
23244,2020-10-19,Saratoga,6,1219,1462,127555,0.004103967168262654,3.0,0.0031038088103606705
23245,2020-10-20,Saratoga,10,1229,1103,128658,0.009066183136899365,3.0,0.003176129657627212
23246,2020-10-21,Saratoga,15,1244,1060,129718,0.014150943396226415,4.0,0.0036900169188483533
23247,2020-10-22,Saratoga,21,1265,1125,130843,0.018666666666666668,5.0,0.004446732117541352
23248,2020-10-23,Saratoga,30,1295,1240,132083,0.024193548387096774,6.0,0.005588962431491287
23249,2020-10-24,Saratoga,13,1308,1772,133855,0.007336343115124154,7.0,0.005910295193322354
23250,2020-10-25,Saratoga,11,1319,1278,135133,0.008607198748043818,7.0,0.006151775044165704
23251,2020-10-26,Saratoga,15,1334,1577,136710,0.009511731135066582,8.0,0.006538043898937412
23252,2020-10-27,Saratoga,11,1345,1168,137878,0.009417808219178082,8.0,0.006563159976243035
23253,2020-10-28,Saratoga,20,1365,1314,139192,0.015220700152207,8.0,0.006639571173098791
23254,2020-10-29,Saratoga,18,1383,1073,140265,0.016775396085740912,8.0,0.0065044804173183795
23255,2020-10-30,Saratoga,22,1405,1349,141614,0.01630837657524092,7.0,0.005941253859328676
23256,2020-10-31,Saratoga,18,1423,2115,143729,0.00851063829787234,8.0,0.0060251320866678325
23257,2020-11-01,Saratoga,15,1438,1029,144758,0.014577259475218658,8.0,0.006451564995751749
23258,2020-11-02,Saratoga,10,1448,1765,146523,0.0056657223796034,8.0,0.0061768500846472365
23259,2020-11-03,Saratoga,10,1458,1375,147898,0.007272727272727273,8.0,0.006023630017043607
23260,2020-11-04,Saratoga,24,1482,1362,149260,0.01762114537444934,8.0,0.006195090390060917
23261,2020-11-05,Saratoga,21,1503,1255,150515,0.016733067729083666,8.0,0.006192066936013972
23262,2020-11-06,Saratoga,17,1520,976,151491,0.017418032786885244,8.0,0.006271328093988565
23263,2020-11-07,Saratoga,21,1541,2204,153695,0.009528130671506351,8.0,0.00634400612067671
23264,2020-11-08,Saratoga,12,1553,1032,154727,0.011627906976744186,8.0,0.00613333808507139
23265,2020-11-09,Saratoga,14,1567,1463,156190,0.009569377990430622,8.0,0.006412170628701906
23266,2020-11-10,Saratoga,16,1583,1390,157580,0.011510791366906475,8.0,0.006714889492571848
23267,2020-11-11,Saratoga,28,1611,1495,159075,0.018729096989966554,9.0,0.006794028893680222
23268,2020-11-12,Saratoga,31,1642,1258,160333,0.0246422893481717,9.0,0.007358973295043653
23269,2020-11-13,Saratoga,24,1666,1065,161398,0.022535211267605635,10.0,0.007724486043666536
23270,2020-11-14,Saratoga,14,1680,729,162127,0.019204389574759947,9.0,0.008415647393898936
23271,2020-11-15,Saratoga,14,1694,748,162875,0.01871657754010695,10.0,0.008921981005567705
23272,2020-11-16,Saratoga,47,1741,2624,165499,0.017911585365853657,12.0,0.009517852960955064
23273,2020-11-17,Saratoga,28,1769,976,166475,0.028688524590163935,13.0,0.010744833905473455
23274,2020-11-18,Saratoga,35,1804,1949,168424,0.017957927142124165,13.0,0.010689750344913285
23275,2020-11-19,Saratoga,38,1842,1378,169802,0.027576197387518143,14.0,0.010899315204866603
23276,2020-11-20,Saratoga,33,1875,2778,172580,0.011879049676025918,14.0,0.01013816080546805
23277,2020-11-21,Saratoga,29,1904,1086,173666,0.026703499079189688,16.0,0.01067381148435589
23278,2020-11-22,Saratoga,65,1969,2399,176065,0.027094622759483118,19.0,0.011272243285739902
23279,2020-11-23,Saratoga,37,2006,1375,177440,0.02690909090909091,18.0,0.011914922253113991
23280,2020-11-24,Saratoga,39,2045,1317,178757,0.029612756264236904,19.0,0.011980938801262058
23281,2020-11-25,Saratoga,44,2089,1272,180029,0.03459119496855346,20.0,0.013169029360292727
23282,2020-11-26,Saratoga,62,2151,1671,181700,0.03710353081986834,22.0,0.013849553176889169
23283,2020-11-27,Saratoga,29,2180,1034,182734,0.02804642166344294,21.0,0.01500436546170467
23284,2020-11-28,Saratoga,65,2245,1514,184248,0.042932628797886396,24.0,0.016163589013040148
23285,2020-11-29,Saratoga,48,2293,1452,185700,0.03305785123966942,23.0,0.016589533904482028
23286,2020-11-30,Saratoga,77,2370,1589,187289,0.048458149779735685,26.0,0.018128752395242368
23287,2020-12-01,Saratoga,43,2413,1046,188335,0.04110898661567878,26.0,0.018949911706059645
23288,2020-12-02,Saratoga,75,2488,1771,190106,0.042348955392433656,28.0,0.019504037450622517
23289,2020-12-03,Saratoga,93,2581,2034,192140,0.045722713864306784,30.0,0.02011969338236812
23290,2020-12-04,Saratoga,91,2672,1714,193854,0.05309218203033839,35.0,0.021908676265717793
23291,2020-12-05,Saratoga,62,2734,1468,195322,0.04223433242506812,34.0,0.021858797953373633
23292,2020-12-06,Saratoga,53,2787,1122,196444,0.04723707664884135,35.0,0.022871599768314484
23293,2020-12-07,Saratoga,101,2888,1646,198090,0.06136087484811665,37.0,0.023793222987484552
23294,2020-12-08,Saratoga,77,2965,1285,199375,0.05992217898832685,39.0,0.0251370224426737
23295,2020-12-09,Saratoga,100,3065,2053,201428,0.04870920603994155,41.0,0.025591326060352835
23296,2020-12-10,Saratoga,118,3183,1895,203323,0.062269129287598944,43.0,0.026773212876302275
23297,2020-12-11,Saratoga,115,3298,1875,205198,0.06133333333333333,44.0,0.027361866540801916
23298,2020-12-12,Saratoga,68,3366,1533,206731,0.04435746901500326,45.0,0.02751351915436871
23299,2020-12-13,Saratoga,111,3477,1665,208396,0.06666666666666667,49.0,0.028901347012784802
23300,2020-12-14,Saratoga,122,3599,1358,209754,0.0898379970544919,50.0,0.030935427170383036
23301,2020-12-15,Saratoga,117,3716,1087,210841,0.10763569457221711,53.0,0.0343435354263752
23302,2020-12-16,Saratoga,93,3809,1838,212679,0.05059847660500544,53.0,0.03447848332387976
23303,2020-12-17,Saratoga,99,3908,1861,214540,0.053197205803331545,51.0,0.03383048878928923
23304,2020-12-18,Saratoga,100,4008,1227,215767,0.08149959250203749,50.0,0.0352709358727681
23305,2020-12-19,Saratoga,88,4096,1345,217112,0.0654275092936803,52.0,0.03677593874981646
23306,2020-12-20,Saratoga,83,4179,1385,218497,0.059927797833935016,50.0,0.036294590976049916
23307,2020-12-21,Saratoga,137,4316,1342,219839,0.10208643815201192,51.0,0.03716947962587277
23308,2020-12-22,Saratoga,98,4414,1292,221131,0.07585139318885449,49.0,0.034899172384204015
23309,2020-12-23,Saratoga,194,4608,2022,223153,0.09594460929772503,57.0,0.03813818186225541
23310,2020-12-24,Saratoga,133,4741,1807,224960,0.07360265633646929,59.0,0.03959571404319383
23311,2020-12-25,Saratoga,127,4868,1764,226724,0.07199546485260772,61.0,0.03891684778252026
23312,2020-12-26,Saratoga,125,4993,1458,228182,0.08573388203017833,64.0,0.04036730297798441
23313,2020-12-27,Saratoga,137,5130,924,229106,0.14826839826839827,67.0,0.04667734586616036
23314,2020-12-28,Saratoga,138,5268,1351,230457,0.10214655810510732,68.0,0.04668164014852432
23315,2020-12-29,Saratoga,145,5413,989,231446,0.14661274014155712,71.0,0.051736022073717365
23316,2020-12-30,Saratoga,175,5588,2111,233557,0.08289909995262909,70.0,0.05080419997763909
23317,2020-12-31,Saratoga,208,5796,2115,235672,0.0983451536643026,75.0,0.05257152121534146
23318,2021-01-01,Saratoga,264,6060,2085,237757,0.12661870503597122,85.0,0.056473181228438855
23319,2021-01-02,Saratoga,183,6243,1832,239589,0.09989082969432314,89.0,0.05748439177587777
23320,2021-01-03,Saratoga,117,6360,920,240509,0.12717391304347825,87.0,0.055977642831240626
23321,2021-01-04,Saratoga,183,6543,1521,242030,0.1203155818540434,91.0,0.057275430241878915
23322,2021-01-05,Saratoga,210,6753,2055,244085,0.10218978102189781,95.0,0.05410236173333182
23323,2021-01-06,Saratoga,274,7027,2716,246801,0.10088365243004419,102.0,0.05538697262457576
23324,2021-01-07,Saratoga,276,7303,2545,249346,0.10844793713163065,107.0,0.056108600015099194
23325,2021-01-08,Saratoga,208,7511,2527,251873,0.08231104075979422,103.0,0.05294376685251512
23326,2021-01-09,Saratoga,242,7753,2316,254189,0.10449050086355786,107.0,0.05327231479317474
23327,2021-01-10,Saratoga,207,7960,2047,256236,0.10112359550561797,114.0,0.051411577826184725
23328,2021-01-11,Saratoga,164,8124,1690,257926,0.0970414201183432,112.0,0.04974913770220613
23329,2021-01-12,Saratoga,102,8226,1176,259102,0.08673469387755102,105.0,0.048645202906181365
23330,2021-01-13,Saratoga,221,8447,2541,261643,0.08697363242817788,101.0,0.04765163004890521
23331,2021-01-14,Saratoga,206,8653,2960,264603,0.06959459459459459,96.0,0.04487639129625976
23332,2021-01-15,Saratoga,186,8839,2445,267048,0.07607361963190185,94.0,0.044430861215696026
23333,2021-01-16,Saratoga,145,8984,2094,269142,0.06924546322827126,87.0,0.04191335852746127
23334,2021-01-17,Saratoga,156,9140,1729,270871,0.09022556390977443,84.0,0.04113492769918673
23335,2021-01-18,Saratoga,127,9267,1444,272315,0.08795013850415513,81.0,0.040485550441030436
23336,2021-01-19,Saratoga,108,9375,1232,273547,0.08766233766233766,82.0,0.04055181071137234
23337,2021-01-20,Saratoga,152,9527,2606,276153,0.05832693783576362,77.0,0.03850561824048561
23338,2021-01-21,Saratoga,162,9689,2205,278358,0.07346938775510205,74.0,0.038782389180521855
23339,2021-01-22,Saratoga,153,9842,2219,280577,0.06894997746732763,71.0,0.038273557597337984
23340,2021-01-23,Saratoga,109,9951,2073,282650,0.052580800771828265,69.0,0.03708322456473491
23341,2021-01-24,Saratoga,69,10020,1328,283978,0.051957831325301206,62.0,0.03434981509441539
23342,2021-01-25,Saratoga,89,10109,1643,285621,0.054169202678027994,60.0,0.03193689110683489
23343,2021-01-26,Saratoga,89,10198,1370,286991,0.06496350364963503,58.0,0.030315545820213268
23344,2021-01-27,Saratoga,106,10304,2063,289054,0.05138148327678139,55.0,0.029819441923143113
23345,2021-01-28,Saratoga,86,10390,3015,292069,0.028524046434494195,50.0,0.026609060400242548
23346,2021-01-29,Saratoga,85,10475,1891,293960,0.0449497620306716,45.0,0.024894759297624258
23347,2021-01-30,Saratoga,73,10548,1848,295808,0.039502164502164504,42.0,0.02396057099264828
23348,2021-01-31,Saratoga,56,10604,1564,297372,0.03580562659846547,41.0,0.02280684208358858
23349,2021-02-01,Saratoga,53,10657,1643,299015,0.03225806451612903,39.0,0.02124176078631009
23350,2021-02-02,Saratoga,61,10718,866,299881,0.07043879907621248,37.0,0.02163285331677991
23351,2021-02-03,Saratoga,77,10795,3171,303052,0.024282560706401765,35.0,0.01969721599032422
23352,2021-02-04,Saratoga,74,10869,1711,304763,0.04324956165984804,34.0,0.020749038506420923
23353,2021-02-05,Saratoga,73,10942,2710,307473,0.026937269372693726,33.0,0.01946243188799393
23354,2021-02-06,Saratoga,75,11017,3083,310556,0.02432695426532598,33.0,0.018378488299648322
23355,2021-02-07,Saratoga,50,11067,2351,312907,0.02126754572522331,33.0,0.017340053951559596
23356,2021-02-08,Saratoga,42,11109,1307,314214,0.032134659525631215,32.0,0.017331239309381182
23357,2021-02-09,Saratoga,59,11168,1274,315488,0.04631083202511774,32.0,0.01560781309144584
23358,2021-02-10,Saratoga,44,11212,2468,317956,0.017828200972447326,29.0,0.015146787396163383
23359,2021-02-11,Saratoga,44,11256,2558,320514,0.017200938232994525,27.0,0.013286171437102418
23360,2021-02-12,Saratoga,48,11304,2194,322708,0.02187784867821331,25.0,0.012924784244639529
23361,2021-02-13,Saratoga,45,11349,2076,324784,0.02167630057803468,23.0,0.012735451838404438
23362,2021-02-14,Saratoga,30,11379,2416,327200,0.012417218543046357,22.0,0.012103285611106082
23363,2021-02-15,Saratoga,36,11415,1023,328223,0.03519061583577713,21.0,0.012321568204687935
23364,2021-02-16,Saratoga,26,11441,1237,329460,0.021018593371059015,19.0,0.010514979729398024
23365,2021-02-17,Saratoga,43,11484,1661,331121,0.02588801926550271,19.0,0.011090681036044837
23366,2021-02-18,Saratoga,33,11517,1739,332860,0.01897642323174238,18.0,0.011217501393098255
23367,2021-02-19,Saratoga,43,11560,1475,334335,0.029152542372881354,18.0,0.011737122371288832
23368,2021-02-20,Saratoga,44,11604,2488,336823,0.017684887459807074,18.0,0.011452021434272572
23369,2021-02-21,Saratoga,38,11642,870,337693,0.04367816091954023,18.0,0.013684945889736422
23370,2021-02-22,Saratoga,45,11687,1122,338815,0.040106951871657755,19.0,0.014036112749442182
23371,2021-02-23,Saratoga,36,11723,1267,340082,0.028413575374901343,20.0,0.01456432574971663
23372,2021-02-24,Saratoga,73,11796,2476,342558,0.02948303715670436,22.0,0.01482111274194532
23373,2021-02-25,Saratoga,48,11844,1933,344491,0.024831867563372995,23.0,0.01523935876563322
23374,2021-02-26,Saratoga,45,11889,2329,346820,0.019321597252039503,23.0,0.014537148399858804
23375,2021-02-27,Saratoga,50,11939,2154,348974,0.02321262766945218,23.0,0.014931986986262025
23376,2021-02-28,Saratoga,31,11970,1974,350948,0.015704154002026342,23.0,0.012933843635011032
23377,2021-03-01,Saratoga,32,12002,794,351742,0.04030226700251889,22.0,0.012947794715786831
23378,2021-03-02,Saratoga,50,12052,1469,353211,0.03403675970047652,23.0,0.0133494507390422
23379,2021-03-03,Saratoga,43,12095,2542,355753,0.016915814319433516,21.0,0.012451791964951425
23380,2021-03-04,Saratoga,51,12146,2003,357756,0.0254618072890664,21.0,0.012496787659643809
23381,2021-03-05,Saratoga,44,12190,2356,360112,0.01867572156196944,21.0,0.012450653681781663
23382,2021-03-06,Saratoga,55,12245,2128,362240,0.025845864661654134,21.0,0.012638742038367515
23383,2021-03-07,Saratoga,29,12274,1680,363920,0.017261904761904763,21.0,0.012750009949787403
23384,2021-03-08,Saratoga,31,12305,818,364738,0.037897310513447434,21.0,0.012578227343425157
23385,2021-03-09,Saratoga,33,12338,1118,365856,0.029516994633273702,20.0,0.012255386981482097
23386,2021-03-10,Saratoga,33,12371,2332,368188,0.014150943396226415,19.0,0.012057896201253018
23387,2021-03-11,Saratoga,53,12424,2189,370377,0.024211968935587025,19.0,0.011968622033147353
23388,2021-03-12,Saratoga,41,12465,2215,372592,0.01851015801354402,19.0,0.011956796065402679
23389,2021-03-13,Saratoga,38,12503,2156,374748,0.017625231910946195,18.0,0.01136960801178068
23390,2021-03-14,Saratoga,40,12543,1079,375827,0.03707136237256719,19.0,0.012784569269685141
23391,2021-03-15,Saratoga,34,12577,1047,376874,0.03247373447946514,19.0,0.01239717098154355
23392,2021-03-16,Saratoga,34,12611,1047,377921,0.03247373447946514,19.0,0.012608366684842939
23393,2021-03-17,Saratoga,53,12664,2174,380095,0.02437902483900644,20.0,0.013338943930755798
23394,2021-03-18,Saratoga,50,12714,2449,382544,0.02041649652919559,20.0,0.013067838758870695
23395,2021-03-19,Saratoga,60,12774,2193,384737,0.027359781121751026,22.0,0.013699954695171195
23396,2021-03-20,Saratoga,60,12834,2259,386996,0.02656042496679947,23.0,0.014338182770589286
23397,2021-03-21,Saratoga,36,12870,1138,388134,0.03163444639718805,23.0,0.013949831629490775
23398,2021-03-22,Saratoga,54,12924,974,389108,0.055441478439425054,24.0,0.015590384769487913
23399,2021-03-23,Saratoga,49,12973,1800,390908,0.02722222222222222,25.0,0.015215276751113418
23400,2021-03-24,Saratoga,61,13034,2196,393104,0.027777777777777776,26.0,0.015458044818168513
23401,2021-03-25,Saratoga,67,13101,2413,395517,0.027766266058847907,27.0,0.01598302835600082
23402,2021-03-26,Saratoga,61,13162,1978,397495,0.03083923154701719,27.0,0.016231560529234117
23403,2021-03-27,Saratoga,55,13217,2578,400073,0.021334367726920093,27.0,0.01585827072638559
23404,2021-03-28,Saratoga,58,13275,1413,401486,0.04104741684359519,28.0,0.01653062575827182
23405,2021-03-29,Saratoga,63,13338,1291,402777,0.048799380325329204,29.0,0.016056190178693544
23406,2021-03-30,Saratoga,51,13389,1542,404319,0.033073929961089495,29.0,0.01647416930289835
23407,2021-03-31,Saratoga,60,13449,2481,406800,0.02418379685610641,29.0,0.016217456379921825
23408,2021-04-01,Saratoga,84,13533,2724,409524,0.030837004405286344,30.0,0.01643679483323885
23409,2021-04-02,Saratoga,66,13599,1633,411157,0.04041641151255358,31.0,0.017120879116491454
23410,2021-04-03,Saratoga,69,13668,2682,413839,0.025727069351230425,32.0,0.017434643518227905
23411,2021-04-04,Saratoga,45,13713,1134,414973,0.03968253968253968,31.0,0.017337152292438224
23412,2021-04-05,Saratoga,39,13752,815,415788,0.04785276073619632,29.0,0.01726953660750016
23413,2021-04-06,Saratoga,74,13826,1769,417557,0.041831543244771056,31.0,0.017895080413477416
23414,2021-04-07,Saratoga,49,13875,1809,419366,0.027086788280818133,30.0,0.018102436943813967
23415,2021-04-08,Saratoga,69,13944,2618,421984,0.026355996944232237,29.0,0.0177823649823101
23416,2021-04-09,Saratoga,100,14044,1948,423932,0.0513347022587269,31.0,0.018562242892751053
23417,2021-04-10,Saratoga,33,14077,2442,426374,0.013513513513513514,29.0,0.017689846047199847
23418,2021-04-11,Saratoga,45,14122,846,427220,0.05319148936170213,29.0,0.018654771024282875
23419,2021-04-12,Saratoga,45,14167,1029,428249,0.043731778425655975,29.0,0.018360415144958567
23420,2021-04-13,Saratoga,55,14222,1590,429839,0.03459119496855346,28.0,0.017843247410943026
23421,2021-04-14,Saratoga,70,14292,2372,432211,0.02951096121416526,29.0,0.01801640262046782
23422,2021-04-15,Saratoga,31,14323,1624,433835,0.019088669950738917,27.0,0.017497307835218297
23423,2021-04-16,Saratoga,57,14380,2131,435966,0.02674800563115908,24.0,0.01574111521896345
23424,2021-04-17,Saratoga,38,14418,2894,438860,0.013130615065653075,24.0,0.015713765329830563
23425,2021-04-18,Saratoga,36,14454,1154,440014,0.03119584055459272,23.0,0.014142647557894178
23426,2021-04-19,Saratoga,23,14477,1083,441097,0.02123730378578024,22.0,0.012535899369331624
23427,2021-04-20,Saratoga,40,14517,1583,442680,0.025268477574226154,21.0,0.011869990984022532
23428,2021-04-21,Saratoga,33,14550,1916,444596,0.01722338204592902,18.0,0.010992306757719941
23429,2021-04-22,Saratoga,35,14585,1931,446527,0.018125323666494046,18.0,0.01092349630884531
23430,2021-04-23,Saratoga,26,14611,1869,448396,0.013911182450508293,16.0,0.010006580367370255
23431,2021-04-24,Saratoga,24,14635,2234,450630,0.010743061772605193,15.0,0.009836040846438262
23432,2021-04-25,Saratoga,22,14657,933,451563,0.023579849946409433,14.0,0.009292041517282312
23433,2021-04-26,Saratoga,23,14680,872,452435,0.026376146788990827,14.0,0.009659101731797353
23434,2021-04-27,Saratoga,24,14704,947,453382,0.025343189017951427,13.0,0.009664438263492017
23435,2021-04-28,Saratoga,31,14735,2042,455424,0.015181194906953967,13.0,0.009518567753565228
23436,2021-04-29,Saratoga,25,14760,2386,457810,0.010477787091366304,12.0,0.008972315141056104
23437,2021-04-30,Saratoga,29,14789,2512,460322,0.011544585987261146,12.0,0.008803272536538452
23438,2021-05-01,Saratoga,17,14806,2278,462600,0.007462686567164179,12.0,0.008568960021864093
23439,2021-05-02,Saratoga,27,14833,1070,463670,0.025233644859813085,12.0,0.008687088229964352
23440,2021-05-03,Saratoga,30,14863,643,464313,0.04665629860031104,13.0,0.01013567050220151
23441,2021-05-04,Saratoga,24,14887,903,465216,0.026578073089700997,13.0,0.01022387650732648
23442,2021-05-05,Saratoga,16,14903,1937,467153,0.008260196179659268,12.0,0.009729519455376857
23443,2021-05-06,Saratoga,21,14924,1810,468963,0.011602209944751382,11.0,0.009809835373475793
23444,2021-05-07,Saratoga,24,14948,2235,471198,0.010738255033557046,11.0,0.00975224030535407
23445,2021-05-08,Saratoga,28,14976,1732,472930,0.016166281755196306,12.0,0.010373925675927794
23446,2021-05-09,Saratoga,18,14994,1035,473965,0.017391304347826087,11.0,0.009813758496500152
23447,2021-05-10,Saratoga,20,15014,598,474563,0.033444816053511704,10.0,0.008870081171728772
23448,2021-05-11,Saratoga,41,15055,1322,475885,0.031013615733736764,12.0,0.009186905646302755
23449,2021-05-12,Saratoga,16,15071,1879,477764,0.008515167642362959,12.0,0.009205117893638733
23450,2021-05-13,Saratoga,19,15090,1912,479676,0.00993723849372385,11.0,0.009086191361422481
23451,2021-05-14,Saratoga,23,15113,2074,481750,0.011089681774349084,11.0,0.009111293271479054
23452,2021-05-15,Saratoga,10,15123,1113,482863,0.008984725965858042,10.0,0.008598325000812033
23453,2021-05-16,Saratoga,13,15136,728,483591,0.017857142857142856,10.0,0.008631599180048948
23454,2021-05-17,Saratoga,11,15147,925,484516,0.011891891891891892,9.0,0.007092104597076103
23455,2021-05-18,Saratoga,18,15165,1489,486005,0.01208865010073875,7.0,0.005740321337576245
23456,2021-05-19,Saratoga,22,15187,1303,487308,0.01688411358403684,8.0,0.006338103190552951
23457,2021-05-20,Saratoga,18,15205,1497,488805,0.012024048096192385,8.0,0.006487161019300703
23458,2021-05-21,Saratoga,8,15213,1450,490255,0.005517241379310344,7.0,0.006089129562512223
23459,2021-05-22,Saratoga,13,15226,1170,491425,0.011111111111111112,7.0,0.006241014215744584
23460,2021-05-23,Saratoga,16,15242,856,492281,0.018691588785046728,7.0,0.006300617496309146
23461,2021-05-24,Saratoga,8,15250,483,492764,0.016563146997929608,7.0,0.006634278575311841
23462,2021-05-25,Saratoga,13,15263,762,493526,0.01706036745406824,7.0,0.0069894012434068035
23463,2021-05-26,Saratoga,8,15271,1221,494747,0.006552006552006552,6.0,0.006251393598261783
23464,2021-05-27,Saratoga,9,15280,1154,495901,0.00779896013864818,5.0,0.00594960160129434
23465,2021-05-28,Saratoga,11,15291,1004,496905,0.010956175298804782,5.0,0.006338096881258228
23466,2021-05-29,Saratoga,4,15295,863,497768,0.004634994206257242,4.0,0.005875517102340096
23467,2021-05-30,Saratoga,7,15302,504,498272,0.013888888888888888,4.0,0.0055324671097573925
23468,2021-05-31,Saratoga,4,15306,307,498579,0.013029315960912053,4.0,0.00528005060711328
23469,2021-06-01,Saratoga,6,15312,459,499038,0.013071895424836602,3.0,0.00499515974788245
23470,2021-06-02,Saratoga,6,15318,865,499903,0.006936416184971098,3.0,0.005022617578808489
23471,2021-06-03,Saratoga,6,15324,1349,501252,0.004447739065974796,3.0,0.004783244645046105
23472,2021-06-04,Saratoga,6,15330,1305,502557,0.004597701149425287,2.0,0.004329067920090426
23473,2021-06-05,Saratoga,7,15337,992,503549,0.007056451612903226,3.0,0.004502029163422282
23474,2021-06-06,Saratoga,5,15342,578,504127,0.00865051903114187,2.0,0.0041278598878689236
23475,2021-06-07,Saratoga,5,15347,648,504775,0.007716049382716049,2.0,0.003748340846569209
23476,2021-06-08,Saratoga,2,15349,611,505386,0.0032733224222585926,2.0,0.003048442774956494
23477,2021-06-09,Saratoga,1,15350,1219,506605,0.0008203445447087777,2.0,0.002611580514937757
23478,2021-06-10,Saratoga,2,15352,890,507495,0.0022471910112359553,2.0,0.0024543985110278394
23479,2021-06-11,Saratoga,5,15357,914,508409,0.005470459518599562,1.0,0.0025167383945402877
23480,2021-06-12,Saratoga,2,15359,804,509213,0.0024875621890547263,1.0,0.002190389149979681
23481,2021-06-13,Saratoga,3,15362,380,509593,0.007894736842105263,1.0,0.0021364047079056375
23482,2021-06-14,Saratoga,2,15364,368,509961,0.005434782608695652,1.0,0.001973457081189895
23483,2021-06-15,Saratoga,3,15367,398,510359,0.007537688442211055,1.0,0.0022780546540436424
23484,2021-06-16,Saratoga,9,15376,922,511281,0.009761388286334056,1.0,0.002916700635588305
23485,2021-06-17,Saratoga,3,15379,637,511918,0.004709576138147566,1.0,0.0030925852875105632
23486,2021-06-18,Saratoga,10,15389,1024,512942,0.009765625,2.0,0.0033993828218963082
23487,2021-06-19,Saratoga,2,15391,563,513505,0.003552397868561279,2.0,0.003475442513289633
23488,2021-06-20,Saratoga,2,15393,404,513909,0.0049504950495049506,2.0,0.0032651395281038972
23489,2021-06-21,Saratoga,3,15396,307,514216,0.009771986970684038,2.0,0.003574939839674496
23490,2021-06-22,Saratoga,2,15398,401,514617,0.004987531172069825,2.0,0.003392785748950123
23491,2021-06-23,Saratoga,1,15399,612,515229,0.0016339869281045752,1.0,0.0028122570805051597
23492,2021-06-24,Saratoga,1,15400,457,515686,0.002188183807439825,1.0,0.00263215762831175
23493,2021-06-25,Saratoga,1,15401,514,516200,0.0019455252918287938,0.0,0.0020735790777280925
23494,2021-06-26,Saratoga,2,15403,737,516937,0.0027137042062415195,0.0,0.0020136723875623947
23495,2021-06-27,Saratoga,1,15404,411,517348,0.0024330900243309003,0.0,0.0018338577429071056
23496,2021-06-28,Saratoga,5,15409,258,517606,0.01937984496124031,0.0,0.002520133313661125
23497,2021-06-29,Saratoga,3,15412,323,517929,0.009287925696594427,1.0,0.0028273043511271682
23498,2021-06-30,Saratoga,2,15414,448,518377,0.004464285714285714,1.0,0.0030294685501401067
23499,2021-07-01,Saratoga,1,15415,477,518854,0.0020964360587002098,1.0,0.003022915139515848
23500,2021-07-02,Saratoga,0,15415,366,519220,0.0,1.0,0.0028839490472423626
23501,2021-07-03,Saratoga,2,15417,467,519687,0.004282655246252677,1.0,0.002996016978671731
23502,2021-07-04,Saratoga,0,15417,307,519994,0.0,0.0,0.002822224834076667
23503,2021-07-05,Saratoga,1,15418,245,520239,0.004081632653061225,0.0,0.0017294953834924467
23504,2021-07-06,Saratoga,2,15420,242,520481,0.008264462809917356,0.0,0.0016563908915869414
23505,2021-07-07,Saratoga,3,15423,339,520820,0.008849557522123894,0.0,0.0019696245921468113
23506,2021-07-08,Saratoga,3,15426,438,521258,0.00684931506849315,0.0,0.002309115949989164
23507,2021-07-09,Saratoga,3,15429,454,521712,0.006607929515418502,1.0,0.0027811109153762005
23508,2021-07-10,Saratoga,3,15432,344,522056,0.00872093023255814,1.0,0.003098130557255162
23509,2021-07-11,Saratoga,1,15433,385,522441,0.0025974025974025974,1.0,0.00328365931421249
23510,2021-07-12,Saratoga,7,15440,286,522727,0.024475524475524476,1.0,0.004740365872959866
23511,2021-07-13,Saratoga,7,15447,418,523145,0.01674641148325359,1.0,0.005346219349626739
23512,2021-07-14,Saratoga,8,15455,512,523657,0.015625,2.0,0.00583017952661789
23513,2021-07-15,Saratoga,4,15459,395,524052,0.010126582278481013,2.0,0.006064270041617023
23514,2021-07-16,Saratoga,9,15468,398,524450,0.022613065326633167,2.0,0.007207494028132357
23515,2021-07-17,Saratoga,10,15478,473,524923,0.021141649048625793,3.0,0.008094688229280046
23516,2021-07-18,Saratoga,9,15487,298,525221,0.030201342281879196,3.0,0.010066398206742658
23517,2021-07-19,Saratoga,11,15498,340,525561,0.03235294117647059,4.0,0.010629070828238812
23518,2021-07-20,Saratoga,13,15511,453,526014,0.02869757174392936,4.0,0.011482725132572794
23519,2021-07-21,Saratoga,13,15524,577,526591,0.022530329289428077,4.0,0.011975962938960515
23520,2021-07-22,Saratoga,19,15543,533,527124,0.03564727954971857,6.0,0.013798869886906052
23521,2021-07-23,Saratoga,20,15563,491,527615,0.04073319755600815,6.0,0.015093165046147123
23522,2021-07-24,Saratoga,23,15586,640,528255,0.0359375,7.0,0.016150011542673853
23523,2021-07-25,Saratoga,10,15596,302,528557,0.033112582781456956,7.0,0.016357957292643693
23524,2021-07-26,Saratoga,25,15621,371,528928,0.0673854447439353,8.0,0.018860278976034033
23525,2021-07-27,Saratoga,30,15651,626,529554,0.04792332268370607,10.0,0.02023354690030379
23526,2021-07-28,Saratoga,40,15691,706,530260,0.056657223796033995,11.0,0.022671182222204215
23527,2021-07-29,Saratoga,38,15729,1006,531266,0.03777335984095427,13.0,0.022823045100149625
23528,2021-07-30,Saratoga,38,15767,911,532177,0.04171240395170143,14.0,0.022892988414127718
23529,2021-07-31,Saratoga,19,15786,626,532803,0.03035143769968051,14.0,0.0224939839641049
23530,2021-08-01,Saratoga,24,15810,536,533339,0.04477611940298507,15.0,0.023327093722785474
23531,2021-08-02,Saratoga,32,15842,536,533875,0.05970149253731343,15.0,0.022778239993741057
23532,2021-08-03,Saratoga,38,15880,1009,534884,0.03766105054509415,16.0,0.022045220555268776
23533,2021-08-04,Saratoga,51,15931,922,535806,0.055314533622559656,17.0,0.021949314114306322
23534,2021-08-05,Saratoga,35,15966,992,536798,0.03528225806451613,16.0,0.02177137827313217
23535,2020-03-01,Schenectady,0,0,0,0,,,
23536,2020-03-02,Schenectady,0,0,0,0,,,
23537,2020-03-03,Schenectady,0,0,0,0,,,
23538,2020-03-04,Schenectady,0,0,0,0,,,
23539,2020-03-05,Schenectady,0,0,0,0,,,
23540,2020-03-06,Schenectady,0,0,0,0,,,
23541,2020-03-07,Schenectady,0,0,0,0,,0.0,
23542,2020-03-08,Schenectady,0,0,1,1,0.0,0.0,
23543,2020-03-09,Schenectady,0,0,2,3,0.0,0.0,
23544,2020-03-10,Schenectady,0,0,0,3,,0.0,
23545,2020-03-11,Schenectady,0,0,12,15,0.0,0.0,
23546,2020-03-12,Schenectady,0,0,5,20,0.0,0.0,
23547,2020-03-13,Schenectady,1,1,20,40,0.05,0.0,
23548,2020-03-14,Schenectady,1,2,54,94,0.018518518518518517,0.0,
23549,2020-03-15,Schenectady,2,4,42,136,0.047619047619047616,0.0,
23550,2020-03-16,Schenectady,1,5,27,163,0.037037037037037035,0.0,
23551,2020-03-17,Schenectady,9,14,98,261,0.09183673469387756,1.0,0.017500809847748624
23552,2020-03-18,Schenectady,4,18,131,392,0.030534351145038167,1.0,0.019681834929537064
23553,2020-03-19,Schenectady,3,21,115,507,0.02608695652173913,1.0,0.02154518896680414
23554,2020-03-20,Schenectady,11,32,157,664,0.07006369426751592,2.0,0.02297830998591242
23555,2020-03-21,Schenectady,7,39,123,787,0.056910569105691054,2.0,0.025720599313567603
23556,2020-03-22,Schenectady,5,44,62,849,0.08064516129032258,2.0,0.028079607432944388
23557,2020-03-23,Schenectady,2,46,50,899,0.04,2.0,0.0282912476445846
23558,2020-03-24,Schenectady,9,55,53,952,0.16981132075471697,2.0,0.033860860934644556
23559,2020-03-25,Schenectady,7,62,32,984,0.21875,3.0,0.04730483585285611
23560,2020-03-26,Schenectady,4,66,41,1025,0.0975609756097561,3.0,0.052410122930571616
23561,2020-03-27,Schenectady,6,72,43,1068,0.13953488372093023,2.0,0.05737235074867264
23562,2020-03-28,Schenectady,4,76,28,1096,0.14285714285714285,2.0,0.0635113917309192
23563,2020-03-29,Schenectady,4,80,12,1108,0.3333333333333333,2.0,0.08156054687684854
23564,2020-03-30,Schenectady,5,85,33,1141,0.15151515151515152,2.0,0.08952591484221649
23565,2020-03-31,Schenectady,8,93,22,1163,0.36363636363636365,2.0,0.10337056076233411
23566,2020-04-01,Schenectady,8,101,31,1194,0.25806451612903225,2.0,0.10617874048583642
23567,2020-04-02,Schenectady,9,110,42,1236,0.21428571428571427,3.0,0.11451622181983344
23568,2020-04-03,Schenectady,7,117,38,1274,0.18421052631578946,3.0,0.11770733914803766
23569,2020-04-04,Schenectady,11,128,64,1338,0.171875,3.0,0.11978004322967031
23570,2020-04-05,Schenectady,10,138,64,1402,0.15625,4.0,0.10713123370586079
23571,2020-04-06,Schenectady,7,145,35,1437,0.2,4.0,0.11059443716906427
23572,2020-04-07,Schenectady,4,149,23,1460,0.17391304347826086,4.0,0.0970427714434855
23573,2020-04-08,Schenectady,18,167,104,1564,0.17307692307692307,4.0,0.09097222908262055
23574,2020-04-09,Schenectady,24,191,183,1747,0.13114754098360656,5.0,0.08503378813246999
23575,2020-04-10,Schenectady,3,194,24,1771,0.125,5.0,0.08080446482419933
23576,2020-04-11,Schenectady,5,199,27,1798,0.18518518518518517,5.0,0.08175519233742683
23577,2020-04-12,Schenectady,5,204,27,1825,0.18518518518518517,4.0,0.08382199127922578
23578,2020-04-13,Schenectady,31,235,232,2057,0.1336206896551724,6.0,0.07908061196888094
23579,2020-04-14,Schenectady,2,237,18,2075,0.1111111111111111,6.0,0.07459475965694166
23580,2020-04-15,Schenectady,8,245,45,2120,0.17777777777777778,5.0,0.074930534992717
23581,2020-04-16,Schenectady,5,250,35,2155,0.14285714285714285,4.0,0.07576693512654102
23582,2020-04-17,Schenectady,9,259,38,2193,0.23684210526315788,4.0,0.08375565693105232
23583,2020-04-18,Schenectady,9,268,36,2229,0.25,4.0,0.08838528656068194
23584,2020-04-19,Schenectady,1,269,23,2252,0.043478260869565216,4.0,0.07826336339528052
23585,2020-04-20,Schenectady,4,273,23,2275,0.17391304347826086,2.0,0.08114138866835827
23586,2020-04-21,Schenectady,7,280,24,2299,0.2916666666666667,3.0,0.09403821406518366
23587,2020-04-22,Schenectady,8,288,47,2346,0.1702127659574468,3.0,0.09349785607801717
23588,2020-04-23,Schenectady,9,297,33,2379,0.2727272727272727,3.0,0.10277429392588358
23589,2020-04-24,Schenectady,134,431,964,3343,0.13900414937759337,12.0,0.09578586850548612
23590,2020-04-25,Schenectady,18,449,186,3529,0.0967741935483871,12.0,0.08484116804465662
23591,2020-04-26,Schenectady,8,457,96,3625,0.08333333333333333,13.0,0.08768795893492579
23592,2020-04-27,Schenectady,12,469,119,3744,0.10084033613445378,14.0,0.08246847983893957
23593,2020-04-28,Schenectady,10,479,184,3928,0.05434782608695652,14.0,0.06551713408324597
23594,2020-04-29,Schenectady,22,501,246,4174,0.08943089430894309,15.0,0.05974700039406714
23595,2020-04-30,Schenectady,13,514,195,4369,0.06666666666666667,15.0,0.04502838567545242
23596,2020-05-01,Schenectady,7,521,194,4563,0.03608247422680412,6.0,0.03767683745039604
23597,2020-05-02,Schenectady,6,527,146,4709,0.0410958904109589,5.0,0.033699815797722604
23598,2020-05-03,Schenectady,8,535,126,4835,0.06349206349206349,5.0,0.0322825822376319
23599,2020-05-04,Schenectady,2,537,98,4933,0.02040816326530612,4.0,0.026537427032692778
23600,2020-05-05,Schenectady,14,551,178,5111,0.07865168539325842,5.0,0.028273416983142913
23601,2020-05-06,Schenectady,0,551,194,5305,0.0,3.0,0.02188549596107555
23602,2020-05-07,Schenectady,7,558,144,5449,0.04861111111111111,3.0,0.020595813421393012
23603,2020-05-08,Schenectady,13,571,204,5653,0.06372549019607843,3.0,0.022570314562055462
23604,2020-05-09,Schenectady,0,571,199,5852,0.0,3.0,0.01963489381841554
23605,2020-05-10,Schenectady,4,575,113,5965,0.035398230088495575,2.0,0.017628191432446403
23606,2020-05-11,Schenectady,6,581,102,6067,0.058823529411764705,3.0,0.020372146157193443
23607,2020-05-12,Schenectady,6,587,164,6231,0.036585365853658534,2.0,0.017367409047222025
23608,2020-05-13,Schenectady,10,597,276,6507,0.036231884057971016,3.0,0.019955400765648525
23609,2020-05-14,Schenectady,6,603,170,6677,0.03529411764705882,3.0,0.01900418694678765
23610,2020-05-15,Schenectady,10,613,272,6949,0.03676470588235294,3.0,0.0170784166386644
23611,2020-05-16,Schenectady,7,620,175,7124,0.04,3.0,0.019935559495807255
23612,2020-05-17,Schenectady,9,629,233,7357,0.03862660944206009,3.0,0.020166158021061864
23613,2020-05-18,Schenectady,2,631,83,7440,0.024096385542168676,3.0,0.01768564774466215
23614,2020-05-19,Schenectady,2,633,392,7832,0.00510204081632653,3.0,0.01543683881342415
23615,2020-05-20,Schenectady,5,638,378,8210,0.013227513227513227,2.0,0.013793669468391449
23616,2020-05-21,Schenectady,7,645,667,8877,0.010494752623688156,3.0,0.012022286252436402
23617,2020-05-22,Schenectady,3,648,248,9125,0.012096774193548387,2.0,0.010260291131807504
23618,2020-05-23,Schenectady,10,658,641,9766,0.015600624024960999,2.0,0.008517478562161862
23619,2020-05-24,Schenectady,6,664,340,10106,0.01764705882352941,2.0,0.007018939232266813
23620,2020-05-25,Schenectady,4,668,143,10249,0.027972027972027972,2.0,0.007295770834399621
23621,2020-05-26,Schenectady,5,673,243,10492,0.0205761316872428,2.0,0.008401063039465069
23622,2020-05-27,Schenectady,3,676,485,10977,0.006185567010309278,2.0,0.007898066881093357
23623,2020-05-28,Schenectady,4,680,792,11769,0.005050505050505051,2.0,0.00750919205443742
23624,2020-05-29,Schenectady,6,686,477,12246,0.012578616352201259,2.0,0.007543609351484054
23625,2020-05-30,Schenectady,3,689,324,12570,0.009259259259259259,2.0,0.007090654725362502
23626,2020-05-31,Schenectady,4,693,482,13052,0.008298755186721992,2.0,0.006422918751304829
23627,2020-06-01,Schenectady,3,696,481,13533,0.006237006237006237,2.0,0.004870417198803276
23628,2020-06-02,Schenectady,5,701,406,13939,0.012315270935960592,2.0,0.0042803557165688325
23629,2020-06-03,Schenectady,0,701,565,14504,0.0,1.0,0.0038385295015467415
23630,2020-06-04,Schenectady,5,706,802,15306,0.006234413965087282,1.0,0.003923094424016901
23631,2020-06-05,Schenectady,4,710,497,15803,0.008048289738430584,1.0,0.0035994996658904248
23632,2020-06-06,Schenectady,1,711,579,16382,0.0017271157167530224,1.0,0.003061489412854265
23633,2020-06-07,Schenectady,1,712,533,16915,0.001876172607879925,1.0,0.0026027335143655457
23634,2020-06-08,Schenectady,3,715,402,17317,0.007462686567164179,1.0,0.002690282109376827
23635,2020-06-09,Schenectady,1,716,211,17528,0.004739336492890996,1.0,0.0021491439348718566
23636,2020-06-10,Schenectady,1,717,550,18078,0.0018181818181818182,1.0,0.0022790140647419863
23637,2020-06-11,Schenectady,4,721,990,19068,0.00404040404040404,1.0,0.0021222990701217546
23638,2020-06-12,Schenectady,2,723,372,19440,0.005376344086021506,0.0,0.001931445809235392
23639,2020-06-13,Schenectady,2,725,421,19861,0.004750593824228029,1.0,0.0021474085311978925
23640,2020-06-14,Schenectady,7,732,329,20190,0.02127659574468085,1.0,0.003533153040969387
23641,2020-06-15,Schenectady,3,735,495,20685,0.006060606060606061,1.0,0.003433004433358093
23642,2020-06-16,Schenectady,2,737,350,21035,0.005714285714285714,1.0,0.0035026436634577156
23643,2020-06-17,Schenectady,1,738,540,21575,0.001851851851851852,1.0,0.0035050486658627185
23644,2020-06-18,Schenectady,8,746,763,22338,0.010484927916120577,1.0,0.0039653717998424706
23645,2020-06-19,Schenectady,3,749,478,22816,0.006276150627615063,1.0,0.004029643695670582
23646,2020-06-20,Schenectady,5,754,549,23365,0.009107468123861567,2.0,0.004340849002787263
23647,2020-06-21,Schenectady,7,761,594,23959,0.011784511784511785,2.0,0.00366284300563233
23648,2020-06-22,Schenectady,9,770,347,24306,0.025936599423631124,2.0,0.005082556817276977
23649,2020-06-23,Schenectady,2,772,391,24697,0.005115089514066497,2.0,0.00503975708868989
23650,2020-06-24,Schenectady,6,778,812,25509,0.007389162561576354,2.0,0.00543527928224164
23651,2020-06-25,Schenectady,3,781,403,25912,0.007444168734491315,2.0,0.00521808219783955
23652,2020-06-26,Schenectady,5,786,454,26366,0.011013215859030838,2.0,0.005556444000083534
23653,2020-06-27,Schenectady,6,792,385,26751,0.015584415584415584,2.0,0.006019083104408822
23654,2020-06-28,Schenectady,7,799,393,27144,0.017811704834605598,2.0,0.0064495968937012356
23655,2020-06-29,Schenectady,1,800,295,27439,0.003389830508474576,2.0,0.004839113399761484
23656,2020-06-30,Schenectady,5,805,247,27686,0.020242914979757085,2.0,0.005919672361596525
23657,2020-07-01,Schenectady,11,816,690,28376,0.015942028985507246,2.0,0.006530591391877304
23658,2020-07-02,Schenectady,8,824,395,28771,0.020253164556962026,3.0,0.007445519664910925
23659,2020-07-03,Schenectady,7,831,418,29189,0.01674641148325359,3.0,0.007855033638069693
23660,2020-07-04,Schenectady,3,834,559,29748,0.005366726296958855,3.0,0.007125198688965642
23661,2020-07-05,Schenectady,4,838,471,30219,0.008492569002123142,2.0,0.006459546129502608
23662,2020-07-06,Schenectady,5,843,340,30559,0.014705882352941176,3.0,0.007267835546964508
23663,2020-07-07,Schenectady,1,844,297,30856,0.003367003367003367,2.0,0.0060624132889106706
23664,2020-07-08,Schenectady,4,848,413,31269,0.009685230024213076,2.0,0.005615499077389659
23665,2020-07-09,Schenectady,4,852,436,31705,0.009174311926605505,2.0,0.004824152460935622
23666,2020-07-10,Schenectady,4,856,447,32152,0.008948545861297539,1.0,0.004267162059367333
23667,2020-07-11,Schenectady,8,864,385,32537,0.02077922077922078,2.0,0.005368054522386042
23668,2020-07-12,Schenectady,4,868,488,33025,0.00819672131147541,2.0,0.005346922544482632
23669,2020-07-13,Schenectady,15,883,495,33520,0.030303030303030304,2.0,0.00646100454091757
23670,2020-07-14,Schenectady,8,891,476,33996,0.01680672268907563,3.0,0.00742098449249416
23671,2020-07-15,Schenectady,5,896,445,34441,0.011235955056179775,3.0,0.007531750566206066
23672,2020-07-16,Schenectady,6,902,489,34930,0.012269938650306749,3.0,0.007752866760756156
23673,2020-07-17,Schenectady,8,910,639,35569,0.012519561815336464,3.0,0.008007939328901792
23674,2020-07-18,Schenectady,5,915,203,35772,0.024630541871921183,3.0,0.008283033692666107
23675,2020-07-19,Schenectady,0,915,249,36021,0.0,3.0,0.007697553598989292
23676,2020-07-20,Schenectady,11,926,661,36682,0.01664145234493192,3.0,0.006721726601982266
23677,2020-07-21,Schenectady,10,936,497,37179,0.02012072434607646,3.0,0.006958441006053753
23678,2020-07-22,Schenectady,10,946,476,37655,0.02100840336134454,3.0,0.0076564730278512365
23679,2020-07-23,Schenectady,9,955,441,38096,0.02040816326530612,3.0,0.008237774786065478
23680,2020-07-24,Schenectady,20,975,590,38686,0.03389830508474576,4.0,0.00976482787673757
23681,2020-07-25,Schenectady,12,987,466,39152,0.02575107296137339,5.0,0.00984486581169844
23682,2020-07-26,Schenectady,3,990,260,39412,0.011538461538461539,5.0,0.010669041635874265
23683,2020-07-27,Schenectady,8,998,543,39955,0.014732965009208104,5.0,0.010532721111893992
23684,2020-07-28,Schenectady,12,1010,450,40405,0.02666666666666667,5.0,0.01100028842050758
23685,2020-07-29,Schenectady,8,1018,512,40917,0.015625,5.0,0.010615759608982969
23686,2020-07-30,Schenectady,5,1023,563,41480,0.008880994671403197,4.0,0.00979239042370419
23687,2020-07-31,Schenectady,9,1032,666,42146,0.013513513513513514,4.0,0.008336333882901888
23688,2020-08-01,Schenectady,3,1035,332,42478,0.009036144578313253,3.0,0.00714241042696902
23689,2020-08-02,Schenectady,2,1037,298,42776,0.006711409395973154,3.0,0.00679762098821985
23690,2020-08-03,Schenectady,4,1041,482,43258,0.008298755186721992,3.0,0.006338034572327984
23691,2020-08-04,Schenectady,4,1045,518,43776,0.007722007722007722,2.0,0.004984844647709488
23692,2020-08-05,Schenectady,5,1050,719,44495,0.006954102920723227,2.0,0.004365494856332576
23693,2020-08-06,Schenectady,5,1055,662,45157,0.0075528700906344415,2.0,0.004270628814849093
23694,2020-08-07,Schenectady,3,1058,352,45509,0.008522727272727272,1.0,0.003914144083364361
23695,2020-08-08,Schenectady,0,1058,399,45908,0.0,1.0,0.0032687051849134147
23696,2020-08-09,Schenectady,2,1060,274,46182,0.0072992700729927005,1.0,0.0033106952332719536
23697,2020-08-10,Schenectady,15,1075,523,46705,0.028680688336520075,2.0,0.004766547601114674
23698,2020-08-11,Schenectady,4,1079,448,47153,0.008928571428571428,2.0,0.004852730723012081
23699,2020-08-12,Schenectady,5,1084,749,47902,0.006675567423230975,2.0,0.0048328353303340645
23700,2020-08-13,Schenectady,8,1092,558,48460,0.014336917562724014,2.0,0.005317410149769033
23701,2020-08-14,Schenectady,9,1101,647,49107,0.013910355486862442,3.0,0.005702240736492974
23702,2020-08-15,Schenectady,18,1119,536,49643,0.033582089552238806,4.0,0.008100961418795745
23703,2020-08-16,Schenectady,2,1121,324,49967,0.006172839506172839,4.0,0.008020502092594325
23704,2020-08-17,Schenectady,9,1130,515,50482,0.017475728155339806,3.0,0.0072201477939385925
23705,2020-08-18,Schenectady,3,1133,386,50868,0.007772020725388601,3.0,0.007137537029425533
23706,2020-08-19,Schenectady,10,1143,885,51753,0.011299435028248588,4.0,0.0074678132869267925
23707,2020-08-20,Schenectady,16,1159,825,52578,0.019393939393939394,4.0,0.007829029132013604
23708,2020-08-21,Schenectady,13,1172,905,53483,0.014364640883977901,5.0,0.007861478088950425
23709,2020-08-22,Schenectady,7,1179,567,54050,0.012345679012345678,4.0,0.0063445916218152
23710,2020-08-23,Schenectady,3,1182,148,54198,0.02027027027027027,4.0,0.007351550962107875
23711,2020-08-24,Schenectady,24,1206,542,54740,0.04428044280442804,5.0,0.009266173437042748
23712,2020-08-25,Schenectady,5,1211,536,55276,0.009328358208955223,5.0,0.009377340400154649
23713,2020-08-26,Schenectady,20,1231,813,56089,0.024600246002460024,6.0,0.010327398326884039
23714,2020-08-27,Schenectady,2,1233,626,56715,0.003194888178913738,5.0,0.00917032324009649
23715,2020-08-28,Schenectady,22,1255,949,57664,0.023182297154899896,5.0,0.009800155830876634
23716,2020-08-29,Schenectady,5,1260,751,58415,0.006657789613848202,5.0,0.009393878016698243
23717,2020-08-30,Schenectady,3,1263,440,58855,0.006818181818181818,5.0,0.008433014555834782
23718,2020-08-31,Schenectady,8,1271,442,59297,0.01809954751131222,4.0,0.006562950606326509
23719,2020-09-01,Schenectady,7,1278,769,60066,0.009102730819245773,4.0,0.006546834364204405
23720,2020-09-02,Schenectady,12,1290,826,60892,0.014527845036319613,4.0,0.005827377152337234
23721,2020-09-03,Schenectady,8,1298,829,61721,0.009650180940892641,4.0,0.006288469492478583
23722,2020-09-04,Schenectady,1,1299,855,62576,0.0011695906432748538,3.0,0.004716133313076795
23723,2020-09-05,Schenectady,11,1310,778,63354,0.014138817480719794,3.0,0.005250492446424765
23724,2020-09-06,Schenectady,4,1314,489,63843,0.0081799591002045,3.0,0.005347762252283528
23725,2020-09-07,Schenectady,8,1322,536,64379,0.014925373134328358,3.0,0.0051210355110703955
23726,2020-09-08,Schenectady,2,1324,652,65031,0.003067484662576687,3.0,0.004689946499879747
23727,2020-09-09,Schenectady,11,1335,520,65551,0.021153846153846155,3.0,0.005163232293988784
23728,2020-09-10,Schenectady,8,1343,1235,66786,0.006477732793522267,3.0,0.0049366288548909005
23729,2020-09-11,Schenectady,8,1351,1410,68196,0.005673758865248227,3.0,0.005258355156460427
23730,2020-09-12,Schenectady,5,1356,550,68746,0.00909090909090909,3.0,0.004897790271473949
23731,2020-09-13,Schenectady,1,1357,219,68965,0.0045662100456621,3.0,0.004639665339006635
23732,2020-09-14,Schenectady,1,1358,329,69294,0.00303951367781155,2.0,0.003790675377826863
23733,2020-09-15,Schenectady,4,1362,884,70178,0.004524886877828055,2.0,0.0038947755360591034
23734,2020-09-16,Schenectady,10,1372,1199,71377,0.008340283569641367,2.0,0.0029795210657587614
23735,2020-09-17,Schenectady,2,1374,1111,72488,0.0018001800180018,2.0,0.002645410153221585
23736,2020-09-18,Schenectady,3,1377,1213,73701,0.00247320692497939,1.0,0.0024167993003452394
23737,2020-09-19,Schenectady,3,1380,1112,74813,0.002697841726618705,1.0,0.001960151631467355
23738,2020-09-20,Schenectady,3,1383,326,75139,0.009202453987730062,1.0,0.002291311913043638
23739,2020-09-21,Schenectady,0,1383,451,75590,0.0,1.0,0.002074203793199956
23740,2020-09-22,Schenectady,5,1388,1006,76596,0.004970178926441352,1.0,0.0021060103681009054
23741,2020-09-23,Schenectady,7,1395,1193,77789,0.00586756077116513,1.0,0.0019293873110668885
23742,2020-09-24,Schenectady,3,1398,1096,78885,0.002737226277372263,1.0,0.0019963191867362075
23743,2020-09-25,Schenectady,1,1399,1364,80249,0.0007331378299120235,1.0,0.0018720285370885383
23744,2020-09-26,Schenectady,3,1402,1461,81710,0.002053388090349076,1.0,0.0018259961344978507
23745,2020-09-27,Schenectady,1,1403,310,82020,0.0032258064516129032,1.0,0.0013990927390609106
23746,2020-09-28,Schenectady,2,1405,481,82501,0.004158004158004158,1.0,0.0016960930360612075
23747,2020-09-29,Schenectady,5,1410,941,83442,0.005313496280552604,1.0,0.0017206157042120112
23748,2020-09-30,Schenectady,7,1417,1243,84685,0.0056315366049879325,1.0,0.0017037568351993544
23749,2020-10-01,Schenectady,3,1420,1540,86225,0.001948051948051948,1.0,0.0016473872402479033
23750,2020-10-02,Schenectady,5,1425,1135,87360,0.004405286343612335,1.0,0.0019096835626550685
23751,2020-10-03,Schenectady,4,1429,1369,88729,0.0029218407596785976,1.0,0.0019717158961786055
23752,2020-10-04,Schenectady,0,1429,380,89109,0.0,1.0,0.0017413011496348267
23753,2020-10-05,Schenectady,1,1430,349,89458,0.0028653295128939827,1.0,0.0016489672464126712
23754,2020-10-06,Schenectady,2,1432,634,90092,0.0031545741324921135,1.0,0.0014947585215512077
23755,2020-10-07,Schenectady,6,1438,1564,91656,0.0038363171355498722,1.0,0.0013665285594484894
23756,2020-10-08,Schenectady,7,1445,1590,93246,0.00440251572327044,1.0,0.001541847400535524
23757,2020-10-09,Schenectady,6,1451,871,94117,0.006888633754305396,1.0,0.0017192293584421716
23758,2020-10-10,Schenectady,3,1454,1721,95838,0.0017431725740848344,1.0,0.0016350387737569029
23759,2020-10-11,Schenectady,5,1459,429,96267,0.011655011655011656,2.0,0.0024675396062577354
23760,2020-10-12,Schenectady,2,1461,424,96691,0.0047169811320754715,2.0,0.00259980043619927
23761,2020-10-13,Schenectady,3,1464,488,97179,0.006147540983606557,2.0,0.002813583782707445
23762,2020-10-14,Schenectady,13,1477,1309,98488,0.009931245225362872,2.0,0.003248935789122659
23763,2020-10-15,Schenectady,8,1485,1071,99559,0.007469654528478058,2.0,0.003468017132351775
23764,2020-10-16,Schenectady,6,1491,2493,102052,0.0024067388688327317,2.0,0.003147881783389442
23765,2020-10-17,Schenectady,7,1498,676,102728,0.010355029585798817,3.0,0.0037630144270832974
23766,2020-10-18,Schenectady,9,1507,376,103104,0.023936170212765957,3.0,0.004640240038351463
23767,2020-10-19,Schenectady,3,1510,402,103506,0.007462686567164179,3.0,0.004836361855143513
23768,2020-10-20,Schenectady,6,1516,1127,104633,0.005323868677905945,3.0,0.00477752811902204
23769,2020-10-21,Schenectady,6,1522,1423,106056,0.004216444132115249,3.0,0.004369328040932924
23770,2020-10-22,Schenectady,8,1530,1501,107557,0.005329780146568954,3.0,0.00421647987079656
23771,2020-10-23,Schenectady,9,1539,1620,109177,0.005555555555555556,3.0,0.004441395348419619
23772,2020-10-24,Schenectady,7,1546,583,109760,0.012006861063464836,3.0,0.0045593833111100485
23773,2020-10-25,Schenectady,3,1549,362,110122,0.008287292817679558,3.0,0.0034416063543181627
23774,2020-10-26,Schenectady,15,1564,986,111108,0.015212981744421906,3.0,0.0039951988669794285
23775,2020-10-27,Schenectady,6,1570,1025,112133,0.005853658536585366,3.0,0.004033040999742245
23776,2020-10-28,Schenectady,9,1579,1238,113371,0.007269789983844911,4.0,0.004251137132008649
23777,2020-10-29,Schenectady,12,1591,1707,115078,0.007029876977152899,4.0,0.004372572619907503
23778,2020-10-30,Schenectady,9,1600,1766,116844,0.005096262740656852,4.0,0.004339765990271881
23779,2020-10-31,Schenectady,22,1622,871,117715,0.02525832376578645,5.0,0.005286299040437711
23780,2020-11-01,Schenectady,9,1631,398,118113,0.022613065326633167,5.0,0.006309568505362967
23781,2020-11-02,Schenectady,13,1644,694,118807,0.018731988472622477,5.0,0.006560926128805865
23782,2020-11-03,Schenectady,6,1650,1162,119969,0.0051635111876075735,5.0,0.006511629889593166
23783,2020-11-04,Schenectady,16,1666,1393,121362,0.01148600143575018,6.0,0.006812787850443543
23784,2020-11-05,Schenectady,21,1687,1543,122905,0.013609850939727802,6.0,0.007282785990627464
23785,2020-11-06,Schenectady,14,1701,1637,124542,0.00855222968845449,7.0,0.00752964077261301
23786,2020-11-07,Schenectady,15,1716,964,125506,0.015560165975103735,6.0,0.0068369152161356726
23787,2020-11-08,Schenectady,17,1733,517,126023,0.03288201160541586,7.0,0.007570411378905866
23788,2020-11-09,Schenectady,25,1758,520,126543,0.04807692307692308,8.0,0.009666478136355908
23789,2020-11-10,Schenectady,19,1777,1069,127612,0.01777362020579981,9.0,0.010567200209083926
23790,2020-11-11,Schenectady,25,1802,1813,129425,0.013789299503585218,9.0,0.010731721499643571
23791,2020-11-12,Schenectady,26,1828,1583,131008,0.016424510423247,10.0,0.010932768605609227
23792,2020-11-13,Schenectady,32,1860,1969,132977,0.016251904520060943,11.0,0.011482745379295405
23793,2020-11-14,Schenectady,11,1871,447,133424,0.024608501118568233,11.0,0.012129055032400011
23794,2020-11-15,Schenectady,19,1890,514,133938,0.03696498054474708,11.0,0.012420695670923668
23795,2020-11-16,Schenectady,30,1920,875,134813,0.03428571428571429,11.0,0.011435609328694469
23796,2020-11-17,Schenectady,30,1950,647,135460,0.04636785162287481,12.0,0.013478054429914113
23797,2020-11-18,Schenectady,33,1983,1817,137277,0.018161805173362685,12.0,0.013790376263469647
23798,2020-11-19,Schenectady,14,1997,1049,138326,0.01334604385128694,12.0,0.01357048579404393
23799,2020-11-20,Schenectady,65,2062,2540,140866,0.025590551181102362,14.0,0.014237531984118316
23800,2020-11-21,Schenectady,11,2073,673,141539,0.01634472511144131,14.0,0.013647262269323534
23801,2020-11-22,Schenectady,63,2136,2009,143548,0.0313588850174216,17.0,0.013246826874514572
23802,2020-11-23,Schenectady,53,2189,1124,144672,0.04715302491103203,19.0,0.014165920490608695
23803,2020-11-24,Schenectady,38,2227,823,145495,0.046172539489671933,19.0,0.014151969623951348
23804,2020-11-25,Schenectady,56,2283,1908,147403,0.029350104821802937,21.0,0.014951133884554223
23805,2020-11-26,Schenectady,70,2353,1990,149393,0.035175879396984924,25.0,0.016510407852104076
23806,2020-11-27,Schenectady,36,2389,474,149867,0.0759493670886076,23.0,0.020107466131211595
23807,2020-11-28,Schenectady,54,2443,1351,151218,0.03997039230199852,26.0,0.02179501378767997
23808,2020-11-29,Schenectady,38,2481,771,151989,0.04928664072632944,24.0,0.023075567766887666
23809,2020-11-30,Schenectady,74,2555,909,152898,0.0814081408140814,26.0,0.025522361759962624
23810,2020-12-01,Schenectady,60,2615,1024,153922,0.05859375,27.0,0.026409591082128918
23811,2020-12-02,Schenectady,84,2699,1703,155625,0.04932472108044627,29.0,0.027836349386317728
23812,2020-12-03,Schenectady,120,2819,1580,157205,0.0759493670886076,33.0,0.03074874136429077
23813,2020-12-04,Schenectady,138,2957,1552,158757,0.08891752577319588,40.0,0.031675038413189936
23814,2020-12-05,Schenectady,75,3032,1142,159899,0.06567425569176882,42.0,0.03351102865531639
23815,2020-12-06,Schenectady,49,3081,844,160743,0.058056872037914695,42.0,0.03413747374900105
23816,2020-12-07,Schenectady,98,3179,1063,161806,0.09219190968955786,44.0,0.034907742954392224
23817,2020-12-08,Schenectady,93,3272,868,162674,0.10714285714285714,46.0,0.038375536321739165
23818,2020-12-09,Schenectady,99,3371,1691,164365,0.058545239503252515,48.0,0.03903414478051104
23819,2020-12-10,Schenectady,119,3490,1569,165934,0.0758444869343531,47.0,0.03902665334092143
23820,2020-12-11,Schenectady,97,3587,1660,167594,0.058433734939759036,45.0,0.036849239709961665
23821,2020-12-12,Schenectady,81,3668,1340,168934,0.06044776119402985,45.0,0.03647591867440887
23822,2020-12-13,Schenectady,113,3781,1114,170048,0.10143626570915619,50.0,0.03957444679378326
23823,2020-12-14,Schenectady,143,3924,1046,171094,0.1367112810707457,53.0,0.04275440189243953
23824,2020-12-15,Schenectady,90,4014,745,171839,0.12080536912751678,53.0,0.043730295605629514
23825,2020-12-16,Schenectady,139,4153,2261,174100,0.06147722246793454,55.0,0.04393972296024966
23826,2020-12-17,Schenectady,115,4268,1378,175478,0.08345428156748912,55.0,0.044483279719759364
23827,2020-12-18,Schenectady,109,4377,1262,176740,0.08637083993660856,56.0,0.04647878721953434
23828,2020-12-19,Schenectady,111,4488,1227,177967,0.09046454767726161,58.0,0.04862284339690804
23829,2020-12-20,Schenectady,90,4578,745,178712,0.12080536912751678,56.0,0.05000635078393379
23830,2020-12-21,Schenectady,117,4695,1003,179715,0.11665004985044865,55.0,0.04857340569676972
23831,2020-12-22,Schenectady,119,4814,1179,180894,0.10093299406276506,57.0,0.047153950335001735
23832,2020-12-23,Schenectady,147,4961,1525,182419,0.09639344262295083,57.0,0.04964796606036004
23833,2020-12-24,Schenectady,137,5098,1468,183887,0.09332425068119891,59.0,0.05035296385419646
23834,2020-12-25,Schenectady,150,5248,1531,185418,0.09797517962116264,62.0,0.051181845260236045
23835,2020-12-26,Schenectady,112,5360,1083,186501,0.10341643582640812,62.0,0.05210698012803222
23836,2020-12-27,Schenectady,94,5454,573,187074,0.16404886561954624,62.0,0.05519580130603432
23837,2020-12-28,Schenectady,154,5608,1064,188138,0.14473684210526316,65.0,0.05720200075280678
23838,2020-12-29,Schenectady,124,5732,1002,189140,0.12375249500998003,65.0,0.058831965106179274
23839,2020-12-30,Schenectady,181,5913,1683,190823,0.10754604872251931,68.0,0.05962857982757703
23840,2020-12-31,Schenectady,163,6076,1995,192818,0.08170426065162907,69.0,0.058798580539750615
23841,2021-01-01,Schenectady,153,6229,1478,194296,0.10351826792963464,70.0,0.05919451541892718
23842,2021-01-02,Schenectady,140,6369,1552,195848,0.09020618556701031,72.0,0.05825092611468448
23843,2021-01-03,Schenectady,132,6501,1007,196855,0.13108242303872888,74.0,0.05589618021605467
23844,2021-01-04,Schenectady,118,6619,933,197788,0.1264737406216506,72.0,0.05459167296722521
23845,2021-01-05,Schenectady,181,6800,1256,199044,0.14410828025477707,76.0,0.05604565762756785
23846,2021-01-06,Schenectady,152,6952,1762,200806,0.08626560726447219,74.0,0.05452562609485019
23847,2021-01-07,Schenectady,166,7118,1669,202475,0.09946075494307968,74.0,0.0557939471156681
23848,2021-01-08,Schenectady,166,7284,2217,204692,0.07487595850248083,75.0,0.05374806787087139
23849,2021-01-09,Schenectady,169,7453,2457,207149,0.06878306878306878,77.0,0.052217845243447004
23850,2021-01-10,Schenectady,166,7619,1944,209093,0.08539094650205761,79.0,0.048954168347970485
23851,2021-01-11,Schenectady,140,7759,1423,210516,0.09838369641602249,81.0,0.046947736618997045
23852,2021-01-12,Schenectady,120,7879,1047,211563,0.11461318051575932,77.0,0.04484094378049578
23853,2021-01-13,Schenectady,141,8020,2324,213887,0.060671256454388985,76.0,0.043012775865489836
23854,2021-01-14,Schenectady,163,8183,3419,217306,0.04767475870137467,76.0,0.03931377613393948
23855,2021-01-15,Schenectady,164,8347,3056,220362,0.05366492146596859,75.0,0.03779870205990289
23856,2021-01-16,Schenectady,133,8480,2614,222976,0.050879877582249426,73.0,0.03651990268841578
23857,2021-01-17,Schenectady,107,8587,1154,224130,0.0927209705372617,69.0,0.03704347583378751
23858,2021-01-18,Schenectady,73,8660,801,224931,0.09113607990012484,64.0,0.03652578893979482
23859,2021-01-19,Schenectady,110,8770,2152,227083,0.05111524163568773,63.0,0.03199022187693256
23860,2021-01-20,Schenectady,99,8869,1589,228672,0.062303335431088736,60.0,0.03210679894669684
23861,2021-01-21,Schenectady,152,9021,2448,231120,0.06209150326797386,59.0,0.033136566415739636
23862,2021-01-22,Schenectady,110,9131,2396,233516,0.045909849749582635,56.0,0.032582632721712065
23863,2021-01-23,Schenectady,100,9231,2310,235826,0.04329004329004329,53.0,0.0320405017008402
23864,2021-01-24,Schenectady,68,9299,1887,237713,0.036036036036036036,50.0,0.02799157780789551
23865,2021-01-25,Schenectady,74,9373,1112,238825,0.06654676258992806,50.0,0.02623519800002431
23866,2021-01-26,Schenectady,80,9453,1289,240114,0.062063615205585725,48.0,0.027017224683588453
23867,2021-01-27,Schenectady,76,9529,2103,242217,0.03613884926295768,47.0,0.025148332814436233
23868,2021-01-28,Schenectady,73,9602,2312,244529,0.03157439446366782,41.0,0.02296853932841437
23869,2021-01-29,Schenectady,77,9679,2165,246694,0.03556581986143187,39.0,0.02222968005068932
23870,2021-01-30,Schenectady,85,9764,2271,248965,0.03742844561867019,38.0,0.0218109945027341
23871,2021-01-31,Schenectady,34,9798,1444,250409,0.023545706371191136,35.0,0.020918828098102322
23872,2021-02-01,Schenectady,38,9836,685,251094,0.05547445255474453,33.0,0.020127948809874927
23873,2021-02-02,Schenectady,45,9881,613,251707,0.0734094616639478,30.0,0.020938366414043647
23874,2021-02-03,Schenectady,72,9953,3275,254982,0.02198473282442748,30.0,0.019927358097005774
23875,2021-02-04,Schenectady,67,10020,1121,256103,0.05976806422836753,29.0,0.021941191651627178
23876,2021-02-05,Schenectady,77,10097,2610,258713,0.02950191570881226,29.0,0.02150805564072578
23877,2021-02-06,Schenectady,69,10166,2993,261706,0.023053792181757436,28.0,0.0204812946809463
23878,2021-02-07,Schenectady,37,10203,838,262544,0.0441527446300716,28.0,0.021953225985152043
23879,2021-02-08,Schenectady,29,10232,599,263143,0.048414023372287146,28.0,0.021448909614976513
23880,2021-02-09,Schenectady,51,10283,1001,264144,0.05094905094905095,28.0,0.01984459456391246
23881,2021-02-10,Schenectady,37,10320,1881,266025,0.019670388091440724,26.0,0.019679284225841975
23882,2021-02-11,Schenectady,38,10358,2404,268429,0.015806988352745424,24.0,0.016539207377583253
23883,2021-02-12,Schenectady,46,10404,1779,270208,0.025857223159078135,21.0,0.016278872195459388
23884,2021-02-13,Schenectady,47,10451,1605,271813,0.029283489096573207,20.0,0.016723850546517656
23885,2021-02-14,Schenectady,21,10472,942,272755,0.022292993630573247,19.0,0.015162439760839202
23886,2021-02-15,Schenectady,21,10493,548,273303,0.03832116788321168,18.0,0.014441521511619525
23887,2021-02-16,Schenectady,20,10513,1088,274391,0.01838235294117647,16.0,0.012115328796771348
23888,2021-02-17,Schenectady,41,10554,1457,275848,0.028140013726835965,16.0,0.012720302056442439
23889,2021-02-18,Schenectady,19,10573,1613,277461,0.011779293242405457,15.0,0.012432609548561012
23890,2021-02-19,Schenectady,20,10593,1285,278746,0.01556420233463035,13.0,0.01169739377538617
23891,2021-02-20,Schenectady,31,10624,989,279735,0.03134479271991911,12.0,0.011844629748482305
23892,2021-02-21,Schenectady,21,10645,676,280411,0.03106508875739645,12.0,0.01247120797182682
23893,2021-02-22,Schenectady,16,10661,572,280983,0.027972027972027972,12.0,0.011731983692456554
23894,2021-02-23,Schenectady,24,10685,1331,282314,0.018031555221637866,12.0,0.011706926712489513
23895,2021-02-24,Schenectady,55,10740,1961,284275,0.02804691483936767,13.0,0.011700276791956062
23896,2021-02-25,Schenectady,25,10765,2537,286812,0.009854158454867954,13.0,0.011562767164274812
23897,2021-02-26,Schenectady,25,10790,2161,288973,0.01156871818602499,14.0,0.011277375439374428
23898,2021-02-27,Schenectady,37,10827,1550,290523,0.023870967741935485,14.0,0.010743530798089884
23899,2021-02-28,Schenectady,15,10842,972,291495,0.015432098765432098,14.0,0.009626888655806716
23900,2021-03-01,Schenectady,28,10870,597,292092,0.04690117252931323,14.0,0.01097897040989852
23901,2021-03-02,Schenectady,41,10911,962,293054,0.04261954261954262,16.0,0.012735255224034573
23902,2021-03-03,Schenectady,35,10946,2018,295072,0.01734390485629336,14.0,0.011970754510957837
23903,2021-03-04,Schenectady,32,10978,2162,297234,0.014801110083256245,15.0,0.012324108198699857
23904,2021-03-05,Schenectady,32,11010,2058,299292,0.015549076773566569,15.0,0.012608419526381401
23905,2021-03-06,Schenectady,29,11039,1343,300635,0.021593447505584513,15.0,0.012445739509499188
23906,2021-03-07,Schenectady,14,11053,752,301387,0.018617021276595744,15.0,0.012673233974582306
23907,2021-03-08,Schenectady,24,11077,554,301941,0.04332129963898917,14.0,0.012417528768130586
23908,2021-03-09,Schenectady,16,11093,858,302799,0.018648018648018648,13.0,0.010705277055878874
23909,2021-03-10,Schenectady,32,11125,2047,304846,0.015632633121641426,12.0,0.010583043360546593
23910,2021-03-11,Schenectady,43,11168,2401,307247,0.01790920449812578,13.0,0.010805050104465848
23911,2021-03-12,Schenectady,24,11192,2172,309419,0.011049723756906077,13.0,0.010483667746132954
23912,2021-03-13,Schenectady,28,11220,1416,310835,0.01977401129943503,12.0,0.010353708017122277
23913,2021-03-14,Schenectady,24,11244,658,311493,0.0364741641337386,13.0,0.011629218221203911
23914,2021-03-15,Schenectady,24,11268,653,312146,0.036753445635528334,13.0,0.011160085792385279
23915,2021-03-16,Schenectady,27,11295,793,312939,0.034047919293820936,14.0,0.012260078695656871
23916,2021-03-17,Schenectady,27,11322,1903,314842,0.01418812401471361,14.0,0.012156899473733456
23917,2021-03-18,Schenectady,34,11356,2829,317671,0.012018381053375752,13.0,0.011736126370537026
23918,2021-03-19,Schenectady,25,11381,1607,319278,0.015556938394523958,13.0,0.012058070273224017
23919,2021-03-20,Schenectady,26,11407,1645,320923,0.015805471124620062,13.0,0.01177460311788009
23920,2021-03-21,Schenectady,23,11430,781,321704,0.029449423815621,13.0,0.011272835952300261
23921,2021-03-22,Schenectady,40,11470,657,322361,0.060882800608828,14.0,0.012996361307535953
23922,2021-03-23,Schenectady,53,11523,1507,323868,0.035169210351692105,16.0,0.01307645352595532
23923,2021-03-24,Schenectady,63,11586,1784,325652,0.03531390134529148,18.0,0.014585437620996594
23924,2021-03-25,Schenectady,56,11642,2257,327909,0.024811696942844484,20.0,0.015499245898815791
23925,2021-03-26,Schenectady,35,11677,1660,329569,0.02108433734939759,21.0,0.015894060109878195
23926,2021-03-27,Schenectady,40,11717,1936,331505,0.02066115702479339,22.0,0.01624089481703343
23927,2021-03-28,Schenectady,20,11737,683,332188,0.029282576866764276,21.0,0.01622897717782938
23928,2021-03-29,Schenectady,38,11775,746,332934,0.05093833780160858,21.0,0.015518658405885136
23929,2021-03-30,Schenectady,47,11822,2411,335345,0.019493985897967647,21.0,0.014398999516333388
23930,2021-03-31,Schenectady,32,11854,1992,337337,0.01606425702811245,19.0,0.013024024922249171
23931,2021-04-01,Schenectady,40,11894,2231,339568,0.017929179740026894,18.0,0.012532416550619343
23932,2021-04-02,Schenectady,23,11917,1348,340916,0.017062314540059347,17.0,0.012245129207095183
23933,2021-04-03,Schenectady,34,11951,2369,343285,0.014352047277332207,16.0,0.011794478510847957
23934,2021-04-04,Schenectady,36,11987,683,343968,0.0527086383601757,17.0,0.013467768617520201
23935,2021-04-05,Schenectady,11,11998,604,344572,0.018211920529801324,15.0,0.011130167383819682
23936,2021-04-06,Schenectady,48,12046,2428,347000,0.019769357495881382,16.0,0.011149836783670665
23937,2021-04-07,Schenectady,42,12088,1983,348983,0.02118003025718608,16.0,0.011515249157175925
23938,2021-04-08,Schenectady,40,12128,2639,351622,0.015157256536566882,16.0,0.011317254642643066
23939,2021-04-09,Schenectady,29,12157,2292,353914,0.012652705061082025,17.0,0.011002282537001829
23940,2021-04-10,Schenectady,44,12201,1800,355714,0.024444444444444446,17.0,0.011723168048938415
23941,2021-04-11,Schenectady,27,12228,507,356221,0.05325443786982249,17.0,0.011762153728198901
23942,2021-04-12,Schenectady,24,12252,600,356821,0.04,18.0,0.01331844511892738
23943,2021-04-13,Schenectady,37,12289,1670,358491,0.02215568862275449,17.0,0.013488897342275458
23944,2021-04-14,Schenectady,43,12332,2655,361146,0.016195856873822974,17.0,0.01313288495774952
23945,2021-04-15,Schenectady,25,12357,1632,362778,0.015318627450980392,16.0,0.013144411451636199
23946,2021-04-16,Schenectady,38,12395,1836,364614,0.020697167755991286,17.0,0.013719015929844005
23947,2021-04-17,Schenectady,25,12420,1458,366072,0.017146776406035666,15.0,0.013197753927100523
23948,2021-04-18,Schenectady,15,12435,703,366775,0.021337126600284494,14.0,0.010917945979276379
23949,2021-04-19,Schenectady,22,12457,480,367255,0.04583333333333333,14.0,0.011334612645943045
23950,2021-04-20,Schenectady,14,12471,1499,368754,0.009339559706470981,13.0,0.010419174866208507
23951,2021-04-21,Schenectady,34,12505,1896,370650,0.017932489451476793,12.0,0.01054322005032664
23952,2021-04-22,Schenectady,26,12531,2253,372903,0.01154016866400355,12.0,0.01027333013697115
23953,2021-04-23,Schenectady,22,12553,1581,374484,0.013915243516761544,11.0,0.009788906977026168
23954,2021-04-24,Schenectady,22,12575,1057,375541,0.020813623462630087,11.0,0.01005082462392577
23955,2021-04-25,Schenectady,23,12598,710,376251,0.0323943661971831,11.0,0.01084062745227567
23956,2021-04-26,Schenectady,24,12622,620,376871,0.03870967741935484,11.0,0.010331794886991494
23957,2021-04-27,Schenectady,24,12646,1121,377992,0.021409455842997322,12.0,0.011193930325314802
23958,2021-04-28,Schenectady,24,12670,1378,379370,0.01741654571843251,11.0,0.011157077201525926
23959,2021-04-29,Schenectady,18,12688,2118,381488,0.0084985835694051,11.0,0.010939821123340321
23960,2021-04-30,Schenectady,29,12717,1287,382775,0.022533022533022532,11.0,0.011555376767358962
23961,2021-05-01,Schenectady,26,12743,1499,384274,0.01734489659773182,12.0,0.011307610562723372
23962,2021-05-02,Schenectady,11,12754,640,384914,0.0171875,11.0,0.01022140583435315
23963,2021-05-03,Schenectady,24,12778,370,385284,0.06486486486486487,11.0,0.01208963350903244
23964,2021-05-04,Schenectady,22,12800,859,386143,0.025611175785797437,11.0,0.012389756362089591
23965,2021-05-05,Schenectady,15,12815,1960,388103,0.007653061224489796,10.0,0.011692364612522255
23966,2021-05-06,Schenectady,20,12835,1813,389916,0.011031439602868174,10.0,0.011873282900626761
23967,2021-05-07,Schenectady,37,12872,1541,391457,0.024010382868267358,11.0,0.011978808638858533
23968,2021-05-08,Schenectady,16,12888,1008,392465,0.015873015873015872,10.0,0.011873674301378822
23969,2021-05-09,Schenectady,21,12909,926,393391,0.02267818574514039,11.0,0.012265866140317423
23970,2021-05-10,Schenectady,15,12924,800,394191,0.01875,10.0,0.008971947221398501
23971,2021-05-11,Schenectady,14,12938,593,394784,0.023608768971332208,9.0,0.008828918163222415
23972,2021-05-12,Schenectady,10,12948,1746,396530,0.0057273768613974796,9.0,0.008691369280144391
23973,2021-05-13,Schenectady,24,12972,2006,398536,0.011964107676969093,9.0,0.008757988428294457
23974,2021-05-14,Schenectady,16,12988,1472,400008,0.010869565217391304,8.0,0.007819358596089026
23975,2021-05-15,Schenectady,11,12999,941,400949,0.011689691817215728,7.0,0.007520549734960443
23976,2021-05-16,Schenectady,10,13009,555,401504,0.018018018018018018,7.0,0.00718768061159456
23977,2021-05-17,Schenectady,9,13018,387,401891,0.023255813953488372,6.0,0.007509524465415157
23978,2021-05-18,Schenectady,11,13029,680,402571,0.016176470588235296,6.0,0.006978646009479663
23979,2021-05-19,Schenectady,12,13041,1295,403866,0.009266409266409266,6.0,0.007231434038409076
23980,2021-05-20,Schenectady,23,13064,1879,405745,0.012240553485896753,6.0,0.007251180167618195
23981,2021-05-21,Schenectady,16,13080,1216,406961,0.013157894736842105,6.0,0.007414632276150396
23982,2021-05-22,Schenectady,5,13085,633,407594,0.007898894154818325,6.0,0.00714386101455058
23983,2021-05-23,Schenectady,12,13097,506,408100,0.023715415019762844,6.0,0.00755081794324664
23984,2021-05-24,Schenectady,15,13112,325,408425,0.046153846153846156,6.0,0.009186391671843624
23985,2021-05-25,Schenectady,3,13115,580,409005,0.005172413793103448,6.0,0.008400387615048494
23986,2021-05-26,Schenectady,10,13125,1213,410218,0.008244023083264633,6.0,0.008327360030538163
23987,2021-05-27,Schenectady,8,13133,1427,411645,0.005606166783461808,4.0,0.007853475266078522
23988,2021-05-28,Schenectady,10,13143,905,412550,0.011049723756906077,4.0,0.007702891624654521
23989,2021-05-29,Schenectady,9,13152,735,413285,0.012244897959183673,4.0,0.008013320467823475
23990,2021-05-30,Schenectady,2,13154,301,413586,0.006644518272425249,4.0,0.006793970700156504
23991,2021-05-31,Schenectady,2,13156,145,413731,0.013793103448275862,3.0,0.004482489078330054
23992,2021-06-01,Schenectady,11,13167,451,414182,0.024390243902439025,3.0,0.0058551912289968805
23993,2021-06-02,Schenectady,1,13168,751,414933,0.0013315579227696406,3.0,0.005361443717532952
23994,2021-06-03,Schenectady,2,13170,1667,416600,0.0011997600479904018,2.0,0.005046700379284995
23995,2021-06-04,Schenectady,5,13175,1227,417827,0.004074979625101874,2.0,0.004548504369870409
23996,2021-06-05,Schenectady,3,13178,687,418514,0.004366812227074236,1.0,0.003985783960434021
23997,2021-06-06,Schenectady,2,13180,376,418890,0.005319148936170213,1.0,0.0038911147221300894
23998,2021-06-07,Schenectady,2,13182,481,419371,0.004158004158004158,1.0,0.0032028933442535394
23999,2021-06-08,Schenectady,2,13184,566,419937,0.0035335689045936395,1.0,0.00171313084440744
24000,2021-06-09,Schenectady,2,13186,770,420707,0.0025974025974025974,1.0,0.001803548321166937
24001,2021-06-10,Schenectady,4,13190,1360,422067,0.0029411764705882353,1.0,0.0019279352084953536
24002,2021-06-11,Schenectady,2,13192,1281,423348,0.00156128024980484,1.0,0.0017483852531169942
24003,2021-06-12,Schenectady,5,13197,547,423895,0.009140767824497258,1.0,0.002089382081504353
24004,2021-06-13,Schenectady,3,13200,244,424139,0.012295081967213115,1.0,0.002587663012293132
24005,2021-06-14,Schenectady,2,13202,269,424408,0.007434944237918215,1.0,0.0028217301608584214
24006,2021-06-15,Schenectady,2,13204,381,424789,0.005249343832020997,1.0,0.0029442855128175185
24007,2021-06-16,Schenectady,3,13207,647,425436,0.00463678516228748,1.0,0.0030899556960235814
24008,2021-06-17,Schenectady,0,13207,904,426340,0.0,1.0,0.0028798716624101363
24009,2021-06-18,Schenectady,0,13207,641,426981,0.0,1.0,0.0027683516445669333
24010,2021-06-19,Schenectady,1,13208,358,427339,0.002793296089385475,0.0,0.002314960806344663
24011,2021-06-20,Schenectady,1,13209,427,427766,0.00234192037470726,0.0,0.0016040206925942448
24012,2021-06-21,Schenectady,1,13210,206,427972,0.0048543689320388345,0.0,0.001419693885031432
24013,2021-06-22,Schenectady,3,13213,482,428454,0.006224066390041493,0.0,0.0014893169248900388
24014,2021-06-23,Schenectady,3,13216,602,429056,0.0049833887043189366,0.0,0.0015140743207494288
24015,2021-06-24,Schenectady,0,13216,419,429475,0.0,0.0,0.0015140743207494288
24016,2021-06-25,Schenectady,0,13216,478,429953,0.0,0.0,0.0015140743207494288
24017,2021-06-26,Schenectady,1,13217,454,430407,0.0022026431718061676,0.0,0.0014718848266366206
24018,2021-06-27,Schenectady,0,13217,256,430663,0.0,0.0,0.0013046047998718166
24019,2021-06-28,Schenectady,0,13217,202,430865,0.0,0.0,0.0009578641618690427
24020,2021-06-29,Schenectady,0,13217,312,431177,0.0,0.0,0.0005132879911517931
24021,2021-06-30,Schenectady,0,13217,338,431515,0.0,0.0,0.00015733165512901197
24022,2021-07-01,Schenectady,2,13219,377,431892,0.005305039787798408,0.0,0.000536263068543184
24023,2021-07-02,Schenectady,0,13219,371,432263,0.0,0.0,0.000536263068543184
24024,2021-07-03,Schenectady,0,13219,309,432572,0.0,0.0,0.00037893141341417203
24025,2021-07-04,Schenectady,0,13219,174,432746,0.0,0.0,0.00037893141341417203
24026,2021-07-05,Schenectady,1,13220,171,432917,0.005847953216374269,0.0,0.0007966423574409054
24027,2021-07-06,Schenectady,1,13221,170,433087,0.0058823529411764705,0.0,0.0012168104246677962
24028,2021-07-07,Schenectady,1,13222,357,433444,0.0028011204481792717,0.0,0.0014168904566806014
24029,2021-07-08,Schenectady,0,13222,336,433780,0.0,0.0,0.0010379590432664295
24030,2021-07-09,Schenectady,0,13222,267,434047,0.0,0.0,0.0010379590432664295
24031,2021-07-10,Schenectady,0,13222,264,434311,0.0,0.0,0.0010379590432664295
24032,2021-07-11,Schenectady,4,13226,224,434535,0.017857142857142856,0.0,0.002313469247348062
24033,2021-07-12,Schenectady,2,13228,179,434714,0.0111731843575419,0.0,0.002693842900288607
24034,2021-07-13,Schenectady,0,13228,251,434965,0.0,0.0,0.0022736748330617162
24035,2021-07-14,Schenectady,2,13230,297,435262,0.006734006734006734,0.0,0.002554595282049392
24036,2021-07-15,Schenectady,4,13234,253,435515,0.015810276679841896,0.0,0.003683900759180956
24037,2021-07-16,Schenectady,6,13240,216,435731,0.027777777777777776,1.0,0.00566802774330794
24038,2021-07-17,Schenectady,4,13244,330,436061,0.012121212121212121,1.0,0.006533828609108806
24039,2021-07-18,Schenectady,1,13245,156,436217,0.00641025641025641,1.0,0.005716193862902632
24040,2021-07-19,Schenectady,5,13250,252,436469,0.01984126984126984,1.0,0.006335342826026055
24041,2021-07-20,Schenectady,9,13259,269,436738,0.03345724907063197,2.0,0.008725146331071196
24042,2021-07-21,Schenectady,4,13263,366,437104,0.01092896174863388,2.0,0.009024785974973136
24043,2021-07-22,Schenectady,18,13281,328,437432,0.054878048780487805,3.0,0.011815341125019271
24044,2021-07-23,Schenectady,10,13291,321,437753,0.03115264797507788,3.0,0.012056403281969278
24045,2021-07-24,Schenectady,8,13299,384,438137,0.020833333333333332,3.0,0.01267869765426365
24046,2021-07-25,Schenectady,4,13303,167,438304,0.023952095808383235,4.0,0.013931686182701282
24047,2021-07-26,Schenectady,6,13309,258,438562,0.023255813953488372,4.0,0.014175582190716893
24048,2021-07-27,Schenectady,18,13327,401,438963,0.04488778054862843,4.0,0.014992048724859494
24049,2021-07-28,Schenectady,20,13347,475,439438,0.042105263157894736,6.0,0.01721892739694956
24050,2021-07-29,Schenectady,14,13361,353,439791,0.039660056657223795,5.0,0.016131927959573557
24051,2021-07-30,Schenectady,22,13383,420,440211,0.05238095238095238,6.0,0.017648235417136022
24052,2021-07-31,Schenectady,17,13400,354,440565,0.0480225988700565,7.0,0.019590325812616247
24053,2021-08-01,Schenectady,11,13411,272,440837,0.04044117647058824,7.0,0.02076811728848803
24054,2021-08-02,Schenectady,21,13432,362,441199,0.058011049723756904,8.0,0.023250634129221497
24055,2021-08-03,Schenectady,17,13449,387,441586,0.04392764857881137,8.0,0.023182053274234567
24056,2021-08-04,Schenectady,25,13474,712,442298,0.0351123595505618,9.0,0.022682560159425068
24057,2021-08-05,Schenectady,26,13500,458,442756,0.056768558951965066,9.0,0.023904596037620872
24058,2020-03-01,Schoharie,0,0,0,0,,,
24059,2020-03-02,Schoharie,0,0,0,0,,,
24060,2020-03-03,Schoharie,0,0,0,0,,,
24061,2020-03-04,Schoharie,0,0,0,0,,,
24062,2020-03-05,Schoharie,0,0,0,0,,,
24063,2020-03-06,Schoharie,0,0,0,0,,,
24064,2020-03-07,Schoharie,0,0,0,0,,0.0,
24065,2020-03-08,Schoharie,0,0,0,0,,0.0,
24066,2020-03-09,Schoharie,0,0,0,0,,0.0,
24067,2020-03-10,Schoharie,0,0,0,0,,0.0,
24068,2020-03-11,Schoharie,0,0,2,2,0.0,0.0,
24069,2020-03-12,Schoharie,0,0,1,3,0.0,0.0,
24070,2020-03-13,Schoharie,0,0,0,3,,0.0,
24071,2020-03-14,Schoharie,0,0,0,3,,0.0,
24072,2020-03-15,Schoharie,0,0,0,3,,0.0,
24073,2020-03-16,Schoharie,0,0,0,3,,0.0,
24074,2020-03-17,Schoharie,0,0,8,11,0.0,0.0,
24075,2020-03-18,Schoharie,1,1,8,19,0.125,0.0,
24076,2020-03-19,Schoharie,0,1,10,29,0.0,0.0,
24077,2020-03-20,Schoharie,0,1,16,45,0.0,0.0,
24078,2020-03-21,Schoharie,0,1,6,51,0.0,0.0,
24079,2020-03-22,Schoharie,0,1,3,54,0.0,0.0,
24080,2020-03-23,Schoharie,0,1,1,55,0.0,0.0,0.008928571428571428
24081,2020-03-24,Schoharie,1,2,3,58,0.3333333333333333,0.0,0.03273809523809524
24082,2020-03-25,Schoharie,0,2,2,60,0.0,0.0,0.023809523809523808
24083,2020-03-26,Schoharie,1,3,3,63,0.3333333333333333,0.0,0.047619047619047616
24084,2020-03-27,Schoharie,2,5,9,72,0.2222222222222222,0.0,0.06349206349206349
24085,2020-03-28,Schoharie,0,5,5,77,0.0,0.0,0.06349206349206349
24086,2020-03-29,Schoharie,1,6,3,80,0.3333333333333333,0.0,0.0873015873015873
24087,2020-03-30,Schoharie,0,6,4,84,0.0,0.0,0.0873015873015873
24088,2020-03-31,Schoharie,2,8,7,91,0.2857142857142857,0.0,0.08390022675736962
24089,2020-04-01,Schoharie,0,8,10,101,0.0,0.0,0.08390022675736962
24090,2020-04-02,Schoharie,1,9,5,106,0.2,0.0,0.07437641723356007
24091,2020-04-03,Schoharie,1,10,21,127,0.047619047619047616,0.0,0.06190476190476191
24092,2020-04-04,Schoharie,1,11,16,143,0.0625,0.0,0.06636904761904762
24093,2020-04-05,Schoharie,0,11,17,160,0.0,0.0,0.04255952380952381
24094,2020-04-06,Schoharie,1,12,19,179,0.05263157894736842,0.0,0.04631892230576441
24095,2020-04-07,Schoharie,0,12,20,199,0.0,0.0,0.025910759040458288
24096,2020-04-08,Schoharie,0,12,8,207,0.0,0.0,0.025910759040458288
24097,2020-04-09,Schoharie,0,12,16,223,0.0,0.0,0.011625044754744003
24098,2020-04-10,Schoharie,0,12,5,228,0.0,0.0,0.008223684210526315
24099,2020-04-11,Schoharie,0,12,2,230,0.0,0.0,0.0037593984962406013
24100,2020-04-12,Schoharie,0,12,4,234,0.0,0.0,0.0037593984962406013
24101,2020-04-13,Schoharie,8,20,59,293,0.13559322033898305,0.0,0.009685230024213076
24102,2020-04-14,Schoharie,0,20,1,294,0.0,0.0,0.009685230024213076
24103,2020-04-15,Schoharie,0,20,5,299,0.0,0.0,0.009685230024213076
24104,2020-04-16,Schoharie,0,20,0,299,,0.0,
24105,2020-04-17,Schoharie,0,20,1,300,0.0,0.0,
24106,2020-04-18,Schoharie,0,20,2,302,0.0,0.0,
24107,2020-04-19,Schoharie,0,20,4,306,0.0,0.0,
24108,2020-04-20,Schoharie,0,20,4,310,0.0,0.0,
24109,2020-04-21,Schoharie,0,20,0,310,,0.0,
24110,2020-04-22,Schoharie,1,21,8,318,0.125,0.0,
24111,2020-04-23,Schoharie,0,21,13,331,0.0,0.0,
24112,2020-04-24,Schoharie,12,33,177,508,0.06779661016949153,0.0,
24113,2020-04-25,Schoharie,2,35,29,537,0.06896551724137931,1.0,
24114,2020-04-26,Schoharie,0,35,15,552,0.0,1.0,
24115,2020-04-27,Schoharie,3,38,19,571,0.15789473684210525,1.0,
24116,2020-04-28,Schoharie,1,39,21,592,0.047619047619047616,1.0,0.033376850848001696
24117,2020-04-29,Schoharie,3,42,17,609,0.17647058823529413,1.0,0.037053321436237
24118,2020-04-30,Schoharie,1,43,24,633,0.041666666666666664,1.0,0.04002951191242747
24119,2020-05-01,Schoharie,0,43,16,649,0.0,0.0,0.03518689690032093
24120,2020-05-02,Schoharie,2,45,20,669,0.1,0.0,0.03740364566879383
24121,2020-05-03,Schoharie,0,45,21,690,0.0,0.0,0.03740364566879383
24122,2020-05-04,Schoharie,0,45,29,719,0.0,0.0,0.026125450180072028
24123,2020-05-05,Schoharie,0,45,29,748,0.0,0.0,0.02272408963585434
24124,2020-05-06,Schoharie,0,45,20,768,0.0,0.0,0.01011904761904762
24125,2020-05-07,Schoharie,0,45,15,783,0.0,0.0,0.0071428571428571435
24126,2020-05-08,Schoharie,1,46,32,815,0.03125,0.0,0.009375
24127,2020-05-09,Schoharie,0,46,23,838,0.0,0.0,0.002232142857142857
24128,2020-05-10,Schoharie,0,46,19,857,0.0,0.0,0.002232142857142857
24129,2020-05-11,Schoharie,0,46,32,889,0.0,0.0,0.002232142857142857
24130,2020-05-12,Schoharie,1,47,27,916,0.037037037037037035,0.0,0.004877645502645502
24131,2020-05-13,Schoharie,0,47,32,948,0.0,0.0,0.004877645502645502
24132,2020-05-14,Schoharie,0,47,8,956,0.0,0.0,0.004877645502645502
24133,2020-05-15,Schoharie,0,47,22,978,0.0,0.0,0.0026455026455026454
24134,2020-05-16,Schoharie,0,47,39,1017,0.0,0.0,0.0026455026455026454
24135,2020-05-17,Schoharie,1,48,36,1053,0.027777777777777776,0.0,0.004629629629629629
24136,2020-05-18,Schoharie,0,48,21,1074,0.0,0.0,0.004629629629629629
24137,2020-05-19,Schoharie,0,48,34,1108,0.0,0.0,0.001984126984126984
24138,2020-05-20,Schoharie,1,49,33,1141,0.030303030303030304,0.0,0.004148629148629149
24139,2020-05-21,Schoharie,0,49,27,1168,0.0,0.0,0.004148629148629149
24140,2020-05-22,Schoharie,0,49,23,1191,0.0,0.0,0.004148629148629149
24141,2020-05-23,Schoharie,0,49,29,1220,0.0,0.0,0.004148629148629149
24142,2020-05-24,Schoharie,0,49,21,1241,0.0,0.0,0.0021645021645021645
24143,2020-05-25,Schoharie,0,49,12,1253,0.0,0.0,0.0021645021645021645
24144,2020-05-26,Schoharie,0,49,46,1299,0.0,0.0,0.0021645021645021645
24145,2020-05-27,Schoharie,0,49,74,1373,0.0,0.0,0.0
24146,2020-05-28,Schoharie,0,49,32,1405,0.0,0.0,0.0
24147,2020-05-29,Schoharie,1,50,32,1437,0.03125,0.0,0.002232142857142857
24148,2020-05-30,Schoharie,0,50,41,1478,0.0,0.0,0.002232142857142857
24149,2020-05-31,Schoharie,0,50,47,1525,0.0,0.0,0.002232142857142857
24150,2020-06-01,Schoharie,1,51,39,1564,0.02564102564102564,0.0,0.004063644688644689
24151,2020-06-02,Schoharie,0,51,46,1610,0.0,0.0,0.004063644688644689
24152,2020-06-03,Schoharie,0,51,63,1673,0.0,0.0,0.004063644688644689
24153,2020-06-04,Schoharie,0,51,60,1733,0.0,0.0,0.004063644688644689
24154,2020-06-05,Schoharie,3,54,85,1818,0.03529411764705882,0.0,0.004352510234863176
24155,2020-06-06,Schoharie,0,54,59,1877,0.0,0.0,0.004352510234863176
24156,2020-06-07,Schoharie,0,54,65,1942,0.0,0.0,0.004352510234863176
24157,2020-06-08,Schoharie,0,54,60,2002,0.0,0.0,0.0025210084033613447
24158,2020-06-09,Schoharie,0,54,41,2043,0.0,0.0,0.0025210084033613447
24159,2020-06-10,Schoharie,0,54,74,2117,0.0,0.0,0.0025210084033613447
24160,2020-06-11,Schoharie,0,54,33,2150,0.0,0.0,0.0025210084033613447
24161,2020-06-12,Schoharie,0,54,40,2190,0.0,0.0,0.0
24162,2020-06-13,Schoharie,0,54,37,2227,0.0,0.0,0.0
24163,2020-06-14,Schoharie,0,54,42,2269,0.0,0.0,0.0
24164,2020-06-15,Schoharie,0,54,83,2352,0.0,0.0,0.0
24165,2020-06-16,Schoharie,1,55,87,2439,0.011494252873563218,0.0,0.0008210180623973727
24166,2020-06-17,Schoharie,0,55,38,2477,0.0,0.0,0.0008210180623973727
24167,2020-06-18,Schoharie,0,55,45,2522,0.0,0.0,0.0008210180623973727
24168,2020-06-19,Schoharie,1,56,35,2557,0.02857142857142857,0.0,0.0028618343889279846
24169,2020-06-20,Schoharie,1,57,55,2612,0.01818181818181818,0.0,0.004160535687629284
24170,2020-06-21,Schoharie,0,57,84,2696,0.0,0.0,0.004160535687629284
24171,2020-06-22,Schoharie,0,57,61,2757,0.0,0.0,0.004160535687629284
24172,2020-06-23,Schoharie,0,57,37,2794,0.0,0.0,0.003339517625231911
24173,2020-06-24,Schoharie,0,57,45,2839,0.0,0.0,0.003339517625231911
24174,2020-06-25,Schoharie,0,57,19,2858,0.0,0.0,0.003339517625231911
24175,2020-06-26,Schoharie,0,57,47,2905,0.0,0.0,0.0012987012987012987
24176,2020-06-27,Schoharie,1,58,61,2966,0.01639344262295082,0.0,0.00117096018735363
24177,2020-06-28,Schoharie,0,58,48,3014,0.0,0.0,0.00117096018735363
24178,2020-06-29,Schoharie,0,58,68,3082,0.0,0.0,0.00117096018735363
24179,2020-06-30,Schoharie,0,58,46,3128,0.0,0.0,0.00117096018735363
24180,2020-07-01,Schoharie,0,58,49,3177,0.0,0.0,0.00117096018735363
24181,2020-07-02,Schoharie,0,58,25,3202,0.0,0.0,0.00117096018735363
24182,2020-07-03,Schoharie,0,58,39,3241,0.0,0.0,0.00117096018735363
24183,2020-07-04,Schoharie,1,59,49,3290,0.02040816326530612,0.0,0.0014577259475218659
24184,2020-07-05,Schoharie,0,59,39,3329,0.0,0.0,0.0014577259475218659
24185,2020-07-06,Schoharie,0,59,29,3358,0.0,0.0,0.0014577259475218659
24186,2020-07-07,Schoharie,1,60,48,3406,0.020833333333333332,0.0,0.0029458211856171037
24187,2020-07-08,Schoharie,1,61,45,3451,0.022222222222222223,0.0,0.0045331227729186905
24188,2020-07-09,Schoharie,1,62,42,3493,0.023809523809523808,0.0,0.006233803045027534
24189,2020-07-10,Schoharie,0,62,53,3546,0.0,0.0,0.006233803045027534
24190,2020-07-11,Schoharie,0,62,42,3588,0.0,0.0,0.004776077097505669
24191,2020-07-12,Schoharie,0,62,32,3620,0.0,0.0,0.004776077097505669
24192,2020-07-13,Schoharie,0,62,35,3655,0.0,0.0,0.004776077097505669
24193,2020-07-14,Schoharie,0,62,73,3728,0.0,0.0,0.003287981859410431
24194,2020-07-15,Schoharie,0,62,52,3780,0.0,0.0,0.0017006802721088435
24195,2020-07-16,Schoharie,0,62,77,3857,0.0,0.0,0.0
24196,2020-07-17,Schoharie,0,62,81,3938,0.0,0.0,0.0
24197,2020-07-18,Schoharie,0,62,28,3966,0.0,0.0,0.0
24198,2020-07-19,Schoharie,0,62,42,4008,0.0,0.0,0.0
24199,2020-07-20,Schoharie,2,64,71,4079,0.028169014084507043,0.0,0.002012072434607646
24200,2020-07-21,Schoharie,0,64,86,4165,0.0,0.0,0.002012072434607646
24201,2020-07-22,Schoharie,2,66,43,4208,0.046511627906976744,0.0,0.005334331570820271
24202,2020-07-23,Schoharie,1,67,32,4240,0.03125,0.0,0.007566474427963128
24203,2020-07-24,Schoharie,0,67,32,4272,0.0,0.0,0.007566474427963128
24204,2020-07-25,Schoharie,1,68,48,4320,0.020833333333333332,0.0,0.009054569666058365
24205,2020-07-26,Schoharie,0,68,28,4348,0.0,0.0,0.009054569666058365
24206,2020-07-27,Schoharie,0,68,36,4384,0.0,0.0,0.00704249723145072
24207,2020-07-28,Schoharie,0,68,44,4428,0.0,0.0,0.00704249723145072
24208,2020-07-29,Schoharie,0,68,62,4490,0.0,0.0,0.003720238095238095
24209,2020-07-30,Schoharie,0,68,55,4545,0.0,0.0,0.001488095238095238
24210,2020-07-31,Schoharie,0,68,61,4606,0.0,0.0,0.001488095238095238
24211,2020-08-01,Schoharie,0,68,56,4662,0.0,0.0,0.0
24212,2020-08-02,Schoharie,0,68,39,4701,0.0,0.0,0.0
24213,2020-08-03,Schoharie,0,68,72,4773,0.0,0.0,0.0
24214,2020-08-04,Schoharie,0,68,82,4855,0.0,0.0,0.0
24215,2020-08-05,Schoharie,1,69,37,4892,0.02702702702702703,0.0,0.0019305019305019305
24216,2020-08-06,Schoharie,0,69,42,4934,0.0,0.0,0.0019305019305019305
24217,2020-08-07,Schoharie,0,69,65,4999,0.0,0.0,0.0019305019305019305
24218,2020-08-08,Schoharie,0,69,62,5061,0.0,0.0,0.0019305019305019305
24219,2020-08-09,Schoharie,0,69,33,5094,0.0,0.0,0.0019305019305019305
24220,2020-08-10,Schoharie,0,69,121,5215,0.0,0.0,0.0019305019305019305
24221,2020-08-11,Schoharie,0,69,68,5283,0.0,0.0,0.0019305019305019305
24222,2020-08-12,Schoharie,0,69,65,5348,0.0,0.0,0.0
24223,2020-08-13,Schoharie,0,69,38,5386,0.0,0.0,0.0
24224,2020-08-14,Schoharie,0,69,75,5461,0.0,0.0,0.0
24225,2020-08-15,Schoharie,0,69,55,5516,0.0,0.0,0.0
24226,2020-08-16,Schoharie,0,69,52,5568,0.0,0.0,0.0
24227,2020-08-17,Schoharie,0,69,65,5633,0.0,0.0,0.0
24228,2020-08-18,Schoharie,0,69,64,5697,0.0,0.0,0.0
24229,2020-08-19,Schoharie,0,69,61,5758,0.0,0.0,0.0
24230,2020-08-20,Schoharie,0,69,55,5813,0.0,0.0,0.0
24231,2020-08-21,Schoharie,0,69,64,5877,0.0,0.0,0.0
24232,2020-08-22,Schoharie,0,69,86,5963,0.0,0.0,0.0
24233,2020-08-23,Schoharie,0,69,50,6013,0.0,0.0,0.0
24234,2020-08-24,Schoharie,0,69,47,6060,0.0,0.0,0.0
24235,2020-08-25,Schoharie,0,69,84,6144,0.0,0.0,0.0
24236,2020-08-26,Schoharie,0,69,30,6174,0.0,0.0,0.0
24237,2020-08-27,Schoharie,0,69,53,6227,0.0,0.0,0.0
24238,2020-08-28,Schoharie,0,69,53,6280,0.0,0.0,0.0
24239,2020-08-29,Schoharie,0,69,68,6348,0.0,0.0,0.0
24240,2020-08-30,Schoharie,0,69,46,6394,0.0,0.0,0.0
24241,2020-08-31,Schoharie,1,70,86,6480,0.011627906976744186,0.0,0.0008305647840531562
24242,2020-09-01,Schoharie,0,70,56,6536,0.0,0.0,0.0008305647840531562
24243,2020-09-02,Schoharie,0,70,65,6601,0.0,0.0,0.0008305647840531562
24244,2020-09-03,Schoharie,1,71,50,6651,0.02,0.0,0.0022591362126245843
24245,2020-09-04,Schoharie,1,72,54,6705,0.018518518518518517,0.0,0.003581887535375908
24246,2020-09-05,Schoharie,1,73,66,6771,0.015151515151515152,0.0,0.0046641386176269894
24247,2020-09-06,Schoharie,0,73,60,6831,0.0,0.0,0.0046641386176269894
24248,2020-09-07,Schoharie,0,73,55,6886,0.0,0.0,0.003833573833573834
24249,2020-09-08,Schoharie,0,73,26,6912,0.0,0.0,0.003833573833573834
24250,2020-09-09,Schoharie,1,74,40,6952,0.025,0.0,0.005619288119288119
24251,2020-09-10,Schoharie,1,75,57,7009,0.017543859649122806,0.0,0.0054438495227968915
24252,2020-09-11,Schoharie,2,77,66,7075,0.030303030303030304,0.0,0.006285600364547733
24253,2020-09-12,Schoharie,1,78,63,7138,0.015873015873015872,0.0,0.006337136130369213
24254,2020-09-13,Schoharie,4,82,57,7195,0.07017543859649122,0.0,0.011349667458690014
24255,2020-09-14,Schoharie,1,83,56,7251,0.017857142857142856,0.0,0.012625177662771646
24256,2020-09-15,Schoharie,0,83,46,7297,0.0,0.0,0.012625177662771646
24257,2020-09-16,Schoharie,0,83,51,7348,0.0,0.0,0.010839463377057362
24258,2020-09-17,Schoharie,0,83,48,7396,0.0,0.0,0.009586330544977161
24259,2020-09-18,Schoharie,0,83,47,7443,0.0,0.0,0.007421828380474996
24260,2020-09-19,Schoharie,0,83,86,7529,0.0,0.0,0.006288041532402434
24261,2020-09-20,Schoharie,0,83,47,7576,0.0,0.0,0.0012755102040816326
24262,2020-09-21,Schoharie,0,83,63,7639,0.0,0.0,0.0
24263,2020-09-22,Schoharie,0,83,53,7692,0.0,0.0,0.0
24264,2020-09-23,Schoharie,0,83,54,7746,0.0,0.0,0.0
24265,2020-09-24,Schoharie,0,83,43,7789,0.0,0.0,0.0
24266,2020-09-25,Schoharie,1,84,82,7871,0.012195121951219513,0.0,0.0008710801393728223
24267,2020-09-26,Schoharie,1,85,64,7935,0.015625,0.0,0.001987151567944251
24268,2020-09-27,Schoharie,0,85,45,7980,0.0,0.0,0.001987151567944251
24269,2020-09-28,Schoharie,0,85,107,8087,0.0,0.0,0.001987151567944251
24270,2020-09-29,Schoharie,0,85,49,8136,0.0,0.0,0.001987151567944251
24271,2020-09-30,Schoharie,0,85,596,8732,0.0,0.0,0.001987151567944251
24272,2020-10-01,Schoharie,0,85,60,8792,0.0,0.0,0.001987151567944251
24273,2020-10-02,Schoharie,1,86,88,8880,0.011363636363636364,0.0,0.0019277597402597403
24274,2020-10-03,Schoharie,0,86,76,8956,0.0,0.0,0.0008116883116883117
24275,2020-10-04,Schoharie,1,87,80,9036,0.0125,0.0,0.0017045454545454547
24276,2020-10-05,Schoharie,0,87,63,9099,0.0,0.0,0.0017045454545454547
24277,2020-10-06,Schoharie,0,87,51,9150,0.0,0.0,0.0017045454545454547
24278,2020-10-07,Schoharie,1,88,55,9205,0.01818181818181818,0.0,0.0030032467532467534
24279,2020-10-08,Schoharie,2,90,400,9605,0.005,0.0,0.00336038961038961
24280,2020-10-09,Schoharie,3,93,81,9686,0.037037037037037035,0.0,0.005194203944203944
24281,2020-10-10,Schoharie,1,94,61,9747,0.01639344262295082,0.0,0.006365164131557574
24282,2020-10-11,Schoharie,0,94,780,10527,0.0,0.0,0.005472306988700431
24283,2020-10-12,Schoharie,1,95,121,10648,0.008264462809917356,0.0,0.006062625760837386
24284,2020-10-13,Schoharie,0,95,57,10705,0.0,0.0,0.006062625760837386
24285,2020-10-14,Schoharie,2,97,496,11201,0.004032258064516129,0.0,0.0050519428953158104
24286,2020-10-15,Schoharie,3,100,87,11288,0.034482758620689655,0.0,0.007157854225365071
24287,2020-10-16,Schoharie,0,100,88,11376,0.0,0.0,0.004512351579862426
24288,2020-10-17,Schoharie,0,100,84,11460,0.0,0.0,0.0033413913925087954
24289,2020-10-18,Schoharie,0,100,94,11554,0.0,0.0,0.0033413913925087954
24290,2020-10-19,Schoharie,1,101,70,11624,0.014285714285714285,0.0,0.003771480783637148
24291,2020-10-20,Schoharie,0,101,577,12201,0.0,0.0,0.003771480783637148
24292,2020-10-21,Schoharie,0,101,53,12254,0.0,0.0,0.003483462350457424
24293,2020-10-22,Schoharie,3,104,72,12326,0.041666666666666664,0.0,0.003996598639455782
24294,2020-10-23,Schoharie,3,107,81,12407,0.037037037037037035,0.0,0.006642101284958428
24295,2020-10-24,Schoharie,2,109,111,12518,0.018018018018018018,0.0,0.007929102571959714
24296,2020-10-25,Schoharie,0,109,91,12609,0.0,0.0,0.007929102571959714
24297,2020-10-26,Schoharie,1,110,66,12675,0.015151515151515152,0.0,0.00799094549094549
24298,2020-10-27,Schoharie,1,111,752,13427,0.0013297872340425532,0.0,0.008085930293377102
24299,2020-10-28,Schoharie,1,112,821,14248,0.001218026796589525,0.0,0.008172932207419211
24300,2020-10-29,Schoharie,1,113,86,14334,0.011627906976744186,0.0,0.006027306515281891
24301,2020-10-30,Schoharie,1,114,107,14441,0.009345794392523364,0.0,0.004049360612102343
24302,2020-10-31,Schoharie,1,115,70,14511,0.014285714285714285,0.0,0.003782767488366362
24303,2020-11-01,Schoharie,1,116,99,14610,0.010101010101010102,0.0,0.004504268209867083
24304,2020-11-02,Schoharie,0,116,32,14642,0.0,0.0,0.0034220171276160014
24305,2020-11-03,Schoharie,1,117,792,15434,0.0012626262626262627,0.0,0.003417219915371981
24306,2020-11-04,Schoharie,2,119,838,16272,0.002386634844868735,0.0,0.0035006919188204956
24307,2020-11-05,Schoharie,1,120,74,16346,0.013513513513513514,0.0,0.0036353781000183047
24308,2020-11-06,Schoharie,1,121,80,16426,0.0125,0.0,0.0038606785005523498
24309,2020-11-07,Schoharie,1,122,86,16512,0.011627906976744186,0.0,0.0036708351213402004
24310,2020-11-08,Schoharie,2,124,59,16571,0.03389830508474576,0.0,0.005370641905892746
24311,2020-11-09,Schoharie,6,130,796,17367,0.007537688442211055,1.0,0.005909048223193536
24312,2020-11-10,Schoharie,3,133,1031,18398,0.002909796314258002,1.0,0.0060267032268815175
24313,2020-11-11,Schoharie,4,137,123,18521,0.032520325203252036,1.0,0.008179109681051754
24314,2020-11-12,Schoharie,4,141,96,18617,0.041666666666666664,1.0,0.010190049191991265
24315,2020-11-13,Schoharie,0,141,80,18697,0.0,1.0,0.009297192049134121
24316,2020-11-14,Schoharie,2,143,65,18762,0.03076923076923077,1.0,0.010664429462883164
24317,2020-11-15,Schoharie,2,145,56,18818,0.03571428571428571,1.0,0.010794142364993162
24318,2020-11-16,Schoharie,10,155,104,18922,0.09615384615384616,1.0,0.01712386791582424
24319,2020-11-17,Schoharie,5,160,602,19524,0.008305647840531562,1.0,0.017509285881986636
24320,2020-11-18,Schoharie,2,162,609,20133,0.003284072249589491,1.0,0.015420982099582167
24321,2020-11-19,Schoharie,0,162,24,20157,0.0,1.0,0.012444791623391693
24322,2020-11-20,Schoharie,4,166,126,20283,0.031746031746031744,1.0,0.014712365319536819
24323,2020-11-21,Schoharie,3,169,42,20325,0.07142857142857142,1.0,0.017616603938061148
24324,2020-11-22,Schoharie,7,176,200,20525,0.035,2.0,0.01756558352989788
24325,2020-11-23,Schoharie,0,176,89,20614,0.0,1.0,0.010697451661766015
24326,2020-11-24,Schoharie,3,179,281,20895,0.010676156583629894,1.0,0.010866773714844468
24327,2020-11-25,Schoharie,4,183,90,20985,0.044444444444444446,1.0,0.013806800300191251
24328,2020-11-26,Schoharie,7,190,64,21049,0.109375,2.0,0.02161930030019125
24329,2020-11-27,Schoharie,4,194,73,21122,0.0547945205479452,2.0,0.023265620928899357
24330,2020-11-28,Schoharie,2,196,71,21193,0.028169014084507043,1.0,0.020175652547180473
24331,2020-11-29,Schoharie,1,197,113,21306,0.008849557522123894,1.0,0.01830776379876075
24332,2020-11-30,Schoharie,11,208,141,21447,0.07801418439716312,2.0,0.023880205541415258
24333,2020-12-01,Schoharie,4,212,100,21547,0.04,2.0,0.025974765785441695
24334,2020-12-02,Schoharie,5,217,342,21889,0.014619883040935672,2.0,0.02384443997090535
24335,2020-12-03,Schoharie,3,220,81,21970,0.037037037037037035,2.0,0.018677442616408
24336,2020-12-04,Schoharie,15,235,139,22109,0.1079136690647482,2.0,0.022471667510465358
24337,2020-12-05,Schoharie,10,245,129,22238,0.07751937984496124,3.0,0.02599669363621208
24338,2020-12-06,Schoharie,5,250,111,22349,0.04504504504504504,3.0,0.028582085602135023
24339,2020-12-07,Schoharie,10,260,104,22453,0.09615384615384616,3.0,0.029877775727612382
24340,2020-12-08,Schoharie,15,275,127,22580,0.11811023622047244,4.0,0.03545707831478899
24341,2020-12-09,Schoharie,4,279,66,22646,0.06060606060606061,4.0,0.03874180528372647
24342,2020-12-10,Schoharie,14,293,100,22746,0.14,5.0,0.046096302638223834
24343,2020-12-11,Schoharie,13,306,147,22893,0.08843537414965986,5.0,0.044704995858574674
24344,2020-12-12,Schoharie,20,326,169,23062,0.11834319526627218,5.0,0.04762098267438259
24345,2020-12-13,Schoharie,16,342,145,23207,0.1103448275862069,6.0,0.05228525285589415
24346,2020-12-14,Schoharie,14,356,104,23311,0.1346153846153846,6.0,0.05503250560314691
24347,2020-12-15,Schoharie,22,378,118,23429,0.1864406779661017,7.0,0.05991325144212042
24348,2020-12-16,Schoharie,14,392,498,23927,0.028112449799196786,8.0,0.05759227924163014
24349,2020-12-17,Schoharie,9,401,133,24060,0.06766917293233082,7.0,0.052425791593939494
24350,2020-12-18,Schoharie,7,408,138,24198,0.050724637681159424,7.0,0.049732167560475174
24351,2020-12-19,Schoharie,10,418,121,24319,0.08264462809917356,6.0,0.04718226990568241
24352,2020-12-20,Schoharie,8,426,107,24426,0.07476635514018691,6.0,0.04464095044525242
24353,2020-12-21,Schoharie,12,438,93,24519,0.12903225806451613,5.0,0.04424215569161895
24354,2020-12-22,Schoharie,11,449,127,24646,0.08661417322834646,5.0,0.037111691067493575
24355,2020-12-23,Schoharie,7,456,116,24762,0.0603448275862069,4.0,0.03941400376656573
24356,2020-12-24,Schoharie,15,471,109,24871,0.13761467889908258,5.0,0.04441011133561943
24357,2020-12-25,Schoharie,22,493,151,25022,0.1456953642384106,6.0,0.051193734661137365
24358,2020-12-26,Schoharie,14,507,81,25103,0.1728395061728395,6.0,0.0576362259521135
24359,2020-12-27,Schoharie,9,516,68,25171,0.1323529411764706,6.0,0.06174955352613376
24360,2020-12-28,Schoharie,11,527,120,25291,0.09166666666666666,6.0,0.05908058271200165
24361,2020-12-29,Schoharie,15,542,166,25457,0.09036144578313253,6.0,0.05934824503734352
24362,2020-12-30,Schoharie,12,554,142,25599,0.08450704225352113,7.0,0.06107411751358026
24363,2020-12-31,Schoharie,18,572,180,25779,0.1,7.0,0.05838735473507435
24364,2021-01-01,Schoharie,17,589,136,25915,0.125,6.0,0.056909114432330744
24365,2021-01-02,Schoharie,22,611,118,26033,0.1864406779661017,7.0,0.057880626703278044
24366,2021-01-03,Schoharie,17,628,99,26132,0.1717171717171717,8.0,0.06069235745618527
24367,2021-01-04,Schoharie,10,638,75,26207,0.13333333333333333,7.0,0.06366854793237574
24368,2021-01-05,Schoharie,16,654,138,26345,0.11594202898550725,8.0,0.06549573244683107
24369,2021-01-06,Schoharie,25,679,508,26853,0.04921259842519685,8.0,0.06297470074480792
24370,2021-01-07,Schoharie,22,701,151,27004,0.1456953642384106,9.0,0.06623865533326581
24371,2021-01-08,Schoharie,27,728,187,27191,0.1443850267379679,9.0,0.06762330010026353
24372,2021-01-09,Schoharie,14,742,156,27347,0.08974358974358974,9.0,0.060716365227226954
24373,2021-01-10,Schoharie,14,756,134,27481,0.1044776119402985,9.0,0.05591353952887886
24374,2021-01-11,Schoharie,24,780,215,27696,0.11162790697674418,10.0,0.054363151931979645
24375,2021-01-12,Schoharie,19,799,119,27815,0.15966386554621848,10.0,0.05748614025774473
24376,2021-01-13,Schoharie,19,818,113,27928,0.168141592920354,9.0,0.06598106843597025
24377,2021-01-14,Schoharie,33,851,509,28437,0.06483300589390963,10.0,0.06020518569707732
24378,2021-01-15,Schoharie,22,873,214,28651,0.102803738317757,10.0,0.05723509366706225
24379,2021-01-16,Schoharie,9,882,124,28775,0.07258064516129033,10.0,0.05600916905404086
24380,2021-01-17,Schoharie,7,889,83,28858,0.08433734939759036,9.0,0.054570578872418854
24381,2021-01-18,Schoharie,8,897,87,28945,0.09195402298850575,8.0,0.05316530144468754
24382,2021-01-19,Schoharie,17,914,182,29127,0.09340659340659341,8.0,0.048432639149000034
24383,2021-01-20,Schoharie,12,926,145,29272,0.08275862068965517,7.0,0.042333855418235825
24384,2021-01-21,Schoharie,17,943,135,29407,0.1259259259259259,6.0,0.04669763542052271
24385,2021-01-22,Schoharie,17,960,229,29636,0.07423580786026202,6.0,0.04465706895927307
24386,2021-01-23,Schoharie,15,975,158,29794,0.0949367088607595,6.0,0.04625393065209228
24387,2021-01-24,Schoharie,6,981,137,29931,0.043795620437956206,6.0,0.04335809286926128
24388,2021-01-25,Schoharie,9,990,111,30042,0.08108108108108109,6.0,0.04258145416158809
24389,2021-01-26,Schoharie,8,998,106,30148,0.07547169811320754,6.0,0.04130039021206052
24390,2021-01-27,Schoharie,5,1003,98,30246,0.05102040816326531,5.0,0.03903337503160411
24391,2021-01-28,Schoharie,9,1012,515,30761,0.017475728155339806,4.0,0.0312869323337051
24392,2021-01-29,Schoharie,6,1018,145,30906,0.041379310344827586,4.0,0.028940039654031215
24393,2021-01-30,Schoharie,11,1029,140,31046,0.07857142857142857,3.0,0.02777109106193615
24394,2021-01-31,Schoharie,4,1033,115,31161,0.034782608695652174,3.0,0.027127304508914433
24395,2021-02-01,Schoharie,10,1043,115,31276,0.08695652173913043,3.0,0.027546978841632243
24396,2021-02-02,Schoharie,2,1045,63,31339,0.031746031746031744,3.0,0.024423716958262544
24397,2021-02-03,Schoharie,2,1047,86,31425,0.023255813953488372,3.0,0.022440531657564187
24398,2021-02-04,Schoharie,4,1051,362,31787,0.011049723756906077,2.0,0.021981531343390353
24399,2021-02-05,Schoharie,5,1056,126,31913,0.03968253968253968,2.0,0.02186033343894122
24400,2021-02-06,Schoharie,15,1071,734,32647,0.020435967302452316,3.0,0.0177078004911572
24401,2021-02-07,Schoharie,3,1074,103,32750,0.02912621359223301,2.0,0.017303772269484402
24402,2021-02-08,Schoharie,5,1079,70,32820,0.07142857142857142,2.0,0.01619463296158733
24403,2021-02-09,Schoharie,8,1087,130,32950,0.06153846153846154,3.0,0.018322663661046602
24404,2021-02-10,Schoharie,2,1089,517,33467,0.0038684719535783366,3.0,0.016937853518195885
24405,2021-02-11,Schoharie,6,1095,120,33587,0.05,3.0,0.019720016106988307
24406,2021-02-12,Schoharie,11,1106,125,33712,0.088,3.0,0.02317126327252119
24407,2021-02-13,Schoharie,7,1113,963,34675,0.007268951194184839,3.0,0.022230762121930654
24408,2021-02-14,Schoharie,8,1121,146,34821,0.0547945205479452,3.0,0.024064212618767233
24409,2021-02-15,Schoharie,4,1125,80,34901,0.05,3.0,0.02253360037386928
24410,2021-02-16,Schoharie,7,1132,64,34965,0.109375,3.0,0.02595049597826488
24411,2021-02-17,Schoharie,11,1143,137,35102,0.08029197080291971,3.0,0.031409317324646406
24412,2021-02-18,Schoharie,11,1154,95,35197,0.11578947368421053,4.0,0.036108565444947165
24413,2021-02-19,Schoharie,6,1160,109,35306,0.05504587155963303,3.0,0.03375469912777809
24414,2021-02-20,Schoharie,8,1168,931,36237,0.008592910848549946,3.0,0.03384926767451846
24415,2021-02-21,Schoharie,5,1173,88,36325,0.056818181818181816,3.0,0.03399381490810679
24416,2021-02-22,Schoharie,2,1175,56,36381,0.03571428571428571,3.0,0.032973406744841484
24417,2021-02-23,Schoharie,1,1176,110,36491,0.00909090909090909,3.0,0.025810257394192133
24418,2021-02-24,Schoharie,7,1183,547,37038,0.012797074954296161,2.0,0.020989193405004738
24419,2021-02-25,Schoharie,4,1187,559,37597,0.007155635062611807,2.0,0.013229633503461968
24420,2021-02-26,Schoharie,3,1190,160,37757,0.01875,2.0,0.010637071249202466
24421,2021-02-27,Schoharie,10,1200,940,38697,0.010638297872340425,2.0,0.010783170322330357
24422,2021-02-28,Schoharie,10,1210,77,38774,0.12987012987012986,2.0,0.016001166611755217
24423,2021-03-01,Schoharie,5,1215,54,38828,0.09259259259259259,2.0,0.020063902817348565
24424,2021-03-02,Schoharie,8,1223,174,39002,0.04597701149425287,3.0,0.022698624417587406
24425,2021-03-03,Schoharie,6,1229,560,39562,0.010714285714285714,3.0,0.02254985375758666
24426,2021-03-04,Schoharie,12,1241,128,39690,0.09375,3.0,0.02873516553882868
24427,2021-03-05,Schoharie,2,1243,93,39783,0.021505376344086023,3.0,0.028931978134834817
24428,2021-03-06,Schoharie,8,1251,1000,40783,0.008,3.0,0.028743528286810503
24429,2021-03-07,Schoharie,3,1254,861,41644,0.003484320557491289,3.0,0.01971597047876489
24430,2021-03-08,Schoharie,5,1259,96,41740,0.052083333333333336,3.0,0.016822451960246374
24431,2021-03-09,Schoharie,4,1263,154,41894,0.025974025974025976,2.0,0.015393667280230167
24432,2021-03-10,Schoharie,5,1268,705,42599,0.0070921985815602835,2.0,0.01513494677074978
24433,2021-03-11,Schoharie,11,1279,143,42742,0.07692307692307693,2.0,0.013933023693826704
24434,2021-03-12,Schoharie,5,1284,131,42873,0.03816793893129771,2.0,0.015123206735770394
24435,2021-03-13,Schoharie,7,1291,817,43690,0.008567931456548347,2.0,0.015163773268380991
24436,2021-03-14,Schoharie,9,1300,105,43795,0.08571428571428572,3.0,0.02103734220815202
24437,2021-03-15,Schoharie,1,1301,59,43854,0.01694915254237288,3.0,0.018527757865940558
24438,2021-03-16,Schoharie,11,1312,115,43969,0.09565217391304348,3.0,0.02350476843301324
24439,2021-03-17,Schoharie,11,1323,668,44637,0.016467065868263474,3.0,0.024174401810634898
24440,2021-03-18,Schoharie,7,1330,159,44796,0.0440251572327044,3.0,0.021824550404179716
24441,2021-03-19,Schoharie,9,1339,180,44976,0.05,3.0,0.022669697623372738
24442,2021-03-20,Schoharie,9,1348,876,45852,0.010273972602739725,4.0,0.022791557705243548
24443,2021-03-21,Schoharie,11,1359,127,45979,0.08661417322834646,4.0,0.022855835384819313
24444,2021-03-22,Schoharie,9,1368,82,46061,0.10975609756097561,4.0,0.02948490288614808
24445,2021-03-23,Schoharie,4,1372,104,46165,0.038461538461538464,4.0,0.025399857496754864
24446,2021-03-24,Schoharie,4,1376,710,46875,0.005633802816901409,3.0,0.024626052993086147
24447,2021-03-25,Schoharie,8,1384,232,47107,0.034482758620689655,3.0,0.023944453092227952
24448,2021-03-26,Schoharie,5,1389,384,47491,0.013020833333333334,3.0,0.021303084044608903
24449,2021-03-27,Schoharie,3,1392,211,47702,0.014218009478672985,3.0,0.02158480096431842
24450,2021-03-28,Schoharie,7,1399,821,48523,0.008526187576126675,2.0,0.01600708770344558
24451,2021-03-29,Schoharie,2,1401,229,48752,0.008733624454148471,2.0,0.008791196767243643
24452,2021-03-30,Schoharie,10,1411,212,48964,0.04716981132075472,2.0,0.009413216257187659
24453,2021-03-31,Schoharie,6,1417,190,49154,0.031578947368421054,2.0,0.01126644086801049
24454,2021-04-01,Schoharie,7,1424,315,49469,0.022222222222222223,2.0,0.010390688268119962
24455,2021-04-02,Schoharie,10,1434,169,49638,0.05917159763313609,3.0,0.013687171432391588
24456,2021-04-03,Schoharie,9,1443,477,50115,0.018867924528301886,3.0,0.014019308221650791
24457,2021-04-04,Schoharie,2,1445,103,50218,0.019417475728155338,3.0,0.01479725737536713
24458,2021-04-05,Schoharie,8,1453,174,50392,0.04597701149425287,3.0,0.017457499306803154
24459,2021-04-06,Schoharie,9,1462,303,50695,0.0297029702970297,3.0,0.016209867805108514
24460,2021-04-07,Schoharie,8,1470,452,51147,0.017699115044247787,3.0,0.015218451210524706
24461,2021-04-08,Schoharie,8,1478,348,51495,0.022988505747126436,3.0,0.015273185748017865
24462,2021-04-09,Schoharie,10,1488,418,51913,0.023923444976076555,3.0,0.012755460558227896
24463,2021-04-10,Schoharie,5,1493,136,52049,0.03676470588235294,3.0,0.014033802083517259
24464,2021-04-11,Schoharie,5,1498,74,52123,0.06756756756756757,3.0,0.017473094357760992
24465,2021-04-12,Schoharie,5,1503,266,52389,0.018796992481203006,3.0,0.015531664428257428
24466,2021-04-13,Schoharie,17,1520,131,52520,0.1297709923664122,4.0,0.02267938029035618
24467,2021-04-14,Schoharie,18,1538,154,52674,0.11688311688311688,4.0,0.029763951850275392
24468,2021-04-15,Schoharie,5,1543,381,53055,0.013123359580052493,4.0,0.029059298552627257
24469,2021-04-16,Schoharie,5,1548,166,53221,0.030120481927710843,4.0,0.029501944049172564
24470,2021-04-17,Schoharie,4,1552,154,53375,0.025974025974025976,4.0,0.028731181198577784
24471,2021-04-18,Schoharie,3,1555,223,53598,0.013452914798206279,4.0,0.024865848857909125
24472,2021-04-19,Schoharie,7,1562,78,53676,0.08974358974358974,4.0,0.029933462948079602
24473,2021-04-20,Schoharie,6,1568,184,53860,0.03260869565217391,3.0,0.022993298897062583
24474,2021-04-21,Schoharie,5,1573,812,54672,0.006157635467980296,2.0,0.015084335938838542
24475,2021-04-22,Schoharie,6,1579,280,54952,0.02142857142857143,2.0,0.015677565356589894
24476,2021-04-23,Schoharie,2,1581,216,55168,0.009259259259259259,2.0,0.014187478023129063
24477,2021-04-24,Schoharie,2,1583,133,55301,0.015037593984962405,2.0,0.013406304309624523
24478,2021-04-25,Schoharie,2,1585,87,55388,0.022988505747126436,2.0,0.014087417948833105
24479,2021-04-26,Schoharie,0,1585,58,55446,0.0,1.0,0.007677161538576695
24480,2021-04-27,Schoharie,3,1588,286,55732,0.01048951048951049,1.0,0.006097219741243594
24481,2021-04-28,Schoharie,3,1591,143,55875,0.02097902097902098,1.0,0.007155890134889357
24482,2021-04-29,Schoharie,9,1600,302,56177,0.029801324503311258,1.0,0.007753943925942202
24483,2021-04-30,Schoharie,9,1609,206,56383,0.043689320388349516,2.0,0.010213234006591505
24484,2021-05-01,Schoharie,5,1614,168,56551,0.02976190476190476,2.0,0.011264970490658817
24485,2021-05-02,Schoharie,1,1615,233,56784,0.004291845493562232,2.0,0.009929494758261373
24486,2021-05-03,Schoharie,1,1616,50,56834,0.02,2.0,0.011358066186832804
24487,2021-05-04,Schoharie,7,1623,147,56981,0.047619047619047616,2.0,0.014010175981799742
24488,2021-05-05,Schoharie,2,1625,122,57103,0.01639344262295082,2.0,0.013682634670651875
24489,2021-05-06,Schoharie,7,1632,296,57399,0.02364864864864865,2.0,0.013243157823890257
24490,2021-05-07,Schoharie,8,1640,212,57611,0.03773584905660377,2.0,0.012817909871622703
24491,2021-05-08,Schoharie,3,1643,84,57695,0.03571428571428571,2.0,0.013243079939649917
24492,2021-05-09,Schoharie,2,1645,237,57932,0.008438818565400843,2.0,0.0135392923019241
24493,2021-05-10,Schoharie,3,1648,86,58018,0.03488372093023256,2.0,0.01460241522551214
24494,2021-05-11,Schoharie,4,1652,95,58113,0.042105263157894736,2.0,0.014208573478286935
24495,2021-05-12,Schoharie,3,1655,142,58255,0.02112676056338028,2.0,0.014546667616889039
24496,2021-05-13,Schoharie,5,1660,310,58565,0.016129032258064516,2.0,0.014009552160418744
24497,2021-05-14,Schoharie,2,1662,153,58718,0.013071895424836602,1.0,0.012247841186721089
24498,2021-05-15,Schoharie,1,1663,101,58819,0.009900990099009901,1.0,0.010404034357058532
24499,2021-05-16,Schoharie,4,1667,60,58879,0.06666666666666667,1.0,0.014563166364291804
24500,2021-05-17,Schoharie,2,1669,82,58961,0.024390243902439025,1.0,0.01381363229087798
24501,2021-05-18,Schoharie,1,1670,134,59095,0.007462686567164179,1.0,0.011339162534397224
24502,2021-05-19,Schoharie,1,1671,115,59210,0.008695652173913044,1.0,0.01045122622086385
24503,2021-05-20,Schoharie,8,1679,271,59481,0.02952029520295203,1.0,0.011407745002641535
24504,2021-05-21,Schoharie,1,1680,131,59612,0.007633587786259542,1.0,0.011019294457028884
24505,2021-05-22,Schoharie,0,1680,64,59676,0.0,1.0,0.010312080878528177
24506,2021-05-23,Schoharie,0,1680,52,59728,0.0,0.0,0.005550176116623415
24507,2021-05-24,Schoharie,2,1682,58,59786,0.034482758620689655,0.0,0.006271070025069889
24508,2021-05-25,Schoharie,3,1685,74,59860,0.04054054054054054,1.0,0.00863377388031106
24509,2021-05-26,Schoharie,0,1685,98,59958,0.0,1.0,0.008012655867888697
24510,2021-05-27,Schoharie,1,1686,246,60204,0.0040650406504065045,0.0,0.0061944233998497324
24511,2021-05-28,Schoharie,1,1687,79,60283,0.012658227848101266,0.0,0.006553326261409855
24512,2021-05-29,Schoharie,1,1688,60,60343,0.016666666666666666,0.0,0.007743802451886045
24513,2021-05-30,Schoharie,1,1689,46,60389,0.021739130434782608,0.0,0.009296597482941945
24514,2021-05-31,Schoharie,0,1689,62,60451,0.0,0.0,0.006833543295749827
24515,2021-06-01,Schoharie,0,1689,43,60494,0.0,0.0,0.0039377903999969315
24516,2021-06-02,Schoharie,0,1689,80,60574,0.0,0.0,0.0039377903999969315
24517,2021-06-03,Schoharie,1,1690,206,60780,0.0048543689320388345,0.0,0.003994170991542098
24518,2021-06-04,Schoharie,1,1691,107,60887,0.009345794392523364,0.0,0.003757568601857962
24519,2021-06-05,Schoharie,1,1692,61,60948,0.01639344262295082,0.0,0.0037380525987354015
24520,2021-06-06,Schoharie,0,1692,41,60989,0.0,0.0,0.002185257567679501
24521,2021-06-07,Schoharie,0,1692,77,61066,0.0,0.0,0.002185257567679501
24522,2021-06-08,Schoharie,0,1692,106,61172,0.0,0.0,0.002185257567679501
24523,2021-06-09,Schoharie,0,1692,87,61259,0.0,0.0,0.002185257567679501
24524,2021-06-10,Schoharie,0,1692,81,61340,0.0,0.0,0.0018385169296767274
24525,2021-06-11,Schoharie,0,1692,106,61446,0.0,0.0,0.00117096018735363
24526,2021-06-12,Schoharie,0,1692,52,61498,0.0,0.0,0.0
24527,2021-06-13,Schoharie,0,1692,31,61529,0.0,0.0,0.0
24528,2021-06-14,Schoharie,0,1692,52,61581,0.0,0.0,0.0
24529,2021-06-15,Schoharie,0,1692,78,61659,0.0,0.0,0.0
24530,2021-06-16,Schoharie,0,1692,72,61731,0.0,0.0,0.0
24531,2021-06-17,Schoharie,0,1692,64,61795,0.0,0.0,0.0
24532,2021-06-18,Schoharie,1,1693,84,61879,0.011904761904761904,0.0,0.0008503401360544217
24533,2021-06-19,Schoharie,0,1693,43,61922,0.0,0.0,0.0008503401360544217
24534,2021-06-20,Schoharie,1,1694,31,61953,0.03225806451612903,0.0,0.00315448760149221
24535,2021-06-21,Schoharie,0,1694,47,62000,0.0,0.0,0.00315448760149221
24536,2021-06-22,Schoharie,0,1694,55,62055,0.0,0.0,0.00315448760149221
24537,2021-06-23,Schoharie,0,1694,90,62145,0.0,0.0,0.00315448760149221
24538,2021-06-24,Schoharie,2,1696,66,62211,0.030303030303030304,0.0,0.005318989765994374
24539,2021-06-25,Schoharie,0,1696,69,62280,0.0,0.0,0.0044686496299399525
24540,2021-06-26,Schoharie,1,1697,48,62328,0.020833333333333332,0.0,0.0059567448680351905
24541,2021-06-27,Schoharie,2,1699,29,62357,0.06896551724137931,0.0,0.00857870577698164
24542,2021-06-28,Schoharie,2,1701,46,62403,0.043478260869565216,0.0,0.011684295839093441
24543,2021-06-29,Schoharie,0,1701,61,62464,0.0,0.0,0.011684295839093441
24544,2021-06-30,Schoharie,1,1702,43,62507,0.023255813953488372,0.0,0.013345425407199752
24545,2021-07-01,Schoharie,2,1704,52,62559,0.038461538461538464,0.0,0.013928175989950336
24546,2021-07-02,Schoharie,1,1705,64,62623,0.015625,0.0,0.015044247418521766
24547,2021-07-03,Schoharie,0,1705,43,62666,0.0,0.0,0.013556152180426526
24548,2021-07-04,Schoharie,0,1705,20,62686,0.0,0.0,0.008630043806042289
24549,2021-07-05,Schoharie,0,1705,14,62700,0.0,0.0,0.005524453743930488
24550,2021-07-06,Schoharie,0,1705,21,62721,0.0,0.0,0.005524453743930488
24551,2021-07-07,Schoharie,1,1706,68,62789,0.014705882352941176,0.0,0.0049137443438914035
24552,2021-07-08,Schoharie,4,1710,72,62861,0.05555555555555555,0.0,0.006134745564892624
24553,2021-07-09,Schoharie,0,1710,58,62919,0.0,0.0,0.0050186741363211955
24554,2021-07-10,Schoharie,0,1710,45,62964,0.0,0.0,0.0050186741363211955
24555,2021-07-11,Schoharie,0,1710,29,62993,0.0,0.0,0.0050186741363211955
24556,2021-07-12,Schoharie,0,1710,34,63027,0.0,0.0,0.0050186741363211955
24557,2021-07-13,Schoharie,1,1711,70,63097,0.014285714285714285,0.0,0.006039082299586502
24558,2021-07-14,Schoharie,0,1711,79,63176,0.0,0.0,0.004988662131519274
24559,2021-07-15,Schoharie,3,1714,46,63222,0.06521739130434782,0.0,0.005678793256433008
24560,2021-07-16,Schoharie,0,1714,42,63264,0.0,0.0,0.005678793256433008
24561,2021-07-17,Schoharie,0,1714,44,63308,0.0,0.0,0.005678793256433008
24562,2021-07-18,Schoharie,1,1715,16,63324,0.0625,0.0,0.010143078970718724
24563,2021-07-19,Schoharie,1,1716,55,63379,0.01818181818181818,0.0,0.011441780269420023
24564,2021-07-20,Schoharie,3,1719,44,63423,0.06818181818181818,0.0,0.015291501976284585
24565,2021-07-21,Schoharie,0,1719,65,63488,0.0,0.0,0.015291501976284585
24566,2021-07-22,Schoharie,0,1719,48,63536,0.0,0.0,0.010633116883116883
24567,2021-07-23,Schoharie,0,1719,50,63586,0.0,0.0,0.010633116883116883
24568,2021-07-24,Schoharie,1,1720,38,63624,0.02631578947368421,0.0,0.012512816131237184
24569,2021-07-25,Schoharie,1,1721,21,63645,0.047619047619047616,0.0,0.011449890961169157
24570,2021-07-26,Schoharie,1,1722,47,63692,0.02127659574468085,0.0,0.011670946501373633
24571,2021-07-27,Schoharie,3,1725,66,63758,0.045454545454545456,0.0,0.010047569877997011
24572,2021-07-28,Schoharie,5,1730,65,63823,0.07692307692307693,0.0,0.015542075372502503
24573,2021-07-29,Schoharie,3,1733,63,63886,0.047619047619047616,1.0,0.01894343591672019
24574,2021-07-30,Schoharie,3,1736,100,63986,0.03,1.0,0.021086293059577328
24575,2021-07-31,Schoharie,6,1742,58,64044,0.10344827586206896,1.0,0.026595756373033387
24576,2021-08-01,Schoharie,1,1743,49,64093,0.02040816326530612,1.0,0.024652121776337566
24577,2021-08-02,Schoharie,0,1743,29,64122,0.0,1.0,0.02313236493743179
24578,2021-08-03,Schoharie,4,1747,70,64192,0.05714285714285714,1.0,0.023967244343739768
24579,2021-08-04,Schoharie,4,1751,80,64272,0.05,1.0,0.022044167420662845
24580,2021-08-05,Schoharie,6,1757,62,64334,0.0967741935483871,1.0,0.025555249272758523
24581,2020-03-01,Schuyler,0,0,0,0,,,
24582,2020-03-02,Schuyler,0,0,0,0,,,
24583,2020-03-03,Schuyler,0,0,0,0,,,
24584,2020-03-04,Schuyler,0,0,0,0,,,
24585,2020-03-05,Schuyler,0,0,0,0,,,
24586,2020-03-06,Schuyler,0,0,0,0,,,
24587,2020-03-07,Schuyler,0,0,0,0,,0.0,
24588,2020-03-08,Schuyler,0,0,0,0,,0.0,
24589,2020-03-09,Schuyler,0,0,0,0,,0.0,
24590,2020-03-10,Schuyler,0,0,0,0,,0.0,
24591,2020-03-11,Schuyler,0,0,0,0,,0.0,
24592,2020-03-12,Schuyler,0,0,0,0,,0.0,
24593,2020-03-13,Schuyler,0,0,0,0,,0.0,
24594,2020-03-14,Schuyler,0,0,1,1,0.0,0.0,
24595,2020-03-15,Schuyler,0,0,1,2,0.0,0.0,
24596,2020-03-16,Schuyler,0,0,2,4,0.0,0.0,
24597,2020-03-17,Schuyler,0,0,0,4,,0.0,
24598,2020-03-18,Schuyler,0,0,1,5,0.0,0.0,
24599,2020-03-19,Schuyler,0,0,0,5,,0.0,
24600,2020-03-20,Schuyler,0,0,9,14,0.0,0.0,
24601,2020-03-21,Schuyler,0,0,3,17,0.0,0.0,
24602,2020-03-22,Schuyler,0,0,7,24,0.0,0.0,
24603,2020-03-23,Schuyler,0,0,8,32,0.0,0.0,
24604,2020-03-24,Schuyler,0,0,0,32,,0.0,
24605,2020-03-25,Schuyler,0,0,1,33,0.0,0.0,
24606,2020-03-26,Schuyler,0,0,8,41,0.0,0.0,
24607,2020-03-27,Schuyler,1,1,6,47,0.16666666666666666,0.0,
24608,2020-03-28,Schuyler,0,1,7,54,0.0,0.0,
24609,2020-03-29,Schuyler,1,2,6,60,0.16666666666666666,0.0,
24610,2020-03-30,Schuyler,0,2,6,66,0.0,0.0,
24611,2020-03-31,Schuyler,0,2,1,67,0.0,0.0,0.023809523809523808
24612,2020-04-01,Schuyler,1,3,8,75,0.125,0.0,0.03273809523809523
24613,2020-04-02,Schuyler,0,3,13,88,0.0,0.0,0.03273809523809523
24614,2020-04-03,Schuyler,1,4,5,93,0.2,0.0,0.03511904761904762
24615,2020-04-04,Schuyler,0,4,2,95,0.0,0.0,0.03511904761904762
24616,2020-04-05,Schuyler,0,4,9,104,0.0,0.0,0.023214285714285715
24617,2020-04-06,Schuyler,0,4,4,108,0.0,0.0,0.023214285714285715
24618,2020-04-07,Schuyler,0,4,12,120,0.0,0.0,0.023214285714285715
24619,2020-04-08,Schuyler,0,4,20,140,0.0,0.0,0.014285714285714287
24620,2020-04-09,Schuyler,1,5,4,144,0.25,0.0,0.03214285714285715
24621,2020-04-10,Schuyler,0,5,7,151,0.0,0.0,0.017857142857142856
24622,2020-04-11,Schuyler,0,5,1,152,0.0,0.0,0.017857142857142856
24623,2020-04-12,Schuyler,0,5,1,153,0.0,0.0,0.017857142857142856
24624,2020-04-13,Schuyler,1,6,11,164,0.09090909090909091,0.0,0.024350649350649352
24625,2020-04-14,Schuyler,0,6,0,164,,0.0,
24626,2020-04-15,Schuyler,0,6,5,169,0.0,0.0,
24627,2020-04-16,Schuyler,0,6,8,177,0.0,0.0,
24628,2020-04-17,Schuyler,0,6,4,181,0.0,0.0,
24629,2020-04-18,Schuyler,0,6,0,181,,0.0,
24630,2020-04-19,Schuyler,1,7,4,185,0.25,0.0,
24631,2020-04-20,Schuyler,0,7,4,189,0.0,0.0,
24632,2020-04-21,Schuyler,0,7,10,199,0.0,0.0,
24633,2020-04-22,Schuyler,0,7,108,307,0.0,0.0,
24634,2020-04-23,Schuyler,0,7,18,325,0.0,0.0,
24635,2020-04-24,Schuyler,0,7,38,363,0.0,0.0,
24636,2020-04-25,Schuyler,0,7,10,373,0.0,0.0,0.017857142857142856
24637,2020-04-26,Schuyler,0,7,9,382,0.0,0.0,0.0
24638,2020-04-27,Schuyler,0,7,8,390,0.0,0.0,0.0
24639,2020-04-28,Schuyler,0,7,15,405,0.0,0.0,0.0
24640,2020-04-29,Schuyler,0,7,7,412,0.0,0.0,0.0
24641,2020-04-30,Schuyler,0,7,6,418,0.0,0.0,0.0
24642,2020-05-01,Schuyler,0,7,7,425,0.0,0.0,0.0
24643,2020-05-02,Schuyler,0,7,2,427,0.0,0.0,0.0
24644,2020-05-03,Schuyler,0,7,12,439,0.0,0.0,0.0
24645,2020-05-04,Schuyler,0,7,5,444,0.0,0.0,0.0
24646,2020-05-05,Schuyler,0,7,31,475,0.0,0.0,0.0
24647,2020-05-06,Schuyler,0,7,12,487,0.0,0.0,0.0
24648,2020-05-07,Schuyler,0,7,9,496,0.0,0.0,0.0
24649,2020-05-08,Schuyler,0,7,38,534,0.0,0.0,0.0
24650,2020-05-09,Schuyler,0,7,31,565,0.0,0.0,0.0
24651,2020-05-10,Schuyler,0,7,14,579,0.0,0.0,0.0
24652,2020-05-11,Schuyler,1,8,17,596,0.058823529411764705,0.0,0.004201680672268907
24653,2020-05-12,Schuyler,0,8,32,628,0.0,0.0,0.004201680672268907
24654,2020-05-13,Schuyler,0,8,46,674,0.0,0.0,0.004201680672268907
24655,2020-05-14,Schuyler,0,8,18,692,0.0,0.0,0.004201680672268907
24656,2020-05-15,Schuyler,0,8,52,744,0.0,0.0,0.004201680672268907
24657,2020-05-16,Schuyler,1,9,32,776,0.03125,0.0,0.006433823529411764
24658,2020-05-17,Schuyler,1,10,55,831,0.01818181818181818,0.0,0.007732524828113063
24659,2020-05-18,Schuyler,0,10,57,888,0.0,0.0,0.0035308441558441557
24660,2020-05-19,Schuyler,0,10,44,932,0.0,0.0,0.0035308441558441557
24661,2020-05-20,Schuyler,0,10,42,974,0.0,0.0,0.0035308441558441557
24662,2020-05-21,Schuyler,1,11,49,1023,0.02040816326530612,0.0,0.004988570103366022
24663,2020-05-22,Schuyler,0,11,78,1101,0.0,0.0,0.004988570103366022
24664,2020-05-23,Schuyler,0,11,45,1146,0.0,0.0,0.0027564272462231648
24665,2020-05-24,Schuyler,0,11,52,1198,0.0,0.0,0.0014577259475218659
24666,2020-05-25,Schuyler,0,11,14,1212,0.0,0.0,0.0014577259475218659
24667,2020-05-26,Schuyler,0,11,68,1280,0.0,0.0,0.0014577259475218659
24668,2020-05-27,Schuyler,0,11,41,1321,0.0,0.0,0.0014577259475218659
24669,2020-05-28,Schuyler,0,11,52,1373,0.0,0.0,0.0
24670,2020-05-29,Schuyler,0,11,64,1437,0.0,0.0,0.0
24671,2020-05-30,Schuyler,0,11,76,1513,0.0,0.0,0.0
24672,2020-05-31,Schuyler,0,11,30,1543,0.0,0.0,0.0
24673,2020-06-01,Schuyler,1,12,26,1569,0.038461538461538464,0.0,0.0027472527472527475
24674,2020-06-02,Schuyler,0,12,40,1609,0.0,0.0,0.0027472527472527475
24675,2020-06-03,Schuyler,0,12,22,1631,0.0,0.0,0.0027472527472527475
24676,2020-06-04,Schuyler,0,12,32,1663,0.0,0.0,0.0027472527472527475
24677,2020-06-05,Schuyler,0,12,139,1802,0.0,0.0,0.0027472527472527475
24678,2020-06-06,Schuyler,0,12,47,1849,0.0,0.0,0.0027472527472527475
24679,2020-06-07,Schuyler,0,12,45,1894,0.0,0.0,0.0027472527472527475
24680,2020-06-08,Schuyler,0,12,81,1975,0.0,0.0,0.0
24681,2020-06-09,Schuyler,0,12,46,2021,0.0,0.0,0.0
24682,2020-06-10,Schuyler,0,12,47,2068,0.0,0.0,0.0
24683,2020-06-11,Schuyler,0,12,51,2119,0.0,0.0,0.0
24684,2020-06-12,Schuyler,0,12,67,2186,0.0,0.0,0.0
24685,2020-06-13,Schuyler,0,12,30,2216,0.0,0.0,0.0
24686,2020-06-14,Schuyler,0,12,43,2259,0.0,0.0,0.0
24687,2020-06-15,Schuyler,0,12,68,2327,0.0,0.0,0.0
24688,2020-06-16,Schuyler,0,12,59,2386,0.0,0.0,0.0
24689,2020-06-17,Schuyler,0,12,42,2428,0.0,0.0,0.0
24690,2020-06-18,Schuyler,0,12,67,2495,0.0,0.0,0.0
24691,2020-06-19,Schuyler,0,12,57,2552,0.0,0.0,0.0
24692,2020-06-20,Schuyler,0,12,31,2583,0.0,0.0,0.0
24693,2020-06-21,Schuyler,0,12,33,2616,0.0,0.0,0.0
24694,2020-06-22,Schuyler,0,12,63,2679,0.0,0.0,0.0
24695,2020-06-23,Schuyler,0,12,63,2742,0.0,0.0,0.0
24696,2020-06-24,Schuyler,0,12,26,2768,0.0,0.0,0.0
24697,2020-06-25,Schuyler,0,12,31,2799,0.0,0.0,0.0
24698,2020-06-26,Schuyler,0,12,69,2868,0.0,0.0,0.0
24699,2020-06-27,Schuyler,0,12,56,2924,0.0,0.0,0.0
24700,2020-06-28,Schuyler,0,12,36,2960,0.0,0.0,0.0
24701,2020-06-29,Schuyler,0,12,61,3021,0.0,0.0,0.0
24702,2020-06-30,Schuyler,1,13,44,3065,0.022727272727272728,0.0,0.0016233766233766235
24703,2020-07-01,Schuyler,0,13,33,3098,0.0,0.0,0.0016233766233766235
24704,2020-07-02,Schuyler,0,13,27,3125,0.0,0.0,0.0016233766233766235
24705,2020-07-03,Schuyler,0,13,74,3199,0.0,0.0,0.0016233766233766235
24706,2020-07-04,Schuyler,0,13,47,3246,0.0,0.0,0.0016233766233766235
24707,2020-07-05,Schuyler,0,13,51,3297,0.0,0.0,0.0016233766233766235
24708,2020-07-06,Schuyler,0,13,38,3335,0.0,0.0,0.0016233766233766235
24709,2020-07-07,Schuyler,0,13,46,3381,0.0,0.0,0.0
24710,2020-07-08,Schuyler,0,13,15,3396,0.0,0.0,0.0
24711,2020-07-09,Schuyler,0,13,47,3443,0.0,0.0,0.0
24712,2020-07-10,Schuyler,2,15,52,3495,0.038461538461538464,0.0,0.0027472527472527475
24713,2020-07-11,Schuyler,0,15,93,3588,0.0,0.0,0.0027472527472527475
24714,2020-07-12,Schuyler,0,15,27,3615,0.0,0.0,0.0027472527472527475
24715,2020-07-13,Schuyler,0,15,70,3685,0.0,0.0,0.0027472527472527475
24716,2020-07-14,Schuyler,0,15,48,3733,0.0,0.0,0.0027472527472527475
24717,2020-07-15,Schuyler,0,15,134,3867,0.0,0.0,0.0027472527472527475
24718,2020-07-16,Schuyler,0,15,63,3930,0.0,0.0,0.0027472527472527475
24719,2020-07-17,Schuyler,1,16,67,3997,0.014925373134328358,0.0,0.0010660980810234541
24720,2020-07-18,Schuyler,0,16,67,4064,0.0,0.0,0.0010660980810234541
24721,2020-07-19,Schuyler,4,20,19,4083,0.21052631578947367,0.0,0.01610369206598586
24722,2020-07-20,Schuyler,0,20,35,4118,0.0,0.0,0.01610369206598586
24723,2020-07-21,Schuyler,0,20,99,4217,0.0,0.0,0.01610369206598586
24724,2020-07-22,Schuyler,0,20,142,4359,0.0,0.0,0.01610369206598586
24725,2020-07-23,Schuyler,0,20,69,4428,0.0,0.0,0.01610369206598586
24726,2020-07-24,Schuyler,0,20,83,4511,0.0,0.0,0.015037593984962405
24727,2020-07-25,Schuyler,0,20,51,4562,0.0,0.0,0.015037593984962405
24728,2020-07-26,Schuyler,0,20,20,4582,0.0,0.0,0.0
24729,2020-07-27,Schuyler,0,20,23,4605,0.0,0.0,0.0
24730,2020-07-28,Schuyler,0,20,56,4661,0.0,0.0,0.0
24731,2020-07-29,Schuyler,0,20,99,4760,0.0,0.0,0.0
24732,2020-07-30,Schuyler,1,21,98,4858,0.01020408163265306,0.0,0.0007288629737609329
24733,2020-07-31,Schuyler,1,22,66,4924,0.015151515151515152,0.0,0.001811114056012015
24734,2020-08-01,Schuyler,0,22,82,5006,0.0,0.0,0.001811114056012015
24735,2020-08-02,Schuyler,0,22,9,5015,0.0,0.0,0.001811114056012015
24736,2020-08-03,Schuyler,0,22,34,5049,0.0,0.0,0.001811114056012015
24737,2020-08-04,Schuyler,0,22,43,5092,0.0,0.0,0.001811114056012015
24738,2020-08-05,Schuyler,0,22,91,5183,0.0,0.0,0.001811114056012015
24739,2020-08-06,Schuyler,0,22,116,5299,0.0,0.0,0.0010822510822510823
24740,2020-08-07,Schuyler,0,22,48,5347,0.0,0.0,0.0
24741,2020-08-08,Schuyler,0,22,101,5448,0.0,0.0,0.0
24742,2020-08-09,Schuyler,0,22,27,5475,0.0,0.0,0.0
24743,2020-08-10,Schuyler,0,22,44,5519,0.0,0.0,0.0
24744,2020-08-11,Schuyler,0,22,53,5572,0.0,0.0,0.0
24745,2020-08-12,Schuyler,0,22,43,5615,0.0,0.0,0.0
24746,2020-08-13,Schuyler,0,22,107,5722,0.0,0.0,0.0
24747,2020-08-14,Schuyler,1,23,69,5791,0.014492753623188406,0.0,0.0010351966873706005
24748,2020-08-15,Schuyler,0,23,91,5882,0.0,0.0,0.0010351966873706005
24749,2020-08-16,Schuyler,0,23,56,5938,0.0,0.0,0.0010351966873706005
24750,2020-08-17,Schuyler,0,23,23,5961,0.0,0.0,0.0010351966873706005
24751,2020-08-18,Schuyler,0,23,58,6019,0.0,0.0,0.0010351966873706005
24752,2020-08-19,Schuyler,0,23,28,6047,0.0,0.0,0.0010351966873706005
24753,2020-08-20,Schuyler,1,24,157,6204,0.006369426751592357,0.0,0.0014901557410557688
24754,2020-08-21,Schuyler,0,24,70,6274,0.0,0.0,0.00045495905368516835
24755,2020-08-22,Schuyler,0,24,65,6339,0.0,0.0,0.00045495905368516835
24756,2020-08-23,Schuyler,0,24,33,6372,0.0,0.0,0.00045495905368516835
24757,2020-08-24,Schuyler,0,24,19,6391,0.0,0.0,0.00045495905368516835
24758,2020-08-25,Schuyler,0,24,54,6445,0.0,0.0,0.00045495905368516835
24759,2020-08-26,Schuyler,0,24,97,6542,0.0,0.0,0.00045495905368516835
24760,2020-08-27,Schuyler,1,25,88,6630,0.011363636363636364,0.0,0.0008116883116883117
24761,2020-08-28,Schuyler,1,26,62,6692,0.016129032258064516,0.0,0.0019637620444072058
24762,2020-08-29,Schuyler,0,26,58,6750,0.0,0.0,0.0019637620444072058
24763,2020-08-30,Schuyler,0,26,20,6770,0.0,0.0,0.0019637620444072058
24764,2020-08-31,Schuyler,0,26,28,6798,0.0,0.0,0.0019637620444072058
24765,2020-09-01,Schuyler,0,26,47,6845,0.0,0.0,0.0019637620444072058
24766,2020-09-02,Schuyler,1,27,127,6972,0.007874015748031496,0.0,0.00252619174069517
24767,2020-09-03,Schuyler,0,27,68,7040,0.0,0.0,0.001714503429006858
24768,2020-09-04,Schuyler,0,27,82,7122,0.0,0.0,0.000562429696287964
24769,2020-09-05,Schuyler,1,28,127,7249,0.007874015748031496,0.0,0.001124859392575928
24770,2020-09-06,Schuyler,0,28,17,7266,0.0,0.0,0.001124859392575928
24771,2020-09-07,Schuyler,1,29,42,7308,0.023809523809523808,0.0,0.0028255396646847714
24772,2020-09-08,Schuyler,0,29,34,7342,0.0,0.0,0.0028255396646847714
24773,2020-09-09,Schuyler,0,29,84,7426,0.0,0.0,0.0022631099683968073
24774,2020-09-10,Schuyler,1,30,100,7526,0.01,0.0,0.002977395682682522
24775,2020-09-11,Schuyler,2,32,114,7640,0.017543859649122806,0.0,0.004230528514762722
24776,2020-09-12,Schuyler,0,32,29,7669,0.0,0.0,0.0036680988184747583
24777,2020-09-13,Schuyler,0,32,63,7732,0.0,0.0,0.0036680988184747583
24778,2020-09-14,Schuyler,1,33,87,7819,0.011494252873563218,0.0,0.0027884366087632876
24779,2020-09-15,Schuyler,0,33,85,7904,0.0,0.0,0.0027884366087632876
24780,2020-09-16,Schuyler,0,33,150,8054,0.0,0.0,0.0027884366087632876
24781,2020-09-17,Schuyler,4,37,99,8153,0.04040404040404041,0.0,0.004960153780480459
24782,2020-09-18,Schuyler,0,37,132,8285,0.0,0.0,0.003707020948400259
24783,2020-09-19,Schuyler,1,38,109,8394,0.009174311926605505,0.0,0.004362328943157795
24784,2020-09-20,Schuyler,0,38,26,8420,0.0,0.0,0.004362328943157795
24785,2020-09-21,Schuyler,1,39,52,8472,0.019230769230769232,0.0,0.004914937254386796
24786,2020-09-22,Schuyler,1,40,106,8578,0.009433962264150943,0.0,0.0055887917018261485
24787,2020-09-23,Schuyler,0,40,130,8708,0.0,0.0,0.0055887917018261485
24788,2020-09-24,Schuyler,1,41,137,8845,0.0072992700729927005,0.0,0.003224165249608456
24789,2020-09-25,Schuyler,0,41,112,8957,0.0,0.0,0.003224165249608456
24790,2020-09-26,Schuyler,0,41,60,9017,0.0,0.0,0.00256885725485092
24791,2020-09-27,Schuyler,0,41,23,9040,0.0,0.0,0.00256885725485092
24792,2020-09-28,Schuyler,2,43,29,9069,0.06896551724137931,0.0,0.006121339255608782
24793,2020-09-29,Schuyler,0,43,86,9155,0.0,0.0,0.00544748480816943
24794,2020-09-30,Schuyler,4,47,141,9296,0.028368794326241134,0.0,0.007473827260043796
24795,2020-10-01,Schuyler,2,49,110,9406,0.01818181818181818,0.0,0.008251152124959901
24796,2020-10-02,Schuyler,0,49,89,9495,0.0,0.0,0.008251152124959901
24797,2020-10-03,Schuyler,2,51,103,9598,0.019417475728155338,0.0,0.009638114676970998
24798,2020-10-04,Schuyler,6,57,84,9682,0.07142857142857142,1.0,0.01474015549329753
24799,2020-10-05,Schuyler,1,58,65,9747,0.015384615384615385,1.0,0.010912948217814392
24800,2020-10-06,Schuyler,1,59,93,9840,0.010752688172043012,1.0,0.01168099737296032
24801,2020-10-07,Schuyler,3,62,178,10018,0.016853932584269662,1.0,0.010858507248533785
24802,2020-10-08,Schuyler,4,66,139,10157,0.02877697841726619,1.0,0.011615304408208642
24803,2020-10-09,Schuyler,0,66,205,10362,0.0,1.0,0.011615304408208642
24804,2020-10-10,Schuyler,1,67,175,10537,0.005714285714285714,1.0,0.010636505121503671
24805,2020-10-11,Schuyler,5,72,97,10634,0.05154639175257732,1.0,0.009216349430361235
24806,2020-10-12,Schuyler,4,76,68,10702,0.058823529411764705,1.0,0.012319129003729041
24807,2020-10-13,Schuyler,3,79,91,10793,0.03296703296703297,1.0,0.013905867917656895
24808,2020-10-14,Schuyler,3,82,146,10939,0.02054794520547945,1.0,0.014169725962029025
24809,2020-10-15,Schuyler,3,85,169,11108,0.01775147928994083,1.0,0.013382190310077214
24810,2020-10-16,Schuyler,1,86,169,11277,0.005917159763313609,1.0,0.013804844578885327
24811,2020-10-17,Schuyler,2,88,140,11417,0.014285714285714285,1.0,0.014417089476844511
24812,2020-10-18,Schuyler,5,93,100,11517,0.05,1.0,0.014306632923088989
24813,2020-10-19,Schuyler,7,100,61,11578,0.11475409836065574,1.0,0.018301673562295496
24814,2020-10-20,Schuyler,4,104,178,11756,0.02247191011235955,1.0,0.01755202192981882
24815,2020-10-21,Schuyler,5,109,141,11897,0.03546099290780142,1.0,0.018617239622841817
24816,2020-10-22,Schuyler,2,111,156,12053,0.01282051282051282,1.0,0.018265027732168388
24817,2020-10-23,Schuyler,4,115,164,12217,0.024390243902439025,2.0,0.019584533742105916
24818,2020-10-24,Schuyler,1,116,220,12437,0.004545454545454545,2.0,0.018888800903515936
24819,2020-10-25,Schuyler,3,119,56,12493,0.05357142857142857,1.0,0.019143902944332263
24820,2020-10-26,Schuyler,5,124,109,12602,0.045871559633027525,1.0,0.014223721606644533
24821,2020-10-27,Schuyler,2,126,196,12798,0.01020408163265306,1.0,0.013347448143808354
24822,2020-10-28,Schuyler,9,135,165,12963,0.05454545454545454,1.0,0.014710623975069293
24823,2020-10-29,Schuyler,4,139,164,13127,0.024390243902439025,2.0,0.015537033338064022
24824,2020-10-30,Schuyler,8,147,148,13275,0.05405405405405406,2.0,0.01765587692032224
24825,2020-10-31,Schuyler,2,149,208,13483,0.009615384615384616,2.0,0.0180180147824601
24826,2020-11-01,Schuyler,6,155,48,13531,0.125,2.0,0.023120055598786632
24827,2020-11-02,Schuyler,4,159,60,13591,0.06666666666666667,2.0,0.024605420386903713
24828,2020-11-03,Schuyler,5,164,191,13782,0.02617801047120419,2.0,0.025746415303943084
24829,2020-11-04,Schuyler,2,166,131,13913,0.015267175572519083,2.0,0.0229408239487334
24830,2020-11-05,Schuyler,6,172,166,14079,0.03614457831325301,2.0,0.023780419263791545
24831,2020-11-06,Schuyler,6,178,162,14241,0.037037037037037035,2.0,0.02256491804829033
24832,2020-11-07,Schuyler,5,183,274,14515,0.01824817518248175,2.0,0.023181545945940123
24833,2020-11-08,Schuyler,3,186,98,14613,0.030612244897959183,2.0,0.016439563438651494
24834,2020-11-09,Schuyler,10,196,104,14717,0.09615384615384616,2.0,0.0185457905448786
24835,2020-11-10,Schuyler,4,200,179,14896,0.0223463687150838,2.0,0.01827210184801286
24836,2020-11-11,Schuyler,8,208,127,15023,0.06299212598425197,3.0,0.021681026877422353
24837,2020-11-12,Schuyler,2,210,188,15211,0.010638297872340425,2.0,0.019859149703071455
24838,2020-11-13,Schuyler,8,218,143,15354,0.055944055944055944,2.0,0.021209651053572802
24839,2020-11-14,Schuyler,10,228,72,15426,0.1388888888888889,3.0,0.029826844889744738
24840,2020-11-15,Schuyler,3,231,162,15588,0.018518518518518517,3.0,0.02896300729121326
24841,2020-11-16,Schuyler,6,237,87,15675,0.06896551724137931,2.0,0.02702098379746563
24842,2020-11-17,Schuyler,1,238,127,15802,0.007874015748031496,2.0,0.02598724429981904
24843,2020-11-18,Schuyler,9,247,193,15995,0.046632124352331605,2.0,0.02481867275468187
24844,2020-11-19,Schuyler,1,248,75,16070,0.013333333333333334,2.0,0.025011175287609932
24845,2020-11-20,Schuyler,5,253,308,16378,0.016233766233766232,2.0,0.022174726022589242
24846,2020-11-21,Schuyler,9,262,132,16510,0.06818181818181818,2.0,0.01712422097208419
24847,2020-11-22,Schuyler,9,271,271,16781,0.033210332103321034,2.0,0.018173636228141516
24848,2020-11-23,Schuyler,3,274,75,16856,0.04,2.0,0.016104670710900135
24849,2020-11-24,Schuyler,11,285,207,17063,0.05314009661835749,3.0,0.019337962201637703
24850,2020-11-25,Schuyler,4,289,192,17255,0.020833333333333332,3.0,0.0174951914145664
24851,2020-11-26,Schuyler,7,296,174,17429,0.040229885057471264,3.0,0.019416373680576252
24852,2020-11-27,Schuyler,10,306,249,17678,0.040160642570281124,3.0,0.0211254362760416
24853,2020-11-28,Schuyler,8,314,94,17772,0.0851063829787234,3.0,0.02233433376153483
24854,2020-11-29,Schuyler,2,316,56,17828,0.03571428571428571,3.0,0.02251318759088945
24855,2020-11-30,Schuyler,4,320,47,17875,0.0851063829787234,3.0,0.025735072089369697
24856,2020-12-01,Schuyler,3,323,127,18002,0.023622047244094488,2.0,0.023626639991208054
24857,2020-12-02,Schuyler,3,326,184,18186,0.016304347826086956,2.0,0.02330314102640474
24858,2020-12-03,Schuyler,12,338,186,18372,0.06451612903225806,3.0,0.02503787273888951
24859,2020-12-04,Schuyler,12,350,206,18578,0.05825242718446602,3.0,0.026330143068474147
24860,2020-12-05,Schuyler,2,352,247,18825,0.008097165991902834,2.0,0.020829484712272674
24861,2020-12-06,Schuyler,3,355,169,18994,0.01775147928994083,2.0,0.019546427110533757
24862,2020-12-07,Schuyler,4,359,56,19050,0.07142857142857142,2.0,0.018569440571237186
24863,2020-12-08,Schuyler,5,364,133,19183,0.03759398496240601,2.0,0.019567436122545155
24864,2020-12-09,Schuyler,6,370,238,19421,0.025210084033613446,3.0,0.020203560137368477
24865,2020-12-10,Schuyler,2,372,295,19716,0.006779661016949152,2.0,0.016079526707703552
24866,2020-12-11,Schuyler,7,379,197,19913,0.03553299492385787,2.0,0.014456710117660112
24867,2020-12-12,Schuyler,4,383,229,20142,0.017467248908296942,2.0,0.015126001754545407
24868,2020-12-13,Schuyler,6,389,86,20228,0.06976744186046512,2.0,0.018841427652439995
24869,2020-12-14,Schuyler,6,395,55,20283,0.10909090909090909,2.0,0.02153159462832126
24870,2020-12-15,Schuyler,5,400,151,20434,0.033112582781456956,2.0,0.021211494472539182
24871,2020-12-16,Schuyler,6,406,163,20597,0.03680981595092025,2.0,0.02204004675234681
24872,2020-12-17,Schuyler,14,420,282,20879,0.04964539007092199,3.0,0.0251018845419163
24873,2020-12-18,Schuyler,8,428,108,20987,0.07407407407407407,3.0,0.027854818766931744
24874,2020-12-19,Schuyler,13,441,285,21272,0.0456140350877193,4.0,0.02986530349403334
24875,2020-12-20,Schuyler,4,445,69,21341,0.057971014492753624,4.0,0.029022701539196807
24876,2020-12-21,Schuyler,4,449,63,21404,0.06349206349206349,3.0,0.025765641139279264
24877,2020-12-22,Schuyler,9,458,177,21581,0.05084745762711865,4.0,0.027032417913969386
24878,2020-12-23,Schuyler,10,468,163,21744,0.06134969325153374,4.0,0.028785266292584634
24879,2020-12-24,Schuyler,8,476,302,22046,0.026490066225165563,4.0,0.027131314589316318
24880,2020-12-25,Schuyler,14,490,145,22191,0.09655172413793103,4.0,0.02873686102244896
24881,2020-12-26,Schuyler,1,491,44,22235,0.022727272727272728,3.0,0.02710209228241706
24882,2020-12-27,Schuyler,6,497,65,22300,0.09230769230769231,3.0,0.029554712126341254
24883,2020-12-28,Schuyler,7,504,47,22347,0.14893617021276595,3.0,0.03565786260639142
24884,2020-12-29,Schuyler,11,515,177,22524,0.062146892655367235,4.0,0.03646496510840918
24885,2020-12-30,Schuyler,11,526,246,22770,0.044715447154471545,4.0,0.03527680467290474
24886,2020-12-31,Schuyler,8,534,168,22938,0.047619047619047616,4.0,0.0367860176296106
24887,2021-01-01,Schuyler,23,557,216,23154,0.10648148148148148,4.0,0.03749528601129277
24888,2021-01-02,Schuyler,0,557,51,23205,0.0,4.0,0.035871909387916144
24889,2021-01-03,Schuyler,14,571,101,23306,0.13861386138613863,5.0,0.039179492893519456
24890,2021-01-04,Schuyler,2,573,63,23369,0.031746031746031744,4.0,0.030808768717324162
24891,2021-01-05,Schuyler,16,589,161,23530,0.09937888198757763,5.0,0.03346819652676776
24892,2021-01-06,Schuyler,15,604,307,23837,0.048859934853420196,5.0,0.03376423136240695
24893,2021-01-07,Schuyler,18,622,235,24072,0.07659574468085106,6.0,0.035833995438250055
24894,2021-01-08,Schuyler,13,635,241,24313,0.05394190871369295,5.0,0.03208116881197944
24895,2021-01-09,Schuyler,9,644,220,24533,0.04090909090909091,6.0,0.035003246734057365
24896,2021-01-10,Schuyler,6,650,75,24608,0.08,5.0,0.030816542349333176
24897,2021-01-11,Schuyler,7,657,67,24675,0.1044776119402985,6.0,0.036011655220352226
24898,2021-01-12,Schuyler,14,671,199,24874,0.07035175879396985,5.0,0.03393828927795168
24899,2021-01-13,Schuyler,3,674,230,25104,0.013043478260869565,5.0,0.03137997094991234
24900,2021-01-14,Schuyler,10,684,261,25365,0.038314176245210725,4.0,0.028645573204509462
24901,2021-01-15,Schuyler,15,699,245,25610,0.061224489795918366,4.0,0.02916575756752557
24902,2021-01-16,Schuyler,11,710,275,25885,0.04,4.0,0.0291008225025905
24903,2021-01-17,Schuyler,4,714,85,25970,0.047058823529411764,4.0,0.026747881326119913
24904,2021-01-18,Schuyler,2,716,65,26035,0.03076923076923077,4.0,0.02148299695675793
24905,2021-01-19,Schuyler,8,724,212,26247,0.03773584905660377,3.0,0.019153289118374637
24906,2021-01-20,Schuyler,6,730,246,26493,0.024390243902439025,4.0,0.019963772378486743
24907,2021-01-21,Schuyler,15,745,220,26713,0.06818181818181818,4.0,0.022097175373958704
24908,2021-01-22,Schuyler,6,751,258,26971,0.023255813953488372,3.0,0.019385127099499418
24909,2021-01-23,Schuyler,5,756,301,27272,0.016611295681063124,3.0,0.0177145053624325
24910,2021-01-24,Schuyler,4,760,80,27352,0.05,3.0,0.017924589396045944
24911,2021-01-25,Schuyler,7,767,73,27425,0.0958904109589041,3.0,0.022576102266736897
24912,2021-01-26,Schuyler,4,771,180,27605,0.022222222222222223,3.0,0.021467986064281075
24913,2021-01-27,Schuyler,8,779,214,27819,0.037383177570093455,3.0,0.022396052754827814
24914,2021-01-28,Schuyler,11,790,258,28077,0.04263565891472868,3.0,0.020571327092892853
24915,2021-01-29,Schuyler,8,798,222,28299,0.036036036036036036,3.0,0.021484200098789118
24916,2021-01-30,Schuyler,2,800,145,28444,0.013793103448275862,3.0,0.021282900653590026
24917,2021-01-31,Schuyler,3,803,99,28543,0.030303030303030304,3.0,0.01987597424666362
24918,2021-02-01,Schuyler,5,808,73,28616,0.0684931506849315,2.0,0.017919027084237003
24919,2021-02-02,Schuyler,3,811,113,28729,0.02654867256637168,2.0,0.01822805925167625
24920,2021-02-03,Schuyler,5,816,193,28922,0.025906735751295335,2.0,0.017408313407476384
24921,2021-02-04,Schuyler,3,819,131,29053,0.022900763358778626,2.0,0.01599867801062281
24922,2021-02-05,Schuyler,5,824,206,29259,0.024271844660194174,1.0,0.015158378626634106
24923,2021-02-06,Schuyler,4,828,139,29398,0.02877697841726619,2.0,0.016228655410133415
24924,2021-02-07,Schuyler,2,830,120,29518,0.016666666666666666,1.0,0.015254629436107439
24925,2021-02-08,Schuyler,0,830,46,29564,0.0,1.0,0.010362261530040903
24926,2021-02-09,Schuyler,0,830,112,29676,0.0,1.0,0.00846592777530007
24927,2021-02-10,Schuyler,7,837,242,29918,0.028925619834710745,1.0,0.008681562352686885
24928,2021-02-11,Schuyler,2,839,174,30092,0.011494252873563218,1.0,0.007866811603742929
24929,2021-02-12,Schuyler,2,841,168,30260,0.011904761904761904,1.0,0.00698344854978348
24930,2021-02-13,Schuyler,1,842,112,30372,0.008928571428571428,1.0,0.005565705193448139
24931,2021-02-14,Schuyler,2,844,66,30438,0.030303030303030304,1.0,0.006539731167474114
24932,2021-02-15,Schuyler,1,845,37,30475,0.02702702702702703,1.0,0.008470233097976045
24933,2021-02-16,Schuyler,1,846,97,30572,0.010309278350515464,1.0,0.009206610123012863
24934,2021-02-17,Schuyler,0,846,203,30775,0.0,0.0,0.007140494420533524
24935,2021-02-18,Schuyler,0,846,155,30930,0.0,0.0,0.006319476358136151
24936,2021-02-19,Schuyler,1,847,159,31089,0.006289308176100629,0.0,0.005918372520374632
24937,2021-02-20,Schuyler,3,850,150,31239,0.02,0.0,0.006709188846905245
24938,2021-02-21,Schuyler,0,850,39,31278,0.0,0.0,0.00454468668240308
24939,2021-02-22,Schuyler,1,851,64,31342,0.015625,0.0,0.0037302561804725782
24940,2021-02-23,Schuyler,1,852,105,31447,0.009523809523809525,0.0,0.0036741512642792964
24941,2021-02-24,Schuyler,5,857,124,31571,0.04032258064516129,0.0,0.0065543355960765316
24942,2021-02-25,Schuyler,2,859,179,31750,0.0111731843575419,0.0,0.00735242019304381
24943,2021-02-26,Schuyler,3,862,156,31906,0.019230769230769232,1.0,0.008276810268377281
24944,2021-02-27,Schuyler,2,864,138,32044,0.014492753623188406,1.0,0.007883435527176453
24945,2021-02-28,Schuyler,4,868,58,32102,0.06896551724137931,1.0,0.01280954390156069
24946,2021-03-01,Schuyler,0,868,51,32153,0.0,1.0,0.01169347247298926
24947,2021-03-02,Schuyler,1,869,97,32250,0.010309278350515464,1.0,0.011749577389182543
24948,2021-03-03,Schuyler,1,870,198,32448,0.005050505050505051,0.0,0.009230143418135666
24949,2021-03-04,Schuyler,1,871,194,32642,0.005154639175257732,0.0,0.0088002473336868
24950,2021-03-05,Schuyler,1,872,154,32796,0.006493506493506494,0.0,0.007890442852453747
24951,2021-03-06,Schuyler,1,873,149,32945,0.006711409395973154,0.0,0.0073346325505098
24952,2021-03-07,Schuyler,1,874,38,32983,0.02631578947368421,0.0,0.004288223424245864
24953,2021-03-08,Schuyler,1,875,36,33019,0.027777777777777776,0.0,0.006272350408372848
24954,2021-03-09,Schuyler,0,875,120,33139,0.0,0.0,0.005535973383336029
24955,2021-03-10,Schuyler,1,876,138,33277,0.007246376811594203,0.0,0.005692821366270968
24956,2021-03-11,Schuyler,3,879,169,33446,0.01775147928994083,0.0,0.006592595660176905
24957,2021-03-12,Schuyler,1,880,118,33564,0.00847457627118644,0.0,0.006734100644296901
24958,2021-03-13,Schuyler,4,884,148,33712,0.02702702702702703,0.0,0.008185216189372178
24959,2021-03-14,Schuyler,1,885,39,33751,0.02564102564102564,0.0,0.00813701877275371
24960,2021-03-15,Schuyler,0,885,41,33792,0.0,0.0,0.006152891788626725
24961,2021-03-16,Schuyler,4,889,154,33946,0.025974025974025976,1.0,0.00800817935820001
24962,2021-03-17,Schuyler,4,893,153,34099,0.026143790849673203,1.0,0.009357994646634223
24963,2021-03-18,Schuyler,6,899,161,34260,0.037267080745341616,1.0,0.010751966179162851
24964,2021-03-19,Schuyler,1,900,190,34450,0.005263157894736842,1.0,0.010522579152273592
24965,2021-03-20,Schuyler,4,904,156,34606,0.02564102564102564,1.0,0.010423579053273494
24966,2021-03-21,Schuyler,0,904,74,34680,0.0,1.0,0.008592077221771662
24967,2021-03-22,Schuyler,1,905,35,34715,0.02857142857142857,1.0,0.010632893548302274
24968,2021-03-23,Schuyler,0,905,150,34865,0.0,1.0,0.008777605978728991
24969,2021-03-24,Schuyler,1,906,174,35039,0.005747126436781609,0.0,0.007320701377808163
24970,2021-03-25,Schuyler,4,910,208,35247,0.019230769230769232,0.0,0.006032393412481565
24971,2021-03-26,Schuyler,7,917,175,35422,0.04,1.0,0.008513596420000361
24972,2021-03-27,Schuyler,4,921,161,35583,0.024844720496894408,1.0,0.008456717481133845
24973,2021-03-28,Schuyler,3,924,73,35656,0.0410958904109589,1.0,0.011392138224773767
24974,2021-03-29,Schuyler,3,927,58,35714,0.05172413793103448,1.0,0.01304590317903133
24975,2021-03-30,Schuyler,2,929,238,35952,0.008403361344537815,1.0,0.013646143275069744
24976,2021-03-31,Schuyler,5,934,194,36146,0.02577319587628866,2.0,0.015076576806463108
24977,2021-04-01,Schuyler,8,942,192,36338,0.041666666666666664,2.0,0.01667914090902721
24978,2021-04-02,Schuyler,6,948,250,36588,0.024,2.0,0.015536283766170066
24979,2021-04-03,Schuyler,1,949,139,36727,0.007194244604316547,2.0,0.01427553548812879
24980,2021-04-04,Schuyler,5,954,64,36791,0.078125,2.0,0.016920471887346012
24981,2021-04-05,Schuyler,3,957,54,36845,0.05555555555555555,2.0,0.0171941445748118
24982,2021-04-06,Schuyler,6,963,119,36964,0.05042016806722689,2.0,0.020195345055003883
24983,2021-04-07,Schuyler,3,966,149,37113,0.020134228187919462,2.0,0.01979256164869179
24984,2021-04-08,Schuyler,3,969,237,37350,0.012658227848101266,1.0,0.017720530304508552
24985,2021-04-09,Schuyler,3,972,201,37551,0.014925373134328358,1.0,0.017072342671246292
24986,2021-04-10,Schuyler,3,975,169,37720,0.01775147928994083,1.0,0.017826430863076597
24987,2021-04-11,Schuyler,0,975,43,37763,0.0,1.0,0.012246073720219455
24988,2021-04-12,Schuyler,2,977,72,37835,0.027777777777777776,1.0,0.010261946736092471
24989,2021-04-13,Schuyler,2,979,122,37957,0.01639344262295082,1.0,0.007831466347215607
24990,2021-04-14,Schuyler,4,983,171,38128,0.023391812865497075,1.0,0.00806415096704258
24991,2021-04-15,Schuyler,5,988,290,38418,0.017241379310344827,1.0,0.008391518928631405
24992,2021-04-16,Schuyler,0,988,167,38585,0.0,1.0,0.007325420847607951
24993,2021-04-17,Schuyler,2,990,193,38778,0.010362694300518135,1.0,0.006797650491220617
24994,2021-04-18,Schuyler,2,992,69,38847,0.028985507246376812,1.0,0.008868043865961819
24995,2021-04-19,Schuyler,1,993,40,38887,0.025,1.0,0.00866963116754912
24996,2021-04-20,Schuyler,0,993,171,39058,0.0,1.0,0.007498670980195489
24997,2021-04-21,Schuyler,4,997,194,39252,0.020618556701030927,1.0,0.0073005812541621935
24998,2021-04-22,Schuyler,0,997,199,39451,0.0,0.0,0.006069054160566134
24999,2021-04-23,Schuyler,4,1001,159,39610,0.025157232704402517,0.0,0.007865999353737742
25000,2021-04-24,Schuyler,4,1005,153,39763,0.026143790849673203,1.0,0.008993220535820245
25001,2021-04-25,Schuyler,1,1006,69,39832,0.014492753623188406,1.0,0.007958023848449647
25002,2021-04-26,Schuyler,0,1006,37,39869,0.0,0.0,0.00617230956273536
25003,2021-04-27,Schuyler,2,1008,219,40088,0.0091324200913242,1.0,0.0068246252835442315
25004,2021-04-28,Schuyler,5,1013,182,40270,0.027472527472527472,1.0,0.007314194624365415
25005,2021-04-29,Schuyler,1,1014,169,40439,0.005917159763313609,1.0,0.00773684889317353
25006,2021-04-30,Schuyler,3,1017,238,40677,0.012605042016806723,1.0,0.006840263844059544
25007,2021-05-01,Schuyler,2,1019,127,40804,0.015748031496062992,1.0,0.006097709604515957
25008,2021-05-02,Schuyler,1,1020,61,40865,0.01639344262295082,1.0,0.006233473104498987
25009,2021-05-03,Schuyler,2,1022,41,40906,0.04878048780487805,1.0,0.009717793661990276
25010,2021-05-04,Schuyler,1,1023,105,41011,0.009523809523809525,1.0,0.009745750050024942
25011,2021-05-05,Schuyler,3,1026,238,41249,0.012605042016806723,0.0,0.008683786803187746
25012,2021-05-06,Schuyler,0,1026,118,41367,0.0,0.0,0.008261132534379632
25013,2021-05-07,Schuyler,0,1026,205,41572,0.0,0.0,0.007360772390322008
25014,2021-05-08,Schuyler,0,1026,139,41711,0.0,0.0,0.006235912997746081
25015,2021-05-09,Schuyler,0,1026,35,41746,0.0,0.0,0.00506495281039245
25016,2021-05-10,Schuyler,0,1026,65,41811,0.0,0.0,0.0015806322529011605
25017,2021-05-11,Schuyler,2,1028,94,41905,0.02127659574468085,0.0,0.002420116982963398
25018,2021-05-12,Schuyler,0,1028,145,42050,0.0,0.0,0.001519756838905775
25019,2021-05-13,Schuyler,0,1028,137,42187,0.0,0.0,0.001519756838905775
25020,2021-05-14,Schuyler,2,1030,118,42305,0.01694915254237288,0.0,0.0027304105919324093
25021,2021-05-15,Schuyler,3,1033,122,42427,0.02459016393442623,0.0,0.0044868508729628545
25022,2021-05-16,Schuyler,0,1033,53,42480,0.0,0.0,0.0044868508729628545
25023,2021-05-17,Schuyler,0,1033,32,42512,0.0,0.0,0.0044868508729628545
25024,2021-05-18,Schuyler,2,1035,129,42641,0.015503875968992248,0.0,0.004074513746127954
25025,2021-05-19,Schuyler,0,1035,120,42761,0.0,0.0,0.004074513746127954
25026,2021-05-20,Schuyler,4,1039,139,42900,0.02877697841726619,0.0,0.0061300122045041105
25027,2021-05-21,Schuyler,3,1042,120,43020,0.025,0.0,0.006705072737191763
25028,2021-05-22,Schuyler,3,1045,89,43109,0.033707865168539325,0.0,0.007356337111056983
25029,2021-05-23,Schuyler,2,1047,35,43144,0.05714285714285714,1.0,0.011437969764118207
25030,2021-05-24,Schuyler,1,1048,32,43176,0.03125,1.0,0.013670112621261065
25031,2021-05-25,Schuyler,1,1049,91,43267,0.01098901098901099,1.0,0.013347622265548118
25032,2021-05-26,Schuyler,2,1051,141,43408,0.014184397163120567,1.0,0.014360793491485299
25033,2021-05-27,Schuyler,1,1052,115,43523,0.008695652173913044,0.0,0.012926413045531505
25034,2021-05-28,Schuyler,1,1053,95,43618,0.010526315789473684,0.0,0.01189257845906534
25035,2021-05-29,Schuyler,0,1053,68,43686,0.0,0.0,0.009484873804169675
25036,2021-05-30,Schuyler,3,1056,22,43708,0.13636363636363635,0.0,0.015143500891368188
25037,2021-05-31,Schuyler,0,1056,23,43731,0.0,0.0,0.01291135803422533
25038,2021-06-01,Schuyler,0,1056,47,43778,0.0,0.0,0.012126428677867404
25039,2021-06-02,Schuyler,0,1056,84,43862,0.0,0.0,0.01111325745193022
25040,2021-06-03,Schuyler,4,1060,152,44014,0.02631578947368421,0.0,0.01237183868762816
25041,2021-06-04,Schuyler,1,1061,112,44126,0.008928571428571428,0.0,0.012257714090420856
25042,2021-06-05,Schuyler,3,1064,94,44220,0.031914893617021274,0.0,0.014537349348779519
25043,2021-06-06,Schuyler,2,1066,34,44254,0.058823529411764705,0.0,0.008998770280788687
25044,2021-06-07,Schuyler,0,1066,25,44279,0.0,0.0,0.008998770280788687
25045,2021-06-08,Schuyler,3,1069,79,44358,0.0379746835443038,0.0,0.011711247676810385
25046,2021-06-09,Schuyler,1,1070,140,44498,0.007142857142857143,1.0,0.012221451758443039
25047,2021-06-10,Schuyler,0,1070,99,44597,0.0,0.0,0.010341752510322738
25048,2021-06-11,Schuyler,1,1071,93,44690,0.010752688172043012,0.0,0.010472046563427853
25049,2021-06-12,Schuyler,1,1072,64,44754,0.015625,0.0,0.009308482733640619
25050,2021-06-13,Schuyler,2,1074,24,44778,0.08333333333333333,0.0,0.011059183013752664
25051,2021-06-14,Schuyler,1,1075,30,44808,0.03333333333333333,0.0,0.013440135394705044
25052,2021-06-15,Schuyler,5,1080,78,44886,0.0641025641025641,0.0,0.01530641257743792
25053,2021-06-16,Schuyler,0,1080,66,44952,0.0,0.0,0.014796208495805267
25054,2021-06-17,Schuyler,0,1080,53,45005,0.0,0.0,0.014796208495805267
25055,2021-06-18,Schuyler,0,1080,87,45092,0.0,0.0,0.014028159340659338
25056,2021-06-19,Schuyler,0,1080,47,45139,0.0,0.0,0.01291208791208791
25057,2021-06-20,Schuyler,0,1080,17,45156,0.0,0.0,0.006959706959706958
25058,2021-06-21,Schuyler,1,1081,23,45179,0.043478260869565216,0.0,0.007684344640866379
25059,2021-06-22,Schuyler,0,1081,59,45238,0.0,0.0,0.003105590062111801
25060,2021-06-23,Schuyler,0,1081,79,45317,0.0,0.0,0.003105590062111801
25061,2021-06-24,Schuyler,0,1081,57,45374,0.0,0.0,0.003105590062111801
25062,2021-06-25,Schuyler,0,1081,53,45427,0.0,0.0,0.003105590062111801
25063,2021-06-26,Schuyler,1,1082,60,45487,0.016666666666666666,0.0,0.004296066252587992
25064,2021-06-27,Schuyler,0,1082,57,45544,0.0,0.0,0.004296066252587992
25065,2021-06-28,Schuyler,0,1082,20,45564,0.0,0.0,0.0011904761904761904
25066,2021-06-29,Schuyler,0,1082,55,45619,0.0,0.0,0.0011904761904761904
25067,2021-06-30,Schuyler,0,1082,60,45679,0.0,0.0,0.0011904761904761904
25068,2021-07-01,Schuyler,0,1082,53,45732,0.0,0.0,0.0011904761904761904
25069,2021-07-02,Schuyler,0,1082,90,45822,0.0,0.0,0.0011904761904761904
25070,2021-07-03,Schuyler,0,1082,48,45870,0.0,0.0,0.0
25071,2021-07-04,Schuyler,0,1082,18,45888,0.0,0.0,0.0
25072,2021-07-05,Schuyler,0,1082,13,45901,0.0,0.0,0.0
25073,2021-07-06,Schuyler,0,1082,13,45914,0.0,0.0,0.0
25074,2021-07-07,Schuyler,0,1082,76,45990,0.0,0.0,0.0
25075,2021-07-08,Schuyler,0,1082,45,46035,0.0,0.0,0.0
25076,2021-07-09,Schuyler,0,1082,65,46100,0.0,0.0,0.0
25077,2021-07-10,Schuyler,0,1082,32,46132,0.0,0.0,0.0
25078,2021-07-11,Schuyler,0,1082,28,46160,0.0,0.0,0.0
25079,2021-07-12,Schuyler,0,1082,29,46189,0.0,0.0,0.0
25080,2021-07-13,Schuyler,0,1082,66,46255,0.0,0.0,0.0
25081,2021-07-14,Schuyler,0,1082,49,46304,0.0,0.0,0.0
25082,2021-07-15,Schuyler,0,1082,25,46329,0.0,0.0,0.0
25083,2021-07-16,Schuyler,0,1082,28,46357,0.0,0.0,0.0
25084,2021-07-17,Schuyler,0,1082,31,46388,0.0,0.0,0.0
25085,2021-07-18,Schuyler,0,1082,14,46402,0.0,0.0,0.0
25086,2021-07-19,Schuyler,1,1083,32,46434,0.03125,0.0,0.002232142857142857
25087,2021-07-20,Schuyler,0,1083,39,46473,0.0,0.0,0.002232142857142857
25088,2021-07-21,Schuyler,1,1084,53,46526,0.018867924528301886,0.0,0.003579851752021563
25089,2021-07-22,Schuyler,2,1086,50,46576,0.04,0.0,0.006436994609164421
25090,2021-07-23,Schuyler,0,1086,33,46609,0.0,0.0,0.006436994609164421
25091,2021-07-24,Schuyler,2,1088,48,46657,0.041666666666666664,0.0,0.009413185085354896
25092,2021-07-25,Schuyler,0,1088,13,46670,0.0,0.0,0.009413185085354896
25093,2021-07-26,Schuyler,0,1088,23,46693,0.0,0.0,0.007181042228212039
25094,2021-07-27,Schuyler,1,1089,70,46763,0.014285714285714285,0.0,0.008201450391477346
25095,2021-07-28,Schuyler,0,1089,52,46815,0.0,0.0,0.00685374149659864
25096,2021-07-29,Schuyler,1,1090,50,46865,0.02,0.0,0.005425170068027211
25097,2021-07-30,Schuyler,0,1090,48,46913,0.0,0.0,0.005425170068027211
25098,2021-07-31,Schuyler,0,1090,39,46952,0.0,0.0,0.002448979591836735
25099,2021-08-01,Schuyler,0,1090,14,46966,0.0,0.0,0.002448979591836735
25100,2021-08-02,Schuyler,0,1090,21,46987,0.0,0.0,0.002448979591836735
25101,2021-08-03,Schuyler,0,1090,97,47084,0.0,0.0,0.0014285714285714286
25102,2021-08-04,Schuyler,0,1090,53,47137,0.0,0.0,0.0014285714285714286
25103,2021-08-05,Schuyler,1,1091,38,47175,0.02631578947368421,0.0,0.0018796992481203006
25104,2020-03-01,Seneca,0,0,0,0,,,
25105,2020-03-02,Seneca,0,0,0,0,,,
25106,2020-03-03,Seneca,0,0,0,0,,,
25107,2020-03-04,Seneca,0,0,0,0,,,
25108,2020-03-05,Seneca,0,0,0,0,,,
25109,2020-03-06,Seneca,0,0,0,0,,,
25110,2020-03-07,Seneca,0,0,0,0,,0.0,
25111,2020-03-08,Seneca,0,0,0,0,,0.0,
25112,2020-03-09,Seneca,0,0,0,0,,0.0,
25113,2020-03-10,Seneca,0,0,0,0,,0.0,
25114,2020-03-11,Seneca,0,0,0,0,,0.0,
25115,2020-03-12,Seneca,0,0,0,0,,0.0,
25116,2020-03-13,Seneca,0,0,0,0,,0.0,
25117,2020-03-14,Seneca,0,0,0,0,,0.0,
25118,2020-03-15,Seneca,0,0,1,1,0.0,0.0,
25119,2020-03-16,Seneca,0,0,1,2,0.0,0.0,
25120,2020-03-17,Seneca,0,0,1,3,0.0,0.0,
25121,2020-03-18,Seneca,0,0,2,5,0.0,0.0,
25122,2020-03-19,Seneca,0,0,2,7,0.0,0.0,
25123,2020-03-20,Seneca,0,0,6,13,0.0,0.0,
25124,2020-03-21,Seneca,0,0,3,16,0.0,0.0,0.0
25125,2020-03-22,Seneca,0,0,4,20,0.0,0.0,0.0
25126,2020-03-23,Seneca,0,0,11,31,0.0,0.0,0.0
25127,2020-03-24,Seneca,0,0,0,31,,0.0,
25128,2020-03-25,Seneca,0,0,6,37,0.0,0.0,
25129,2020-03-26,Seneca,0,0,11,48,0.0,0.0,
25130,2020-03-27,Seneca,0,0,16,64,0.0,0.0,
25131,2020-03-28,Seneca,0,0,4,68,0.0,0.0,
25132,2020-03-29,Seneca,0,0,5,73,0.0,0.0,
25133,2020-03-30,Seneca,2,2,7,80,0.2857142857142857,0.0,
25134,2020-03-31,Seneca,0,2,1,81,0.0,0.0,0.02040816326530612
25135,2020-04-01,Seneca,2,4,14,95,0.14285714285714285,0.0,0.030612244897959183
25136,2020-04-02,Seneca,2,6,13,108,0.15384615384615385,0.0,0.04160125588697017
25137,2020-04-03,Seneca,0,6,7,115,0.0,0.0,0.04160125588697017
25138,2020-04-04,Seneca,3,9,15,130,0.2,0.0,0.05588697017268446
25139,2020-04-05,Seneca,0,9,11,141,0.0,0.0,0.05588697017268446
25140,2020-04-06,Seneca,1,10,8,149,0.125,0.0,0.044407378335949765
25141,2020-04-07,Seneca,2,12,14,163,0.14285714285714285,0.0,0.054611459968602824
25142,2020-04-08,Seneca,3,15,20,183,0.15,0.0,0.05512166405023548
25143,2020-04-09,Seneca,0,15,8,191,0.0,0.0,0.04413265306122449
25144,2020-04-10,Seneca,1,16,5,196,0.2,0.0,0.058418367346938775
25145,2020-04-11,Seneca,0,16,3,199,0.0,0.0,0.04413265306122449
25146,2020-04-12,Seneca,0,16,1,200,0.0,0.0,0.04413265306122449
25147,2020-04-13,Seneca,2,18,33,233,0.06060606060606061,0.0,0.03953308596165739
25148,2020-04-14,Seneca,0,18,1,234,0.0,0.0,0.029329004329004333
25149,2020-04-15,Seneca,0,18,2,236,0.0,0.0,0.018614718614718615
25150,2020-04-16,Seneca,0,18,3,239,0.0,0.0,0.018614718614718615
25151,2020-04-17,Seneca,0,18,2,241,0.0,0.0,0.004329004329004329
25152,2020-04-18,Seneca,0,18,5,246,0.0,0.0,0.004329004329004329
25153,2020-04-19,Seneca,0,18,2,248,0.0,0.0,0.004329004329004329
25154,2020-04-20,Seneca,0,18,0,248,,0.0,
25155,2020-04-21,Seneca,0,18,3,251,0.0,0.0,
25156,2020-04-22,Seneca,0,18,15,266,0.0,0.0,
25157,2020-04-23,Seneca,0,18,5,271,0.0,0.0,
25158,2020-04-24,Seneca,18,36,135,406,0.13333333333333333,1.0,
25159,2020-04-25,Seneca,2,38,11,417,0.18181818181818182,1.0,
25160,2020-04-26,Seneca,0,38,12,429,0.0,1.0,
25161,2020-04-27,Seneca,0,38,9,438,0.0,1.0,0.022510822510822513
25162,2020-04-28,Seneca,0,38,13,451,0.0,1.0,0.022510822510822513
25163,2020-04-29,Seneca,1,39,24,475,0.041666666666666664,1.0,0.025487012987012985
25164,2020-04-30,Seneca,2,41,22,497,0.09090909090909091,1.0,0.031980519480519484
25165,2020-05-01,Seneca,1,42,26,523,0.038461538461538464,0.0,0.025203962703962707
25166,2020-05-02,Seneca,3,45,51,574,0.058823529411764705,0.0,0.016418630389218626
25167,2020-05-03,Seneca,0,45,19,593,0.0,0.0,0.016418630389218626
25168,2020-05-04,Seneca,1,46,26,619,0.038461538461538464,0.0,0.019165883136471374
25169,2020-05-05,Seneca,0,46,20,639,0.0,0.0,0.019165883136471374
25170,2020-05-06,Seneca,0,46,24,663,0.0,0.0,0.016189692660280898
25171,2020-05-07,Seneca,0,46,19,682,0.0,0.0,0.009696186166774404
25172,2020-05-08,Seneca,2,48,46,728,0.043478260869565216,0.0,0.010054523481633456
25173,2020-05-09,Seneca,1,49,42,770,0.023809523809523808,0.0,0.007553523081473392
25174,2020-05-10,Seneca,0,49,41,811,0.0,0.0,0.007553523081473392
25175,2020-05-11,Seneca,0,49,25,836,0.0,0.0,0.004806270334220645
25176,2020-05-12,Seneca,0,49,49,885,0.0,0.0,0.004806270334220645
25177,2020-05-13,Seneca,0,49,40,925,0.0,0.0,0.004806270334220645
25178,2020-05-14,Seneca,0,49,30,955,0.0,0.0,0.004806270334220645
25179,2020-05-15,Seneca,1,50,29,984,0.034482758620689655,0.0,0.0041637344593009615
25180,2020-05-16,Seneca,1,51,48,1032,0.020833333333333332,0.0,0.003951149425287356
25181,2020-05-17,Seneca,0,51,122,1154,0.0,0.0,0.003951149425287356
25182,2020-05-18,Seneca,0,51,65,1219,0.0,0.0,0.003951149425287356
25183,2020-05-19,Seneca,1,52,50,1269,0.02,0.0,0.005379720853858785
25184,2020-05-20,Seneca,0,52,79,1348,0.0,0.0,0.005379720853858785
25185,2020-05-21,Seneca,2,54,54,1402,0.037037037037037035,0.0,0.00802522349936143
25186,2020-05-22,Seneca,0,54,51,1453,0.0,0.0,0.005562169312169312
25187,2020-05-23,Seneca,1,55,103,1556,0.009708737864077669,0.0,0.004767555350079622
25188,2020-05-24,Seneca,0,55,56,1612,0.0,0.0,0.004767555350079622
25189,2020-05-25,Seneca,0,55,86,1698,0.0,0.0,0.004767555350079622
25190,2020-05-26,Seneca,0,55,50,1748,0.0,0.0,0.003338983921508193
25191,2020-05-27,Seneca,1,56,77,1825,0.012987012987012988,0.0,0.004266627706294835
25192,2020-05-28,Seneca,1,57,140,1965,0.007142857142857143,0.0,0.0021313291424248427
25193,2020-05-29,Seneca,1,58,68,2033,0.014705882352941176,0.0,0.0031817493104920693
25194,2020-05-30,Seneca,0,58,138,2171,0.0,0.0,0.002488268034486522
25195,2020-05-31,Seneca,1,59,81,2252,0.012345679012345678,0.0,0.0033701022496540702
25196,2020-06-01,Seneca,0,59,60,2312,0.0,0.0,0.0033701022496540702
25197,2020-06-02,Seneca,1,60,157,2469,0.006369426751592357,0.0,0.0038250613033392394
25198,2020-06-03,Seneca,0,60,106,2575,0.0,0.0,0.002897417518552597
25199,2020-06-04,Seneca,1,61,141,2716,0.0070921985815602835,0.0,0.0028937990498885354
25200,2020-06-05,Seneca,0,61,165,2881,0.0,0.0,0.0018433788818213086
25201,2020-06-06,Seneca,0,61,162,3043,0.0,0.0,0.0018433788818213086
25202,2020-06-07,Seneca,0,61,118,3161,0.0,0.0,0.00096154466665376
25203,2020-06-08,Seneca,0,61,91,3252,0.0,0.0,0.00096154466665376
25204,2020-06-09,Seneca,0,61,98,3350,0.0,0.0,0.0005065856129685917
25205,2020-06-10,Seneca,1,62,198,3548,0.005050505050505051,0.0,0.0008673359737189525
25206,2020-06-11,Seneca,1,63,198,3746,0.005050505050505051,0.0,0.0007215007215007216
25207,2020-06-12,Seneca,0,63,86,3832,0.0,0.0,0.0007215007215007216
25208,2020-06-13,Seneca,0,63,127,3959,0.0,0.0,0.0007215007215007216
25209,2020-06-14,Seneca,1,64,103,4062,0.009708737864077669,0.0,0.0014149819975062695
25210,2020-06-15,Seneca,0,64,105,4167,0.0,0.0,0.0014149819975062695
25211,2020-06-16,Seneca,0,64,81,4248,0.0,0.0,0.0014149819975062695
25212,2020-06-17,Seneca,0,64,34,4282,0.0,0.0,0.0010542316367559087
25213,2020-06-18,Seneca,0,64,80,4362,0.0,0.0,0.0006934812760055478
25214,2020-06-19,Seneca,0,64,80,4442,0.0,0.0,0.0006934812760055478
25215,2020-06-20,Seneca,0,64,123,4565,0.0,0.0,0.0006934812760055478
25216,2020-06-21,Seneca,0,64,80,4645,0.0,0.0,0.0
25217,2020-06-22,Seneca,0,64,78,4723,0.0,0.0,0.0
25218,2020-06-23,Seneca,0,64,62,4785,0.0,0.0,0.0
25219,2020-06-24,Seneca,2,66,61,4846,0.03278688524590164,0.0,0.00234192037470726
25220,2020-06-25,Seneca,3,69,89,4935,0.033707865168539325,0.0,0.004749625029602926
25221,2020-06-26,Seneca,0,69,82,5017,0.0,0.0,0.004749625029602926
25222,2020-06-27,Seneca,0,69,93,5110,0.0,0.0,0.004749625029602926
25223,2020-06-28,Seneca,0,69,118,5228,0.0,0.0,0.004749625029602926
25224,2020-06-29,Seneca,0,69,60,5288,0.0,0.0,0.004749625029602926
25225,2020-06-30,Seneca,1,70,109,5397,0.009174311926605505,0.0,0.005404933024360463
25226,2020-07-01,Seneca,0,70,44,5441,0.0,0.0,0.0030630126496532023
25227,2020-07-02,Seneca,0,70,47,5488,0.0,0.0,0.000655307994757536
25228,2020-07-03,Seneca,0,70,98,5586,0.0,0.0,0.000655307994757536
25229,2020-07-04,Seneca,1,71,42,5628,0.023809523809523808,0.0,0.0023559882668663795
25230,2020-07-05,Seneca,0,71,60,5688,0.0,0.0,0.0023559882668663795
25231,2020-07-06,Seneca,0,71,82,5770,0.0,0.0,0.0023559882668663795
25232,2020-07-07,Seneca,0,71,105,5875,0.0,0.0,0.0017006802721088435
25233,2020-07-08,Seneca,2,73,115,5990,0.017391304347826087,0.0,0.0029429162969535636
25234,2020-07-09,Seneca,0,73,85,6075,0.0,0.0,0.0029429162969535636
25235,2020-07-10,Seneca,1,74,176,6251,0.005681818181818182,0.0,0.0033487604527977196
25236,2020-07-11,Seneca,0,74,110,6361,0.0,0.0,0.0016480801806888763
25237,2020-07-12,Seneca,0,74,84,6445,0.0,0.0,0.0016480801806888763
25238,2020-07-13,Seneca,0,74,104,6549,0.0,0.0,0.0016480801806888763
25239,2020-07-14,Seneca,2,76,139,6688,0.014388489208633094,0.0,0.0026758294098769542
25240,2020-07-15,Seneca,0,76,116,6804,0.0,0.0,0.0014335933850322341
25241,2020-07-16,Seneca,1,77,109,6913,0.009174311926605505,0.0,0.00208890137978977
25242,2020-07-17,Seneca,1,78,108,7021,0.009259259259259259,0.0,0.0023444328853212755
25243,2020-07-18,Seneca,2,80,89,7110,0.02247191011235955,0.0,0.003949569321918386
25244,2020-07-19,Seneca,0,80,79,7189,0.0,0.0,0.003949569321918386
25245,2020-07-20,Seneca,0,80,79,7268,0.0,0.0,0.003949569321918386
25246,2020-07-21,Seneca,0,80,70,7338,0.0,0.0,0.002921820092730308
25247,2020-07-22,Seneca,0,80,145,7483,0.0,0.0,0.002921820092730308
25248,2020-07-23,Seneca,3,83,145,7628,0.020689655172413793,0.0,0.003744344610288043
25249,2020-07-24,Seneca,0,83,173,7801,0.0,0.0,0.0030829689489123816
25250,2020-07-25,Seneca,0,83,145,7946,0.0,0.0,0.0014778325123152708
25251,2020-07-26,Seneca,0,83,48,7994,0.0,0.0,0.0014778325123152708
25252,2020-07-27,Seneca,1,84,36,8030,0.027777777777777776,0.0,0.003461959496442255
25253,2020-07-28,Seneca,0,84,68,8098,0.0,0.0,0.003461959496442255
25254,2020-07-29,Seneca,0,84,102,8200,0.0,0.0,0.003461959496442255
25255,2020-07-30,Seneca,0,84,137,8337,0.0,0.0,0.001984126984126984
25256,2020-07-31,Seneca,1,85,124,8461,0.008064516129032258,0.0,0.002560163850486431
25257,2020-08-01,Seneca,1,86,77,8538,0.012987012987012988,0.0,0.0034878076352730727
25258,2020-08-02,Seneca,0,86,43,8581,0.0,0.0,0.0034878076352730727
25259,2020-08-03,Seneca,0,86,101,8682,0.0,0.0,0.001503680651146089
25260,2020-08-04,Seneca,0,86,55,8737,0.0,0.0,0.001503680651146089
25261,2020-08-05,Seneca,0,86,135,8872,0.0,0.0,0.001503680651146089
25262,2020-08-06,Seneca,1,87,136,9008,0.007352941176470588,0.0,0.0020288907351797025
25263,2020-08-07,Seneca,2,89,106,9114,0.018867924528301886,0.0,0.0028005627636989616
25264,2020-08-08,Seneca,0,89,98,9212,0.0,0.0,0.0018729189789123194
25265,2020-08-09,Seneca,1,90,38,9250,0.02631578947368421,0.0,0.0037526182270326202
25266,2020-08-10,Seneca,1,91,93,9343,0.010752688172043012,0.0,0.00452066738217855
25267,2020-08-11,Seneca,0,91,89,9432,0.0,0.0,0.00452066738217855
25268,2020-08-12,Seneca,1,92,100,9532,0.01,0.0,0.005234953096464263
25269,2020-08-13,Seneca,1,93,133,9665,0.007518796992481203,0.0,0.005246799940465022
25270,2020-08-14,Seneca,0,93,83,9748,0.0,0.0,0.003899091045586316
25271,2020-08-15,Seneca,0,93,133,9881,0.0,0.0,0.003899091045586316
25272,2020-08-16,Seneca,1,94,85,9966,0.011764705882352941,0.0,0.002859727931919797
25273,2020-08-17,Seneca,1,95,67,10033,0.014925373134328358,0.0,0.0031577768577973216
25274,2020-08-18,Seneca,0,95,66,10099,0.0,0.0,0.0031577768577973216
25275,2020-08-19,Seneca,0,95,107,10206,0.0,0.0,0.0024434911435116074
25276,2020-08-20,Seneca,0,95,131,10337,0.0,0.0,0.0019064342154772357
25277,2020-08-21,Seneca,0,95,143,10480,0.0,0.0,0.0019064342154772357
25278,2020-08-22,Seneca,0,95,69,10549,0.0,0.0,0.0019064342154772357
25279,2020-08-23,Seneca,0,95,84,10633,0.0,0.0,0.0010660980810234541
25280,2020-08-24,Seneca,1,96,100,10733,0.01,0.0,0.0007142857142857143
25281,2020-08-25,Seneca,2,98,59,10792,0.03389830508474576,0.0,0.003135593220338983
25282,2020-08-26,Seneca,0,98,97,10889,0.0,0.0,0.003135593220338983
25283,2020-08-27,Seneca,0,98,167,11056,0.0,0.0,0.003135593220338983
25284,2020-08-28,Seneca,0,98,137,11193,0.0,0.0,0.003135593220338983
25285,2020-08-29,Seneca,2,100,111,11304,0.018018018018018018,0.0,0.004422594507340271
25286,2020-08-30,Seneca,0,100,61,11365,0.0,0.0,0.004422594507340271
25287,2020-08-31,Seneca,0,100,48,11413,0.0,0.0,0.003708308793054556
25288,2020-09-01,Seneca,0,100,61,11474,0.0,0.0,0.001287001287001287
25289,2020-09-02,Seneca,1,101,80,11554,0.0125,0.0,0.00217985842985843
25290,2020-09-03,Seneca,1,102,122,11676,0.00819672131147541,0.0,0.002765338523535245
25291,2020-09-04,Seneca,0,102,121,11797,0.0,0.0,0.002765338523535245
25292,2020-09-05,Seneca,0,102,175,11972,0.0,0.0,0.0014783372365339577
25293,2020-09-06,Seneca,0,102,30,12002,0.0,0.0,0.0014783372365339577
25294,2020-09-07,Seneca,0,102,38,12040,0.0,0.0,0.0014783372365339577
25295,2020-09-08,Seneca,0,102,76,12116,0.0,0.0,0.0014783372365339577
25296,2020-09-09,Seneca,1,103,72,12188,0.013888888888888888,0.0,0.0015775435857403072
25297,2020-09-10,Seneca,0,103,79,12267,0.0,0.0,0.000992063492063492
25298,2020-09-11,Seneca,1,104,196,12463,0.00510204081632653,0.0,0.0013564949789439584
25299,2020-09-12,Seneca,0,104,79,12542,0.0,0.0,0.0013564949789439584
25300,2020-09-13,Seneca,0,104,104,12646,0.0,0.0,0.0013564949789439584
25301,2020-09-14,Seneca,0,104,89,12735,0.0,0.0,0.0013564949789439584
25302,2020-09-15,Seneca,0,104,128,12863,0.0,0.0,0.0013564949789439584
25303,2020-09-16,Seneca,0,104,104,12967,0.0,0.0,0.00036443148688046647
25304,2020-09-17,Seneca,1,105,152,13119,0.006578947368421052,0.0,0.0008343562989105416
25305,2020-09-18,Seneca,0,105,204,13323,0.0,0.0,0.00046992481203007516
25306,2020-09-19,Seneca,0,105,97,13420,0.0,0.0,0.00046992481203007516
25307,2020-09-20,Seneca,0,105,64,13484,0.0,0.0,0.00046992481203007516
25308,2020-09-21,Seneca,0,105,129,13613,0.0,0.0,0.00046992481203007516
25309,2020-09-22,Seneca,0,105,88,13701,0.0,0.0,0.00046992481203007516
25310,2020-09-23,Seneca,0,105,134,13835,0.0,0.0,0.00046992481203007516
25311,2020-09-24,Seneca,1,106,203,14038,0.0049261083743842365,0.0,0.0003518648838845883
25312,2020-09-25,Seneca,0,106,168,14206,0.0,0.0,0.0003518648838845883
25313,2020-09-26,Seneca,0,106,84,14290,0.0,0.0,0.0003518648838845883
25314,2020-09-27,Seneca,0,106,122,14412,0.0,0.0,0.0003518648838845883
25315,2020-09-28,Seneca,1,107,41,14453,0.024390243902439025,0.0,0.002094025162630233
25316,2020-09-29,Seneca,0,107,148,14601,0.0,0.0,0.002094025162630233
25317,2020-09-30,Seneca,1,108,151,14752,0.006622516556291391,0.0,0.0025670620595081893
25318,2020-10-01,Seneca,2,110,128,14880,0.015625,0.0,0.0033312686041950296
25319,2020-10-02,Seneca,0,110,206,15086,0.0,0.0,0.0033312686041950296
25320,2020-10-03,Seneca,0,110,99,15185,0.0,0.0,0.0033312686041950296
25321,2020-10-04,Seneca,1,111,99,15284,0.010101010101010102,0.0,0.004052769325695751
25322,2020-10-05,Seneca,1,112,126,15410,0.007936507936507936,0.0,0.002877502470986388
25323,2020-10-06,Seneca,0,112,119,15529,0.0,0.0,0.002877502470986388
25324,2020-10-07,Seneca,2,114,110,15639,0.01818181818181818,0.0,0.0037031668728097302
25325,2020-10-08,Seneca,0,114,109,15748,0.0,0.0,0.0025870954442383013
25326,2020-10-09,Seneca,1,115,188,15936,0.005319148936170213,0.0,0.002967034653964745
25327,2020-10-10,Seneca,4,119,151,16087,0.026490066225165563,0.0,0.004859182241476571
25328,2020-10-11,Seneca,1,120,93,16180,0.010752688172043012,0.0,0.004905730675121779
25329,2020-10-12,Seneca,0,120,97,16277,0.0,0.0,0.004338837251085498
25330,2020-10-13,Seneca,2,122,87,16364,0.022988505747126436,0.0,0.005980873375880243
25331,2020-10-14,Seneca,2,124,260,16624,0.007692307692307693,0.0,0.005231622626629494
25332,2020-10-15,Seneca,1,125,150,16774,0.006666666666666667,0.0,0.0057078131028199695
25333,2020-10-16,Seneca,1,126,237,17011,0.004219409282700422,0.0,0.005629260270429271
25334,2020-10-17,Seneca,1,127,117,17128,0.008547008547008548,0.0,0.004347613293418056
25335,2020-10-18,Seneca,1,128,137,17265,0.0072992700729927005,0.0,0.00410094057205732
25336,2020-10-19,Seneca,0,128,129,17394,0.0,0.0,0.00410094057205732
25337,2020-10-20,Seneca,3,131,133,17527,0.022556390977443608,0.0,0.004070075231365688
25338,2020-10-21,Seneca,4,135,299,17826,0.013377926421404682,0.0,0.004476190854872615
25339,2020-10-22,Seneca,4,139,170,17996,0.023529411764705882,1.0,0.005680672647589703
25340,2020-10-23,Seneca,1,140,329,18325,0.00303951367781155,1.0,0.00559639439009764
25341,2020-10-24,Seneca,0,140,324,18649,0.0,0.0,0.00498589377959703
25342,2020-10-25,Seneca,0,140,86,18735,0.0,0.0,0.004464517345811837
25343,2020-10-26,Seneca,2,142,562,19297,0.0035587188612099642,1.0,0.004718711550183978
25344,2020-10-27,Seneca,1,143,205,19502,0.004878048780487805,0.0,0.0034559728218299915
25345,2020-10-28,Seneca,4,147,267,19769,0.0149812734082397,0.0,0.0035704976066039218
25346,2020-10-29,Seneca,1,148,359,20128,0.002785515320334262,0.0,0.0020887907177202345
25347,2020-10-30,Seneca,0,148,251,20379,0.0,0.0,0.0018716825978765522
25348,2020-10-31,Seneca,1,149,128,20507,0.0078125,0.0,0.0024297183121622665
25349,2020-11-01,Seneca,3,152,98,20605,0.030612244897959183,0.0,0.0046163072334450645
25350,2020-11-02,Seneca,2,154,162,20767,0.012345679012345678,0.0,0.005243947244240474
25351,2020-11-03,Seneca,1,155,97,20864,0.010309278350515464,0.0,0.0056318922135281625
25352,2020-11-04,Seneca,8,163,250,21114,0.032,1.0,0.006847515541511042
25353,2020-11-05,Seneca,4,167,113,21227,0.035398230088495575,1.0,0.009176995167808278
25354,2020-11-06,Seneca,4,171,220,21447,0.01818181818181818,1.0,0.010475696466509577
25355,2020-11-07,Seneca,5,176,155,21602,0.03225806451612903,1.0,0.012221808217661652
25356,2020-11-08,Seneca,6,182,128,21730,0.046875,2.0,0.013383433582093138
25357,2020-11-09,Seneca,6,188,181,21911,0.03314917127071823,2.0,0.014869397314834035
25358,2020-11-10,Seneca,2,190,93,22004,0.021505376344086023,2.0,0.015669118600089075
25359,2020-11-11,Seneca,9,199,310,22314,0.02903225806451613,2.0,0.015457137033268798
25360,2020-11-12,Seneca,3,202,107,22421,0.028037383177570093,2.0,0.014931362253916978
25361,2020-11-13,Seneca,3,205,300,22721,0.01,2.0,0.014346946669501395
25362,2020-11-14,Seneca,4,209,223,22944,0.017937219730941704,2.0,0.013324029184845156
25363,2020-11-15,Seneca,5,214,80,23024,0.0625,2.0,0.014440100613416584
25364,2020-11-16,Seneca,6,220,318,23342,0.018867924528301886,2.0,0.013420011560386844
25365,2020-11-17,Seneca,2,222,133,23475,0.015037593984962405,2.0,0.012958027106163728
25366,2020-11-18,Seneca,3,225,149,23624,0.020134228187919462,1.0,0.012322453543549683
25367,2020-11-19,Seneca,7,232,96,23720,0.07291666666666667,2.0,0.015528116649913725
25368,2020-11-20,Seneca,8,240,385,24105,0.02077922077922078,2.0,0.016298060991286636
25369,2020-11-21,Seneca,3,243,72,24177,0.041666666666666664,2.0,0.017993021486695564
25370,2020-11-22,Seneca,10,253,437,24614,0.02288329519450801,2.0,0.015163256857731849
25371,2020-11-23,Seneca,7,260,290,24904,0.02413793103448276,2.0,0.015539685893887626
25372,2020-11-24,Seneca,7,267,144,25048,0.04861111111111111,3.0,0.017937794260041107
25373,2020-11-25,Seneca,2,269,116,25164,0.017241379310344827,3.0,0.0177311621973572
25374,2020-11-26,Seneca,7,276,190,25354,0.03684210526315789,3.0,0.01515440781139229
25375,2020-11-27,Seneca,7,283,240,25594,0.029166666666666667,3.0,0.015753511089066995
25376,2020-11-28,Seneca,12,295,301,25895,0.03986710963455149,3.0,0.015624971301058768
25377,2020-11-29,Seneca,14,309,135,26030,0.1037037037037037,4.0,0.021397857623144174
25378,2020-11-30,Seneca,11,320,168,26198,0.06547619047619048,4.0,0.024350590440409013
25379,2020-12-01,Seneca,3,323,143,26341,0.02097902097902098,4.0,0.022376869716688286
25380,2020-12-02,Seneca,24,347,228,26569,0.10526315789473684,5.0,0.02866413961557343
25381,2020-12-03,Seneca,12,359,297,26866,0.04040404040404041,5.0,0.0289185635542079
25382,2020-12-04,Seneca,11,370,319,27185,0.034482758620689655,6.0,0.02929828440806668
25383,2020-12-05,Seneca,12,382,251,27436,0.04780876494023904,6.0,0.02986554550133008
25384,2020-12-06,Seneca,7,389,88,27524,0.07954545454545454,5.0,0.02813995627574085
25385,2020-12-07,Seneca,10,399,172,27696,0.05813953488372093,5.0,0.027615909447707313
25386,2020-12-08,Seneca,9,408,136,27832,0.0661764705882353,6.0,0.03084429870550834
25387,2020-12-09,Seneca,36,444,323,28155,0.11145510835913312,6.0,0.031286580881536644
25388,2020-12-10,Seneca,15,459,265,28420,0.05660377358490566,7.0,0.032443704680169876
25389,2020-12-11,Seneca,10,469,273,28693,0.03663003663003663,7.0,0.03259708168083751
25390,2020-12-12,Seneca,13,482,238,28931,0.0546218487394958,7.0,0.033083730523641566
25391,2020-12-13,Seneca,16,498,287,29218,0.05574912891986063,7.0,0.03138399297895629
25392,2020-12-14,Seneca,8,506,181,29399,0.04419889502762431,7.0,0.030388232989235105
25393,2020-12-15,Seneca,3,509,92,29491,0.03260869565217391,7.0,0.027990534779516435
25394,2020-12-16,Seneca,23,532,227,29718,0.1013215859030837,6.0,0.02726671174694147
25395,2020-12-17,Seneca,19,551,204,29922,0.09313725490196079,6.0,0.029876246126731128
25396,2020-12-18,Seneca,15,566,188,30110,0.0797872340425532,6.0,0.03295890308476802
25397,2020-12-19,Seneca,20,586,382,30492,0.05235602094240838,7.0,0.03279705824211892
25398,2020-12-20,Seneca,21,607,191,30683,0.1099476439790576,7.0,0.036668380746347276
25399,2020-12-21,Seneca,12,619,177,30860,0.06779661016949153,8.0,0.03835393182790923
25400,2020-12-22,Seneca,9,628,199,31059,0.04522613065326633,8.0,0.03925517718513011
25401,2020-12-23,Seneca,25,653,180,31239,0.1388888888888889,8.0,0.04193855596983048
25402,2020-12-24,Seneca,24,677,322,31561,0.07453416149068323,9.0,0.04060976358331065
25403,2020-12-25,Seneca,24,701,216,31777,0.1111111111111111,9.0,0.04284718337392194
25404,2020-12-26,Seneca,4,705,125,31902,0.032,8.0,0.041393181878035624
25405,2020-12-27,Seneca,21,726,178,32080,0.11797752808988764,8.0,0.0419667450288092
25406,2020-12-28,Seneca,22,748,239,32319,0.09205020920502092,9.0,0.04369914495991844
25407,2020-12-29,Seneca,13,761,253,32572,0.05138339920948617,9.0,0.04413894985679128
25408,2020-12-30,Seneca,29,790,238,32810,0.12184873949579832,9.0,0.042921796328713395
25409,2020-12-31,Seneca,27,817,287,33097,0.09407665505226481,10.0,0.04431768872596921
25410,2021-01-01,Seneca,34,851,255,33352,0.13333333333333333,10.0,0.0459049903132708
25411,2021-01-02,Seneca,23,874,182,33534,0.12637362637362637,12.0,0.052645963625672684
25412,2021-01-03,Seneca,31,905,271,33805,0.11439114391143912,12.0,0.052389793327212074
25413,2021-01-04,Seneca,15,920,179,33984,0.08379888268156424,12.0,0.05180041286125088
25414,2021-01-05,Seneca,32,952,311,34295,0.10289389067524116,13.0,0.05547973368023339
25415,2021-01-06,Seneca,13,965,228,34523,0.05701754385964912,12.0,0.05084893399193701
25416,2021-01-07,Seneca,17,982,405,34928,0.04197530864197531,11.0,0.0471274092483449
25417,2021-01-08,Seneca,12,994,286,35214,0.04195804195804196,10.0,0.04060060272153838
25418,2021-01-09,Seneca,25,1019,317,35531,0.07886435331230283,10.0,0.03720708321715812
25419,2021-01-10,Seneca,30,1049,260,35791,0.11538461538461539,10.0,0.037278045465242146
25420,2021-01-11,Seneca,22,1071,222,36013,0.0990990990990991,10.0,0.03837091806649463
25421,2021-01-12,Seneca,14,1085,270,36283,0.05185185185185185,9.0,0.03472505815053826
25422,2021-01-13,Seneca,19,1104,208,36491,0.09134615384615384,9.0,0.03717710172100288
25423,2021-01-14,Seneca,40,1144,385,36876,0.1038961038961039,11.0,0.04160001566772635
25424,2021-01-15,Seneca,33,1177,488,37364,0.06762295081967214,13.0,0.04343322344355708
25425,2021-01-16,Seneca,26,1203,461,37825,0.05639913232104121,13.0,0.04182856480132411
25426,2021-01-17,Seneca,15,1218,247,38072,0.06072874493927125,12.0,0.037924574055228095
25427,2021-01-18,Seneca,14,1232,249,38321,0.05622489959839357,11.0,0.03486213123374913
25428,2021-01-19,Seneca,7,1239,110,38431,0.06363636363636363,11.0,0.03570388207549997
25429,2021-01-20,Seneca,24,1263,246,38677,0.0975609756097561,11.0,0.03614779791575727
25430,2021-01-21,Seneca,13,1276,235,38912,0.05531914893617021,9.0,0.03267801541861915
25431,2021-01-22,Seneca,22,1298,439,39351,0.05011389521640091,8.0,0.03142736858981406
25432,2021-01-23,Seneca,27,1325,289,39640,0.09342560553633218,8.0,0.03407211667662056
25433,2021-01-24,Seneca,6,1331,215,39855,0.027906976744186046,8.0,0.0317277046626859
25434,2021-01-25,Seneca,7,1338,202,40057,0.034653465346534656,7.0,0.030186887930410262
25435,2021-01-26,Seneca,8,1346,189,40246,0.042328042328042326,7.0,0.028664864979815883
25436,2021-01-27,Seneca,13,1359,215,40461,0.06046511627906977,6.0,0.02601516074190972
25437,2021-01-28,Seneca,20,1379,343,40804,0.05830903790087463,7.0,0.026228724239388608
25438,2021-01-29,Seneca,10,1389,368,41172,0.02717391304347826,6.0,0.024590154084179843
25439,2021-01-30,Seneca,7,1396,270,41442,0.025925925925925925,5.0,0.019768748397722257
25440,2021-01-31,Seneca,5,1401,214,41656,0.02336448598130841,5.0,0.019444284771802427
25441,2021-02-01,Seneca,10,1411,157,41813,0.06369426751592357,5.0,0.021518627783901633
25442,2021-02-02,Seneca,7,1418,157,41970,0.044585987261146494,5.0,0.02167990956483765
25443,2021-02-03,Seneca,4,1422,178,42148,0.02247191011235955,4.0,0.018966109124358345
25444,2021-02-04,Seneca,8,1430,163,42311,0.049079754601226995,3.0,0.01830687460295494
25445,2021-02-05,Seneca,3,1433,341,42652,0.008797653958944282,3.0,0.016994284668345374
25446,2021-02-06,Seneca,9,1442,264,42916,0.03409090909090909,3.0,0.017577497751558455
25447,2021-02-07,Seneca,3,1445,194,43110,0.015463917525773196,3.0,0.01701317143330594
25448,2021-02-08,Seneca,4,1449,79,43189,0.05063291139240506,2.0,0.01608021742448319
25449,2021-02-09,Seneca,16,1465,217,43406,0.07373271889400922,3.0,0.018162126826830525
25450,2021-02-10,Seneca,7,1472,224,43630,0.03125,3.0,0.018789133247376275
25451,2021-02-11,Seneca,8,1480,272,43902,0.029411764705882353,3.0,0.017384276826280225
25452,2021-02-12,Seneca,7,1487,242,44144,0.028925619834710745,3.0,0.01882198867454926
25453,2021-02-13,Seneca,5,1492,253,44397,0.019762845849802372,3.0,0.017798555585898778
25454,2021-02-14,Seneca,6,1498,158,44555,0.0379746835443038,3.0,0.019406467444365253
25455,2021-02-15,Seneca,2,1500,80,44635,0.025,3.0,0.017575545202050603
25456,2021-02-16,Seneca,8,1508,123,44758,0.06504065040650407,3.0,0.016954683167228812
25457,2021-02-17,Seneca,10,1518,162,44920,0.06172839506172839,3.0,0.0191317113859237
25458,2021-02-18,Seneca,8,1526,232,45152,0.034482758620689655,3.0,0.019493925236981357
25459,2021-02-19,Seneca,6,1532,279,45431,0.021505376344086023,3.0,0.01896390784479388
25460,2021-02-20,Seneca,12,1544,296,45727,0.04054054054054054,3.0,0.02044802889413232
25461,2021-02-21,Seneca,7,1551,163,45890,0.04294478527607362,3.0,0.02080303616068731
25462,2021-02-22,Seneca,10,1561,115,46005,0.08695652173913043,4.0,0.025228501999196625
25463,2021-02-23,Seneca,3,1564,132,46137,0.022727272727272728,4.0,0.02220611787925153
25464,2021-02-24,Seneca,10,1574,207,46344,0.04830917874396135,4.0,0.021247602427982456
25465,2021-02-25,Seneca,15,1589,248,46592,0.06048387096774194,4.0,0.023104824738486185
25466,2021-02-26,Seneca,12,1601,323,46915,0.03715170278637771,4.0,0.024222419484364172
25467,2021-02-27,Seneca,9,1610,274,47189,0.032846715328467155,4.0,0.023672860540644634
25468,2021-02-28,Seneca,10,1620,164,47353,0.06097560975609756,4.0,0.02496077657493206
25469,2021-03-01,Seneca,6,1626,66,47419,0.09090909090909091,4.0,0.02524310294421495
25470,2021-03-02,Seneca,1,1627,200,47619,0.005,4.0,0.023976869177981187
25471,2021-03-03,Seneca,5,1632,210,47829,0.023809523809523808,4.0,0.022226893825521364
25472,2021-03-04,Seneca,8,1640,272,48101,0.029411764705882353,3.0,0.020007457663959966
25473,2021-03-05,Seneca,8,1648,291,48392,0.027491408934707903,3.0,0.019317436674554978
25474,2021-03-06,Seneca,7,1655,261,48653,0.02681992337164751,3.0,0.018886951534782148
25475,2021-03-07,Seneca,2,1657,83,48736,0.024096385542168676,2.0,0.016252721233787227
25476,2021-03-08,Seneca,5,1662,93,48829,0.053763440860215055,2.0,0.01359946051601038
25477,2021-03-09,Seneca,8,1670,253,49082,0.03162055335968379,3.0,0.01550092861313065
25478,2021-03-10,Seneca,5,1675,193,49275,0.025906735751295335,3.0,0.015650729466114333
25479,2021-03-11,Seneca,9,1684,260,49535,0.03461538461538462,3.0,0.01602241660250735
25480,2021-03-12,Seneca,1,1685,210,49745,0.004761904761904762,2.0,0.014398880590164267
25481,2021-03-13,Seneca,11,1696,325,50070,0.033846153846153845,2.0,0.014900754195486149
25482,2021-03-14,Seneca,8,1704,82,50152,0.0975609756097561,3.0,0.020148224914599538
25483,2021-03-15,Seneca,2,1706,170,50322,0.011764705882352941,3.0,0.017148315273323674
25484,2021-03-16,Seneca,9,1715,184,50506,0.04891304347826087,3.0,0.018383493138936318
25485,2021-03-17,Seneca,12,1727,271,50777,0.04428044280442804,3.0,0.01969590078558866
25486,2021-03-18,Seneca,6,1733,307,51084,0.019543973941368076,3.0,0.018619371451730333
25487,2021-03-19,Seneca,7,1740,225,51309,0.03111111111111111,3.0,0.020501457619530785
25488,2021-03-20,Seneca,2,1742,302,51611,0.006622516556291391,3.0,0.018556912098826324
25489,2021-03-21,Seneca,2,1744,115,51726,0.017391304347826087,2.0,0.012830507008688466
25490,2021-03-22,Seneca,7,1751,170,51896,0.041176470588235294,3.0,0.01493134734482292
25491,2021-03-23,Seneca,9,1760,206,52102,0.043689320388349516,3.0,0.014558224266972107
25492,2021-03-24,Seneca,8,1768,239,52341,0.03347280334728033,2.0,0.013786250020032989
25493,2021-03-25,Seneca,2,1770,319,52660,0.006269592476489028,2.0,0.01283807991539877
25494,2021-03-26,Seneca,3,1773,246,52906,0.012195121951219513,2.0,0.011486937832549369
25495,2021-03-27,Seneca,4,1777,276,53182,0.014492753623188406,2.0,0.012049097623042014
25496,2021-03-28,Seneca,0,1777,149,53331,0.0,2.0,0.010806861598197293
25497,2021-03-29,Seneca,6,1783,161,53492,0.037267080745341616,2.0,0.01052761946656203
25498,2021-03-30,Seneca,5,1788,204,53696,0.024509803921568627,2.0,0.009157654004649107
25499,2021-03-31,Seneca,5,1793,169,53865,0.029585798816568046,1.0,0.008880010823883944
25500,2021-04-01,Seneca,4,1797,232,54097,0.017241379310344827,1.0,0.009663709883445074
25501,2021-04-02,Seneca,5,1802,289,54386,0.01730103806228374,2.0,0.010028418177092518
25502,2021-04-03,Seneca,3,1805,191,54577,0.015706806282722512,2.0,0.010115136224202098
25503,2021-04-04,Seneca,6,1811,77,54654,0.07792207792207792,2.0,0.015680998932921946
25504,2021-04-05,Seneca,0,1811,222,54876,0.0,2.0,0.013019064593968977
25505,2021-04-06,Seneca,3,1814,169,55045,0.01775147928994083,1.0,0.01253632712028128
25506,2021-04-07,Seneca,5,1819,252,55297,0.01984126984126984,1.0,0.011840289336331406
25507,2021-04-08,Seneca,5,1824,301,55598,0.016611295681063124,1.0,0.011795283362811283
25508,2021-04-09,Seneca,4,1828,335,55933,0.011940298507462687,1.0,0.011412373394609779
25509,2021-04-10,Seneca,10,1838,223,56156,0.04484304932735426,2.0,0.013493533612083474
25510,2021-04-11,Seneca,5,1843,134,56290,0.03731343283582089,2.0,0.01059291610592226
25511,2021-04-12,Seneca,3,1846,190,56480,0.015789473684210527,2.0,0.01172073565479444
25512,2021-04-13,Seneca,7,1853,224,56704,0.03125,2.0,0.012684915705512953
25513,2021-04-14,Seneca,4,1857,245,56949,0.0163265306122449,2.0,0.012433862903439742
25514,2021-04-15,Seneca,9,1866,343,57292,0.026239067055393587,3.0,0.01312156085874906
25515,2021-04-16,Seneca,12,1878,215,57507,0.05581395348837209,3.0,0.016255393357385444
25516,2021-04-17,Seneca,5,1883,215,57722,0.023255813953488372,3.0,0.014713447973537883
25517,2021-04-18,Seneca,2,1885,233,57955,0.008583690987124463,3.0,0.012661323555773851
25518,2021-04-19,Seneca,0,1885,181,58136,0.0,2.0,0.011533504006901672
25519,2021-04-20,Seneca,4,1889,171,58307,0.023391812865497075,2.0,0.010972204925865748
25520,2021-04-21,Seneca,8,1897,316,58623,0.02531645569620253,2.0,0.011614342431862722
25521,2021-04-22,Seneca,5,1902,231,58854,0.021645021645021644,2.0,0.01128619633112187
25522,2021-04-23,Seneca,1,1903,355,59209,0.0028169014084507044,1.0,0.007500692611127484
25523,2021-04-24,Seneca,3,1906,307,59516,0.009771986970684038,1.0,0.0065375621123557465
25524,2021-04-25,Seneca,0,1906,179,59695,0.0,1.0,0.005924441327561142
25525,2021-04-26,Seneca,8,1914,235,59930,0.03404255319148936,2.0,0.008356052269810382
25526,2021-04-27,Seneca,7,1921,177,60107,0.03954802259887006,2.0,0.009510067250765596
25527,2021-04-28,Seneca,8,1929,230,60337,0.034782608695652174,2.0,0.01018622103644057
25528,2021-04-29,Seneca,2,1931,298,60635,0.006711409395973154,2.0,0.009119534447222822
25529,2021-04-30,Seneca,3,1934,228,60863,0.013157894736842105,2.0,0.009858176827822206
25530,2021-05-01,Seneca,4,1938,260,61123,0.015384615384615385,2.0,0.01025907885738873
25531,2021-05-02,Seneca,2,1940,114,61237,0.017543859649122806,2.0,0.011512211689468931
25532,2021-05-03,Seneca,5,1945,66,61303,0.07575757575757576,2.0,0.014491856158475102
25533,2021-05-04,Seneca,11,1956,281,61584,0.03914590747330961,2.0,0.014463133649506498
25534,2021-05-05,Seneca,3,1959,245,61829,0.012244897959183673,2.0,0.012853297168330178
25535,2021-05-06,Seneca,3,1962,240,62069,0.0125,2.0,0.013266767925760667
25536,2021-05-07,Seneca,2,1964,390,62459,0.005128205128205128,2.0,0.012693218668000883
25537,2021-05-08,Seneca,4,1968,152,62611,0.02631578947368421,2.0,0.013474016817220087
25538,2021-05-09,Seneca,2,1970,245,62856,0.00816326530612245,2.0,0.012803974364148632
25539,2021-05-10,Seneca,1,1971,173,63029,0.005780346820809248,1.0,0.007805600868665308
25540,2021-05-11,Seneca,3,1974,120,63149,0.025,1.0,0.00679517890628605
25541,2021-05-12,Seneca,3,1977,216,63365,0.013888888888888888,1.0,0.006912606829836423
25542,2021-05-13,Seneca,2,1979,246,63611,0.008130081300813009,1.0,0.006600469779894495
25543,2021-05-14,Seneca,1,1980,178,63789,0.0056179775280898875,1.0,0.006635453522743406
25544,2021-05-15,Seneca,2,1982,224,64013,0.008928571428571428,1.0,0.005393509376663922
25545,2021-05-16,Seneca,1,1983,126,64139,0.007936507936507936,0.0,0.0053773124216914565
25546,2021-05-17,Seneca,1,1984,103,64242,0.009708737864077669,0.0,0.005657911781924915
25547,2021-05-18,Seneca,4,1988,158,64400,0.02531645569620253,1.0,0.005680515760225096
25548,2021-05-19,Seneca,2,1990,199,64599,0.010050251256281407,0.0,0.0054063273578959905
25549,2021-05-20,Seneca,2,1992,233,64832,0.008583690987124463,0.0,0.00543872804977538
25550,2021-05-21,Seneca,2,1994,141,64973,0.014184397163120567,1.0,0.006050615166563285
25551,2021-05-22,Seneca,0,1994,164,65137,0.0,0.0,0.005412860064522469
25552,2021-05-23,Seneca,1,1995,128,65265,0.0078125,0.0,0.005404002354771903
25553,2021-05-24,Seneca,1,1996,102,65367,0.00980392156862745,0.0,0.005410801190811173
25554,2021-05-25,Seneca,2,1998,162,65529,0.012345679012345678,0.0,0.004484317141964254
25555,2021-05-26,Seneca,3,2001,114,65643,0.02631578947368421,0.0,0.005646141300350169
25556,2021-05-27,Seneca,0,2001,102,65745,0.0,0.0,0.005033020515555564
25557,2021-05-28,Seneca,0,2001,220,65965,0.0,0.0,0.004019849289618381
25558,2021-05-29,Seneca,1,2002,173,66138,0.005780346820809248,0.0,0.00443273120539047
25559,2021-05-30,Seneca,0,2002,97,66235,0.0,0.0,0.003874695491104756
25560,2021-05-31,Seneca,1,2003,74,66309,0.013513513513513514,0.0,0.004139666344310904
25561,2021-06-01,Seneca,0,2003,80,66389,0.0,0.0,0.003257832129143355
25562,2021-06-02,Seneca,1,2004,129,66518,0.007751937984496124,0.0,0.001931842737058492
25563,2021-06-03,Seneca,1,2005,195,66713,0.005128205128205128,0.0,0.0022981431033588583
25564,2021-06-04,Seneca,1,2006,257,66970,0.0038910505836575876,0.0,0.0025760752879058287
25565,2021-06-05,Seneca,0,2006,86,67056,0.0,0.0,0.0021631933721337395
25566,2021-06-06,Seneca,2,2008,51,67107,0.0392156862745098,0.0,0.004964313820313012
25567,2021-06-07,Seneca,0,2008,83,67190,0.0,0.0,0.003999062855062046
25568,2021-06-08,Seneca,0,2008,99,67289,0.0,0.0,0.003999062855062046
25569,2021-06-09,Seneca,1,2009,117,67406,0.008547008547008548,0.0,0.004055853609527219
25570,2021-06-10,Seneca,0,2009,128,67534,0.0,0.0,0.0036895532432268527
25571,2021-06-11,Seneca,0,2009,138,67672,0.0,0.0,0.003411621058679882
25572,2021-06-12,Seneca,1,2010,85,67757,0.011764705882352941,0.0,0.004251957193133663
25573,2021-06-13,Seneca,1,2011,48,67805,0.020833333333333332,0.0,0.0029389319830496296
25574,2021-06-14,Seneca,0,2011,113,67918,0.0,0.0,0.0029389319830496296
25575,2021-06-15,Seneca,0,2011,285,68203,0.0,0.0,0.0029389319830496296
25576,2021-06-16,Seneca,0,2011,130,68333,0.0,0.0,0.002328431372549019
25577,2021-06-17,Seneca,0,2011,108,68441,0.0,0.0,0.002328431372549019
25578,2021-06-18,Seneca,0,2011,140,68581,0.0,0.0,0.002328431372549019
25579,2021-06-19,Seneca,0,2011,73,68654,0.0,0.0,0.001488095238095238
25580,2021-06-20,Seneca,0,2011,38,68692,0.0,0.0,0.0
25581,2021-06-21,Seneca,0,2011,37,68729,0.0,0.0,0.0
25582,2021-06-22,Seneca,0,2011,95,68824,0.0,0.0,0.0
25583,2021-06-23,Seneca,0,2011,144,68968,0.0,0.0,0.0
25584,2021-06-24,Seneca,0,2011,71,69039,0.0,0.0,0.0
25585,2021-06-25,Seneca,0,2011,107,69146,0.0,0.0,0.0
25586,2021-06-26,Seneca,0,2011,51,69197,0.0,0.0,0.0
25587,2021-06-27,Seneca,0,2011,29,69226,0.0,0.0,0.0
25588,2021-06-28,Seneca,0,2011,32,69258,0.0,0.0,0.0
25589,2021-06-29,Seneca,0,2011,69,69327,0.0,0.0,0.0
25590,2021-06-30,Seneca,0,2011,115,69442,0.0,0.0,0.0
25591,2021-07-01,Seneca,0,2011,83,69525,0.0,0.0,0.0
25592,2021-07-02,Seneca,0,2011,88,69613,0.0,0.0,0.0
25593,2021-07-03,Seneca,2,2013,48,69661,0.041666666666666664,0.0,0.002976190476190476
25594,2021-07-04,Seneca,0,2013,35,69696,0.0,0.0,0.002976190476190476
25595,2021-07-05,Seneca,2,2015,39,69735,0.05128205128205128,0.0,0.006639194139194139
25596,2021-07-06,Seneca,0,2015,36,69771,0.0,0.0,0.006639194139194139
25597,2021-07-07,Seneca,0,2015,86,69857,0.0,0.0,0.006639194139194139
25598,2021-07-08,Seneca,1,2016,81,69938,0.012345679012345678,0.0,0.0075210283543616875
25599,2021-07-09,Seneca,0,2016,82,70020,0.0,0.0,0.0075210283543616875
25600,2021-07-10,Seneca,0,2016,32,70052,0.0,0.0,0.0045448378781712115
25601,2021-07-11,Seneca,0,2016,54,70106,0.0,0.0,0.0045448378781712115
25602,2021-07-12,Seneca,0,2016,35,70141,0.0,0.0,0.0008818342151675485
25603,2021-07-13,Seneca,0,2016,82,70223,0.0,0.0,0.0008818342151675485
25604,2021-07-14,Seneca,0,2016,44,70267,0.0,0.0,0.0008818342151675485
25605,2021-07-15,Seneca,0,2016,89,70356,0.0,0.0,0.0
25606,2021-07-16,Seneca,2,2018,71,70427,0.028169014084507043,0.0,0.002012072434607646
25607,2021-07-17,Seneca,0,2018,57,70484,0.0,0.0,0.002012072434607646
25608,2021-07-18,Seneca,1,2019,24,70508,0.041666666666666664,0.0,0.004988262910798122
25609,2021-07-19,Seneca,1,2020,45,70553,0.022222222222222223,0.0,0.006575564498099709
25610,2021-07-20,Seneca,0,2020,55,70608,0.0,0.0,0.006575564498099709
25611,2021-07-21,Seneca,1,2021,63,70671,0.015873015873015872,0.0,0.007709351346172272
25612,2021-07-22,Seneca,0,2021,90,70761,0.0,0.0,0.007709351346172272
25613,2021-07-23,Seneca,0,2021,67,70828,0.0,0.0,0.005697278911564625
25614,2021-07-24,Seneca,1,2022,57,70885,0.017543859649122806,0.0,0.0069504117436448255
25615,2021-07-25,Seneca,1,2023,14,70899,0.07142857142857142,0.0,0.009076262083780881
25616,2021-07-26,Seneca,3,2026,47,70946,0.06382978723404255,0.0,0.012048231013196619
25617,2021-07-27,Seneca,1,2027,70,71016,0.014285714285714285,0.0,0.013068639176461925
25618,2021-07-28,Seneca,3,2030,104,71120,0.028846153846153848,0.0,0.013995291888828922
25619,2021-07-29,Seneca,3,2033,80,71200,0.0375,0.0,0.01667386331740035
25620,2021-07-30,Seneca,6,2039,93,71293,0.06451612903225806,1.0,0.02128215824827593
25621,2021-07-31,Seneca,0,2039,54,71347,0.0,1.0,0.02002902541619573
25622,2021-08-01,Seneca,3,2042,47,71394,0.06382978723404255,1.0,0.019486255116586523
25623,2021-08-02,Seneca,1,2043,49,71443,0.02040816326530612,1.0,0.016384710547391063
25624,2021-08-03,Seneca,3,2046,113,71556,0.02654867256637168,1.0,0.01726063613886659
25625,2021-08-04,Seneca,5,2051,102,71658,0.049019607843137254,1.0,0.018701597138651115
25626,2021-08-05,Seneca,6,2057,106,71764,0.05660377358490566,1.0,0.020066152394715812
25627,2020-03-01,St. Lawrence,0,0,0,0,,,
25628,2020-03-02,St. Lawrence,0,0,0,0,,,
25629,2020-03-03,St. Lawrence,0,0,0,0,,,
25630,2020-03-04,St. Lawrence,0,0,0,0,,,
25631,2020-03-05,St. Lawrence,0,0,0,0,,,
25632,2020-03-06,St. Lawrence,0,0,0,0,,,
25633,2020-03-07,St. Lawrence,0,0,2,2,0.0,0.0,
25634,2020-03-08,St. Lawrence,0,0,0,2,,0.0,
25635,2020-03-09,St. Lawrence,0,0,0,2,,0.0,
25636,2020-03-10,St. Lawrence,0,0,1,3,0.0,0.0,
25637,2020-03-11,St. Lawrence,0,0,2,5,0.0,0.0,
25638,2020-03-12,St. Lawrence,0,0,1,6,0.0,0.0,
25639,2020-03-13,St. Lawrence,0,0,1,7,0.0,0.0,
25640,2020-03-14,St. Lawrence,0,0,1,8,0.0,0.0,
25641,2020-03-15,St. Lawrence,0,0,1,9,0.0,0.0,
25642,2020-03-16,St. Lawrence,0,0,0,9,,0.0,
25643,2020-03-17,St. Lawrence,0,0,7,16,0.0,0.0,
25644,2020-03-18,St. Lawrence,0,0,3,19,0.0,0.0,
25645,2020-03-19,St. Lawrence,0,0,7,26,0.0,0.0,
25646,2020-03-20,St. Lawrence,0,0,7,33,0.0,0.0,
25647,2020-03-21,St. Lawrence,1,1,20,53,0.05,0.0,
25648,2020-03-22,St. Lawrence,0,1,9,62,0.0,0.0,
25649,2020-03-23,St. Lawrence,0,1,6,68,0.0,0.0,0.0035714285714285718
25650,2020-03-24,St. Lawrence,0,1,10,78,0.0,0.0,0.0035714285714285718
25651,2020-03-25,St. Lawrence,1,2,14,92,0.07142857142857142,0.0,0.008673469387755102
25652,2020-03-26,St. Lawrence,1,3,29,121,0.034482758620689655,0.0,0.01113652357494722
25653,2020-03-27,St. Lawrence,5,8,82,203,0.06097560975609756,0.0,0.01549192427181133
25654,2020-03-28,St. Lawrence,4,12,65,268,0.06153846153846154,0.0,0.016316100095987156
25655,2020-03-29,St. Lawrence,1,13,44,312,0.022727272727272728,0.0,0.017939476719363776
25656,2020-03-30,St. Lawrence,17,30,74,386,0.22972972972972974,2.0,0.03434874312863019
25657,2020-03-31,St. Lawrence,4,34,32,418,0.125,2.0,0.043277314557201615
25658,2020-04-01,St. Lawrence,5,39,30,448,0.16666666666666666,2.0,0.05008003564563699
25659,2020-04-02,St. Lawrence,4,43,54,502,0.07407407407407407,2.0,0.05290798674945015
25660,2020-04-03,St. Lawrence,9,52,81,583,0.1111111111111111,3.0,0.056489093989093984
25661,2020-04-04,St. Lawrence,3,55,46,629,0.06521739130434782,3.0,0.05675187468665729
25662,2020-04-05,St. Lawrence,4,59,43,672,0.09302325581395349,3.0,0.06177301633570592
25663,2020-04-06,St. Lawrence,1,60,64,736,0.015625,2.0,0.04647982135501094
25664,2020-04-07,St. Lawrence,9,69,69,805,0.13043478260869565,2.0,0.04686802011277491
25665,2020-04-08,St. Lawrence,7,76,50,855,0.14,2.0,0.044963258208013016
25666,2020-04-09,St. Lawrence,2,78,24,879,0.08333333333333333,2.0,0.04562463386938868
25667,2020-04-10,St. Lawrence,2,80,19,898,0.10526315789473684,2.0,0.045206922925361936
25668,2020-04-11,St. Lawrence,5,85,65,963,0.07692307692307693,2.0,0.04604304332669973
25669,2020-04-12,St. Lawrence,4,89,47,1010,0.0851063829787234,2.0,0.045477552409897586
25670,2020-04-13,St. Lawrence,3,92,29,1039,0.10344827586206896,2.0,0.05175064354290251
25671,2020-04-14,St. Lawrence,0,92,7,1046,0.0,1.0,0.042433873356567106
25672,2020-04-15,St. Lawrence,1,93,48,1094,0.020833333333333332,1.0,0.03392196859466234
25673,2020-04-16,St. Lawrence,3,96,16,1110,0.1875,1.0,0.04136244478513854
25674,2020-04-17,St. Lawrence,2,98,6,1116,0.3333333333333333,1.0,0.057653171602181134
25675,2020-04-18,St. Lawrence,7,105,25,1141,0.28,1.0,0.07215866610767564
25676,2020-04-19,St. Lawrence,5,110,24,1165,0.20833333333333334,1.0,0.08096059113300492
25677,2020-04-20,St. Lawrence,10,120,17,1182,0.5882352941176471,2.0,0.11558823529411764
25678,2020-04-21,St. Lawrence,3,123,6,1188,0.5,2.0,0.15130252100840338
25679,2020-04-22,St. Lawrence,16,139,94,1282,0.1702127659574468,3.0,0.16197248048155433
25680,2020-04-23,St. Lawrence,5,144,37,1319,0.13513513513513514,3.0,0.15823213299120684
25681,2020-04-24,St. Lawrence,12,156,64,1383,0.1875,4.0,0.14781546632454015
25682,2020-04-25,St. Lawrence,11,167,36,1419,0.3055555555555556,4.0,0.14964086314993702
25683,2020-04-26,St. Lawrence,2,169,27,1446,0.07407407407407407,4.0,0.1400509160599899
25684,2020-04-27,St. Lawrence,1,170,19,1465,0.05263157894736842,3.0,0.10179350783354144
25685,2020-04-28,St. Lawrence,0,170,84,1549,0.0,3.0,0.06607922211925572
25686,2020-04-29,St. Lawrence,3,173,277,1826,0.010830324909747292,2.0,0.05469476204442003
25687,2020-04-30,St. Lawrence,3,176,157,1983,0.01910828025477707,2.0,0.04640712955296589
25688,2020-05-01,St. Lawrence,0,176,130,2113,0.0,1.0,0.03301427241010874
25689,2020-05-02,St. Lawrence,1,177,125,2238,0.008,0.0,0.011760304156140489
25690,2020-05-03,St. Lawrence,1,178,85,2323,0.011764705882352941,0.0,0.007309634999588981
25691,2020-05-04,St. Lawrence,0,178,38,2361,0.0,0.0,0.003550236503348379
25692,2020-05-05,St. Lawrence,2,180,34,2395,0.058823529411764705,0.0,0.007751917175617287
25693,2020-05-06,St. Lawrence,1,181,53,2448,0.018867924528301886,0.0,0.008326031434085472
25694,2020-05-07,St. Lawrence,6,187,845,3293,0.007100591715976331,0.0,0.007468339395599704
25695,2020-05-08,St. Lawrence,0,187,164,3457,0.0,0.0,0.007468339395599704
25696,2020-05-09,St. Lawrence,0,187,51,3508,0.0,0.0,0.006896910824171133
25697,2020-05-10,St. Lawrence,3,190,47,3555,0.06382978723404255,0.0,0.010615845206434675
25698,2020-05-11,St. Lawrence,1,191,18,3573,0.05555555555555555,0.0,0.014584099174688645
25699,2020-05-12,St. Lawrence,1,192,151,3724,0.006622516556291391,0.0,0.010855455399297692
25700,2020-05-13,St. Lawrence,0,192,105,3829,0.0,0.0,0.009507746504418987
25701,2020-05-14,St. Lawrence,0,192,332,4161,0.0,0.0,0.009000561381849249
25702,2020-05-15,St. Lawrence,0,192,1456,5617,0.0,0.0,0.009000561381849249
25703,2020-05-16,St. Lawrence,0,192,205,5822,0.0,0.0,0.009000561381849249
25704,2020-05-17,St. Lawrence,0,192,239,6061,0.0,0.0,0.004441290865131924
25705,2020-05-18,St. Lawrence,0,192,71,6132,0.0,0.0,0.0004730368968779565
25706,2020-05-19,St. Lawrence,3,195,173,6305,0.017341040462427744,0.0,0.0012386457473162675
25707,2020-05-20,St. Lawrence,0,195,504,6809,0.0,0.0,0.0012386457473162675
25708,2020-05-21,St. Lawrence,0,195,349,7158,0.0,0.0,0.0012386457473162675
25709,2020-05-22,St. Lawrence,1,196,333,7491,0.003003003003003003,0.0,0.001453145961816482
25710,2020-05-23,St. Lawrence,1,197,301,7792,0.0033222591362126247,0.0,0.0016904501858316693
25711,2020-05-24,St. Lawrence,0,197,114,7906,0.0,0.0,0.0016904501858316693
25712,2020-05-25,St. Lawrence,0,197,60,7966,0.0,0.0,0.0016904501858316693
25713,2020-05-26,St. Lawrence,3,200,78,8044,0.038461538461538464,0.0,0.0031990571857681495
25714,2020-05-27,St. Lawrence,1,201,227,8271,0.004405286343612335,0.0,0.0035137204960261734
25715,2020-05-28,St. Lawrence,1,202,447,8718,0.0022371364653243847,0.0,0.003673515957835058
25716,2020-05-29,St. Lawrence,0,202,136,8854,0.0,0.0,0.0034590157433348435
25717,2020-05-30,St. Lawrence,2,204,303,9157,0.006600660066006601,0.0,0.003693187238320127
25718,2020-05-31,St. Lawrence,1,205,472,9629,0.00211864406779661,0.0,0.0038445189574484568
25719,2020-06-01,St. Lawrence,0,205,106,9735,0.0,0.0,0.0038445189574484568
25720,2020-06-02,St. Lawrence,1,206,324,10059,0.0030864197530864196,0.0,0.0013177247639875964
25721,2020-06-03,St. Lawrence,1,207,293,10352,0.0034129692832764505,0.0,0.0012468449739636046
25722,2020-06-04,St. Lawrence,0,207,451,10803,0.0,0.0,0.00108704951215472
25723,2020-06-05,St. Lawrence,2,209,477,11280,0.0041928721174004195,0.0,0.0013865403776833214
25724,2020-06-06,St. Lawrence,0,209,382,11662,0.0,0.0,0.00091506465868285
25725,2020-06-07,St. Lawrence,0,209,539,12201,0.0,0.0,0.0007637329395545207
25726,2020-06-08,St. Lawrence,0,209,220,12421,0.0,0.0,0.0007637329395545207
25727,2020-06-09,St. Lawrence,0,209,170,12591,0.0,0.0,0.0005432743857626336
25728,2020-06-10,St. Lawrence,3,212,256,12847,0.01171875,0.0,0.0011365444369571729
25729,2020-06-11,St. Lawrence,2,214,427,13274,0.00468384074941452,0.0,0.0014711044904867812
25730,2020-06-12,St. Lawrence,0,214,368,13642,0.0,0.0,0.0011716136249581798
25731,2020-06-13,St. Lawrence,1,215,383,14025,0.0026109660574412533,0.0,0.0013581112004896981
25732,2020-06-14,St. Lawrence,0,215,222,14247,0.0,0.0,0.0013581112004896981
25733,2020-06-15,St. Lawrence,0,215,190,14437,0.0,0.0,0.0013581112004896981
25734,2020-06-16,St. Lawrence,0,215,226,14663,0.0,0.0,0.0013581112004896981
25735,2020-06-17,St. Lawrence,0,215,246,14909,0.0,0.0,0.0005210576290611267
25736,2020-06-18,St. Lawrence,0,215,216,15125,0.0,0.0,0.0001864975755315181
25737,2020-06-19,St. Lawrence,1,216,352,15477,0.002840909090909091,0.0,0.00038941965345359604
25738,2020-06-20,St. Lawrence,0,216,266,15743,0.0,0.0,0.00020292207792207794
25739,2020-06-21,St. Lawrence,1,217,271,16014,0.0036900369003690036,0.0,0.0004664961422341496
25740,2020-06-22,St. Lawrence,0,217,153,16167,0.0,0.0,0.0004664961422341496
25741,2020-06-23,St. Lawrence,0,217,99,16266,0.0,0.0,0.0004664961422341496
25742,2020-06-24,St. Lawrence,0,217,249,16515,0.0,0.0,0.0004664961422341496
25743,2020-06-25,St. Lawrence,1,218,282,16797,0.0035460992907801418,0.0,0.0007197889487184456
25744,2020-06-26,St. Lawrence,0,218,315,17112,0.0,0.0,0.0005168668707963676
25745,2020-06-27,St. Lawrence,0,218,435,17547,0.0,0.0,0.0005168668707963676
25746,2020-06-28,St. Lawrence,1,219,220,17767,0.004545454545454545,0.0,0.0005779681311596205
25747,2020-06-29,St. Lawrence,0,219,144,17911,0.0,0.0,0.0005779681311596205
25748,2020-06-30,St. Lawrence,0,219,121,18032,0.0,0.0,0.0005779681311596205
25749,2020-07-01,St. Lawrence,1,220,137,18169,0.0072992700729927005,0.0,0.0010993445649448133
25750,2020-07-02,St. Lawrence,2,222,183,18352,0.01092896174863388,0.0,0.0016266918833629375
25751,2020-07-03,St. Lawrence,1,223,416,18768,0.002403846153846154,0.0,0.0017983951800662344
25752,2020-07-04,St. Lawrence,1,224,143,18911,0.006993006993006993,0.0,0.002297895679566734
25753,2020-07-05,St. Lawrence,2,226,242,19153,0.008264462809917356,0.0,0.0025635391270283628
25754,2020-07-06,St. Lawrence,0,226,141,19294,0.0,0.0,0.0025635391270283628
25755,2020-07-07,St. Lawrence,1,227,278,19572,0.0035971223021582736,0.0,0.0028204764343253827
25756,2020-07-08,St. Lawrence,0,227,215,19787,0.0,0.0,0.00229910000054019
25757,2020-07-09,St. Lawrence,0,227,247,20034,0.0,0.0,0.00151845987563777
25758,2020-07-10,St. Lawrence,3,230,555,20589,0.005405405405405406,0.0,0.001732856965034859
25759,2020-07-11,St. Lawrence,0,230,385,20974,0.0,0.0,0.0012333564655343594
25760,2020-07-12,St. Lawrence,1,231,489,21463,0.002044989775051125,0.0,0.0007891083916153431
25761,2020-07-13,St. Lawrence,2,233,321,21784,0.006230529595015576,0.0,0.0012341462198307413
25762,2020-07-14,St. Lawrence,1,234,345,22129,0.002898550724637681,0.0,0.0011842482500078418
25763,2020-07-15,St. Lawrence,3,237,384,22513,0.0078125,0.0,0.001742283964293556
25764,2020-07-16,St. Lawrence,1,238,227,22740,0.004405286343612335,0.0,0.00205694727455158
25765,2020-07-17,St. Lawrence,4,242,307,23047,0.013029315960912053,0.0,0.0026015123142306266
25766,2020-07-18,St. Lawrence,0,242,149,23196,0.0,0.0,0.0026015123142306266
25767,2020-07-19,St. Lawrence,4,246,274,23470,0.014598540145985401,1.0,0.003498194483583075
25768,2020-07-20,St. Lawrence,1,247,315,23785,0.0031746031746031746,1.0,0.0032799140249821887
25769,2020-07-21,St. Lawrence,3,250,301,24086,0.009966777408637873,1.0,0.003784787359553631
25770,2020-07-22,St. Lawrence,3,253,427,24513,0.00702576112412178,1.0,0.0037285917255623297
25771,2020-07-23,St. Lawrence,1,254,276,24789,0.0036231884057971015,1.0,0.003672727587146956
25772,2020-07-24,St. Lawrence,3,257,414,25203,0.007246376811594203,1.0,0.0032596605050528235
25773,2020-07-25,St. Lawrence,1,258,605,25808,0.001652892561983471,1.0,0.0033777242594802146
25774,2020-07-26,St. Lawrence,0,258,488,26296,0.0,0.0,0.0023349713919098287
25775,2020-07-27,St. Lawrence,0,258,248,26544,0.0,0.0,0.0021082140222953164
25776,2020-07-28,St. Lawrence,1,259,298,26842,0.003355704697986577,0.0,0.001635994542963081
25777,2020-07-29,St. Lawrence,1,260,313,27155,0.003194888178913738,0.0,0.0013623607611625065
25778,2020-07-30,St. Lawrence,0,260,270,27425,0.0,0.0,0.0011035615893198565
25779,2020-07-31,St. Lawrence,1,261,603,28028,0.001658374792703151,0.0,0.0007044185879704955
25780,2020-08-01,St. Lawrence,1,262,418,28446,0.0023923444976076554,0.0,0.0007572365833722229
25781,2020-08-02,St. Lawrence,0,262,221,28667,0.0,0.0,0.0007572365833722229
25782,2020-08-03,St. Lawrence,0,262,228,28895,0.0,0.0,0.0007572365833722229
25783,2020-08-04,St. Lawrence,0,262,292,29187,0.0,0.0,0.000517543390658896
25784,2020-08-05,St. Lawrence,1,263,182,29369,0.005494505494505495,0.0,0.0006818017703440214
25785,2020-08-06,St. Lawrence,0,263,254,29623,0.0,0.0,0.0006818017703440214
25786,2020-08-07,St. Lawrence,0,263,216,29839,0.0,0.0,0.0005633464280080822
25787,2020-08-08,St. Lawrence,0,263,419,30258,0.0,0.0,0.0003924646781789639
25788,2020-08-09,St. Lawrence,0,263,122,30380,0.0,0.0,0.0003924646781789639
25789,2020-08-10,St. Lawrence,0,263,422,30802,0.0,0.0,0.0003924646781789639
25790,2020-08-11,St. Lawrence,0,263,315,31117,0.0,0.0,0.0003924646781789639
25791,2020-08-12,St. Lawrence,0,263,416,31533,0.0,0.0,0.0
25792,2020-08-13,St. Lawrence,0,263,283,31816,0.0,0.0,0.0
25793,2020-08-14,St. Lawrence,0,263,716,32532,0.0,0.0,0.0
25794,2020-08-15,St. Lawrence,0,263,429,32961,0.0,0.0,0.0
25795,2020-08-16,St. Lawrence,0,263,283,33244,0.0,0.0,0.0
25796,2020-08-17,St. Lawrence,0,263,321,33565,0.0,0.0,0.0
25797,2020-08-18,St. Lawrence,1,264,652,34217,0.0015337423312883436,0.0,0.00010955302366345311
25798,2020-08-19,St. Lawrence,0,264,1001,35218,0.0,0.0,0.00010955302366345311
25799,2020-08-20,St. Lawrence,1,265,1052,36270,0.0009505703422053232,0.0,0.00017745090524954764
25800,2020-08-21,St. Lawrence,0,265,1220,37490,0.0,0.0,0.00017745090524954764
25801,2020-08-22,St. Lawrence,2,267,1003,38493,0.0019940179461615153,0.0,0.0003198807585467987
25802,2020-08-23,St. Lawrence,0,267,959,39452,0.0,0.0,0.0003198807585467987
25803,2020-08-24,St. Lawrence,0,267,408,39860,0.0,0.0,0.0003198807585467987
25804,2020-08-25,St. Lawrence,0,267,505,40365,0.0,0.0,0.0002103277348833456
25805,2020-08-26,St. Lawrence,2,269,423,40788,0.004728132387706856,0.0,0.0005480514768624068
25806,2020-08-27,St. Lawrence,1,270,529,41317,0.001890359168241966,0.0,0.0006151792501507383
25807,2020-08-28,St. Lawrence,3,273,915,42232,0.003278688524590164,0.0,0.0008493712876214644
25808,2020-08-29,St. Lawrence,1,274,464,42696,0.0021551724137931034,0.0,0.0008608823210237206
25809,2020-08-30,St. Lawrence,1,275,230,42926,0.004347826086956522,0.0,0.001171441327234901
25810,2020-08-31,St. Lawrence,0,275,357,43283,0.0,0.0,0.001171441327234901
25811,2020-09-01,St. Lawrence,4,279,324,43607,0.012345679012345678,0.0,0.002053275542402449
25812,2020-09-02,St. Lawrence,8,287,313,43920,0.025559105431309903,1.0,0.003541202188374095
25813,2020-09-03,St. Lawrence,4,291,1157,45077,0.003457216940363008,1.0,0.0036531206006684557
25814,2020-09-04,St. Lawrence,2,293,1004,46081,0.00199203187250996,1.0,0.0035612165540912983
25815,2020-09-05,St. Lawrence,3,296,1005,47086,0.0029850746268656717,1.0,0.003620495283596482
25816,2020-09-06,St. Lawrence,1,297,698,47784,0.0014326647564469914,1.0,0.0034122694742743723
25817,2020-09-07,St. Lawrence,0,297,421,48205,0.0,1.0,0.0034122694742743723
25818,2020-09-08,St. Lawrence,4,301,254,48459,0.015748031496062992,1.0,0.003655294651682752
25819,2020-09-09,St. Lawrence,1,302,300,48759,0.0033333333333333335,1.0,0.0020677395018272827
25820,2020-09-10,St. Lawrence,1,303,1032,49791,0.0009689922480620155,0.0,0.001890009166662926
25821,2020-09-11,St. Lawrence,1,304,591,50382,0.001692047377326565,0.0,0.001868581702721255
25822,2020-09-12,St. Lawrence,0,304,551,50933,0.0,0.0,0.001655362086516564
25823,2020-09-13,St. Lawrence,3,307,278,51211,0.01079136690647482,0.0,0.0023238408115185518
25824,2020-09-14,St. Lawrence,1,308,338,51549,0.0029585798816568047,0.0,0.0025351679459226094
25825,2020-09-15,St. Lawrence,2,310,267,51816,0.00749063670411985,0.0,0.001945354032212385
25826,2020-09-16,St. Lawrence,3,313,1027,52843,0.0029211295034079843,0.0,0.0019159109015034312
25827,2020-09-17,St. Lawrence,1,314,560,53403,0.0017857142857142857,0.0,0.001974248189907165
25828,2020-09-18,St. Lawrence,1,315,459,53862,0.002178649237472767,0.0,0.002009005465631894
25829,2020-09-19,St. Lawrence,3,318,616,54478,0.00487012987012987,1.0,0.0023568718849268848
25830,2020-09-20,St. Lawrence,0,318,274,54752,0.0,0.0,0.001586059963035826
25831,2020-09-21,St. Lawrence,1,319,231,54983,0.004329004329004329,0.0,0.0016839474235606493
25832,2020-09-22,St. Lawrence,1,320,339,55322,0.0029498525073746312,0.0,0.0013596056952217047
25833,2020-09-23,St. Lawrence,2,322,598,55920,0.0033444816053511705,0.0,0.0013898451310747895
25834,2020-09-24,St. Lawrence,0,322,804,56724,0.0,0.0,0.0012622941106666262
25835,2020-09-25,St. Lawrence,0,322,844,57568,0.0,0.0,0.00110667630799
25836,2020-09-26,St. Lawrence,0,322,475,58043,0.0,0.0,0.0007588098886950093
25837,2020-09-27,St. Lawrence,2,324,345,58388,0.005797101449275362,0.0,0.0011728885636432494
25838,2020-09-28,St. Lawrence,1,325,210,58598,0.004761904761904762,0.0,0.0012038100231361374
25839,2020-09-29,St. Lawrence,2,327,1949,60547,0.001026167265264238,0.0,0.0010664039344139666
25840,2020-09-30,St. Lawrence,3,330,1096,61643,0.002737226277372263,0.0,0.0010230285538440447
25841,2020-10-01,St. Lawrence,1,331,852,62495,0.0011737089201877935,0.0,0.0011068649052860299
25842,2020-10-02,St. Lawrence,2,333,799,63294,0.0025031289111389237,0.0,0.001285659827510239
25843,2020-10-03,St. Lawrence,2,335,653,63947,0.0030627871362940277,0.0,0.0015044303372455264
25844,2020-10-04,St. Lawrence,1,336,236,64183,0.00423728813559322,0.0,0.0013930151005539448
25845,2020-10-05,St. Lawrence,1,337,646,64829,0.0015479876160990713,0.0,0.0011634495901392526
25846,2020-10-06,St. Lawrence,0,337,1964,66793,0.0,0.0,0.001090151928334664
25847,2020-10-07,St. Lawrence,2,339,435,67228,0.004597701149425287,0.0,0.001223042990624166
25848,2020-10-08,St. Lawrence,3,342,1328,68556,0.002259036144578313,0.0,0.0013005663637949175
25849,2020-10-09,St. Lawrence,2,344,1047,69603,0.0019102196752626551,0.0,0.0012582157040894697
25850,2020-10-10,St. Lawrence,1,345,681,70284,0.0014684287812041115,0.0,0.0011443329644401901
25851,2020-10-11,St. Lawrence,0,345,278,70562,0.0,0.0,0.0008416695261835314
25852,2020-10-12,St. Lawrence,1,346,278,70840,0.0035971223021582736,0.0,0.0009880362894734743
25853,2020-10-13,St. Lawrence,3,349,2005,72845,0.0014962593516209476,0.0,0.0010949119574463991
25854,2020-10-14,St. Lawrence,2,351,284,73129,0.007042253521126761,0.0,0.0012695228411393616
25855,2020-10-15,St. Lawrence,2,353,371,73500,0.005390835579514825,0.0,0.001493222800777684
25856,2020-10-16,St. Lawrence,2,355,2157,75657,0.0009272137227630969,0.0,0.0014230080898848581
25857,2020-10-17,St. Lawrence,3,358,618,76275,0.0048543689320388345,0.0,0.0016648609578016245
25858,2020-10-18,St. Lawrence,5,363,192,76467,0.026041666666666668,1.0,0.0035249800054206713
25859,2020-10-19,St. Lawrence,5,368,306,76773,0.016339869281045753,1.0,0.004435176218198348
25860,2020-10-20,St. Lawrence,4,372,1858,78631,0.002152852529601722,1.0,0.0044820757309112615
25861,2020-10-21,St. Lawrence,4,376,1320,79951,0.0030303030303030303,1.0,0.0041955078387095664
25862,2020-10-22,St. Lawrence,3,379,951,80902,0.0031545741324921135,1.0,0.004035774878207944
25863,2020-10-23,St. Lawrence,3,382,455,81357,0.006593406593406593,1.0,0.0044405029403967655
25864,2020-10-24,St. Lawrence,4,386,517,81874,0.007736943907156673,2.0,0.004646401152905183
25865,2020-10-25,St. Lawrence,4,390,294,82168,0.013605442176870748,1.0,0.003758099403634046
25866,2020-10-26,St. Lawrence,6,396,651,82819,0.009216589861751152,2.0,0.003249293730827288
25867,2020-10-27,St. Lawrence,3,399,1991,84810,0.0015067805123053742,1.0,0.0032031457295918346
25868,2020-10-28,St. Lawrence,6,405,1509,86319,0.003976143141153081,2.0,0.0032707057375096953
25869,2020-10-29,St. Lawrence,4,409,604,86923,0.006622516556291391,2.0,0.003518415910638215
25870,2020-10-30,St. Lawrence,6,415,830,87753,0.007228915662650603,2.0,0.003563809415584216
25871,2020-10-31,St. Lawrence,8,423,354,88107,0.022598870056497175,2.0,0.004625375569108537
25872,2020-11-01,St. Lawrence,5,428,275,88382,0.01818181818181818,2.0,0.004952259569461925
25873,2020-11-02,St. Lawrence,8,436,431,88813,0.018561484918793503,2.0,0.005619752073536379
25874,2020-11-03,St. Lawrence,6,442,342,89155,0.017543859649122806,3.0,0.006765257726166195
25875,2020-11-04,St. Lawrence,7,449,3437,92592,0.002036659877800407,3.0,0.006626723207355291
25876,2020-11-05,St. Lawrence,12,461,839,93431,0.014302741358760428,3.0,0.007175310693245936
25877,2020-11-06,St. Lawrence,10,471,486,93917,0.0205761316872428,4.0,0.008128683266431092
25878,2020-11-07,St. Lawrence,9,480,578,94495,0.015570934256055362,4.0,0.007626687852113821
25879,2020-11-08,St. Lawrence,13,493,361,94856,0.036011080332409975,4.0,0.008900206577156093
25880,2020-11-09,St. Lawrence,8,501,303,95159,0.026402640264026403,4.0,0.009460289101815586
25881,2020-11-10,St. Lawrence,8,509,1355,96514,0.005904059040590406,4.0,0.0086288747726347
25882,2020-11-11,St. Lawrence,18,527,1148,97662,0.0156794425087108,5.0,0.009603359246271157
25883,2020-11-12,St. Lawrence,19,546,2839,100501,0.006692497358224727,6.0,0.009059770389090034
25884,2020-11-13,St. Lawrence,8,554,1162,101663,0.0068846815834767644,5.0,0.00808180966739246
25885,2020-11-14,St. Lawrence,14,568,1104,102767,0.012681159420289856,6.0,0.007875397179123495
25886,2020-11-15,St. Lawrence,5,573,151,102918,0.033112582781456956,5.0,0.007668361639769708
25887,2020-11-16,St. Lawrence,30,603,798,103716,0.03759398496240601,7.0,0.008467743403939682
25888,2020-11-17,St. Lawrence,7,610,1011,104727,0.006923837784371909,7.0,0.008540584742781217
25889,2020-11-18,St. Lawrence,17,627,2866,107593,0.005931612002791347,7.0,0.007844311135215542
25890,2020-11-19,St. Lawrence,22,649,1496,109089,0.014705882352941176,7.0,0.008416695777695288
25891,2020-11-20,St. Lawrence,9,658,1147,110236,0.007846556233653008,7.0,0.008485401109850733
25892,2020-11-21,St. Lawrence,9,667,1030,111266,0.008737864077669903,7.0,0.00820373715680645
25893,2020-11-22,St. Lawrence,11,678,1115,112381,0.009865470852017937,7.0,0.006543229161846521
25894,2020-11-23,St. Lawrence,27,705,351,112732,0.07692307692307693,7.0,0.009352450016180158
25895,2020-11-24,St. Lawrence,18,723,501,113233,0.03592814371257485,8.0,0.011424186153908942
25896,2020-11-25,St. Lawrence,20,743,1590,114823,0.012578616352201259,8.0,0.011898972178866792
25897,2020-11-26,St. Lawrence,41,784,938,115761,0.04371002132196162,9.0,0.01397069639093968
25898,2020-11-27,St. Lawrence,21,805,499,116260,0.04208416833667335,10.0,0.01641624011258399
25899,2020-11-28,St. Lawrence,17,822,1084,117344,0.015682656826568265,11.0,0.0169122967375053
25900,2020-11-29,St. Lawrence,28,850,598,117942,0.046822742474916385,12.0,0.01955210185342662
25901,2020-11-30,St. Lawrence,24,874,396,118338,0.06060606060606061,12.0,0.01838660068792545
25902,2020-12-01,St. Lawrence,39,913,884,119222,0.04411764705882353,13.0,0.018971565212657502
25903,2020-12-02,St. Lawrence,68,981,1897,121119,0.03584607274644175,17.0,0.02063352638367468
25904,2020-12-03,St. Lawrence,83,1064,982,122101,0.0845213849287169,20.0,0.0235486237841572
25905,2020-12-04,St. Lawrence,19,1083,1437,123538,0.013221990257480862,19.0,0.021487039635643447
25906,2020-12-05,St. Lawrence,17,1100,469,124007,0.03624733475479744,19.0,0.02295594520194553
25907,2020-12-06,St. Lawrence,38,1138,1340,125347,0.028358208955223882,20.0,0.021637049950538927
25908,2020-12-07,St. Lawrence,24,1162,743,126090,0.03230148048452221,20.0,0.0196152942275719
25909,2020-12-08,St. Lawrence,20,1182,865,126955,0.023121387283236993,19.0,0.018115561386458572
25910,2020-12-09,St. Lawrence,24,1206,1342,128297,0.01788375558867362,16.0,0.01683253873233228
25911,2020-12-10,St. Lawrence,64,1270,882,129179,0.07256235827664399,14.0,0.0159783225428985
25912,2020-12-11,St. Lawrence,36,1306,726,129905,0.049586776859504134,15.0,0.018575807300185876
25913,2020-12-12,St. Lawrence,33,1339,853,130758,0.038686987104337635,17.0,0.01875006818229589
25914,2020-12-13,St. Lawrence,14,1353,752,131510,0.018617021276595744,15.0,0.01805426906239388
25915,2020-12-14,St. Lawrence,19,1372,534,132044,0.035580524344569285,15.0,0.01828848648096867
25916,2020-12-15,St. Lawrence,37,1409,756,132800,0.04894179894179894,16.0,0.020132801599437384
25917,2020-12-16,St. Lawrence,55,1464,1545,134345,0.03559870550161812,18.0,0.021398155164647707
25918,2020-12-17,St. Lawrence,47,1511,771,135116,0.0609597924773022,17.0,0.02056940046469472
25919,2020-12-18,St. Lawrence,35,1546,599,135715,0.05843071786310518,17.0,0.021201110536380508
25920,2020-12-19,St. Lawrence,38,1584,635,136350,0.05984251968503937,17.0,0.022712220006430632
25921,2020-12-20,St. Lawrence,29,1613,462,136812,0.06277056277056277,18.0,0.025866044398856848
25922,2020-12-21,St. Lawrence,44,1657,584,137396,0.07534246575342465,20.0,0.028706183070917952
25923,2020-12-22,St. Lawrence,47,1704,474,137870,0.09915611814345991,21.0,0.03229292015675087
25924,2020-12-23,St. Lawrence,60,1764,1038,138908,0.057803468208092484,21.0,0.03387897463578476
25925,2020-12-24,St. Lawrence,51,1815,691,139599,0.07380607814761216,21.0,0.03479656646937832
25926,2020-12-25,St. Lawrence,36,1851,619,140218,0.05815831987075929,21.0,0.03477710946992504
25927,2020-12-26,St. Lawrence,26,1877,349,140567,0.07449856733524356,20.0,0.03582397001636821
25928,2020-12-27,St. Lawrence,35,1912,365,140932,0.0958904109589041,21.0,0.03818967345839258
25929,2020-12-28,St. Lawrence,36,1948,378,141310,0.09523809523809523,20.0,0.039610789850154766
25930,2020-12-29,St. Lawrence,63,2011,484,141794,0.13016528925619836,21.0,0.0418257306439218
25931,2020-12-30,St. Lawrence,73,2084,1155,142949,0.0632034632034632,22.0,0.04221144457216257
25932,2020-12-31,St. Lawrence,98,2182,770,143719,0.12727272727272726,26.0,0.046030490938242206
25933,2021-01-01,St. Lawrence,71,2253,690,144409,0.10289855072463767,28.0,0.049226221713519244
25934,2021-01-02,St. Lawrence,90,2343,663,145072,0.13574660633484162,33.0,0.05360108164206196
25935,2021-01-03,St. Lawrence,32,2375,367,145439,0.08719346049046321,33.0,0.052979870894316175
25936,2021-01-04,St. Lawrence,153,2528,1267,146706,0.12075769534333071,41.0,0.054802699473261586
25937,2021-01-05,St. Lawrence,66,2594,757,147463,0.08718626155878467,41.0,0.05173276892344631
25938,2021-01-06,St. Lawrence,105,2699,2009,149472,0.05226480836236934,43.0,0.05095143643479675
25939,2021-01-07,St. Lawrence,104,2803,1267,150739,0.08208366219415943,44.0,0.0477236460720419
25940,2021-01-08,St. Lawrence,82,2885,1369,152108,0.05989773557341125,45.0,0.04465215927552573
25941,2021-01-09,St. Lawrence,52,2937,950,153058,0.05473684210526316,42.0,0.03886574754484155
25942,2021-01-10,St. Lawrence,103,3040,1192,154250,0.08640939597315436,47.0,0.03880974293646235
25943,2021-01-11,St. Lawrence,53,3093,1076,155326,0.04925650557620818,40.0,0.0337025150959536
25944,2021-01-12,St. Lawrence,69,3162,1249,156575,0.055244195356285025,40.0,0.031420938938632195
25945,2021-01-13,St. Lawrence,66,3228,2053,158628,0.03214807598636142,37.0,0.02998402948320306
25946,2021-01-14,St. Lawrence,92,3320,1900,160528,0.04842105263157895,36.0,0.02757955737159017
25947,2021-01-15,St. Lawrence,117,3437,1891,162419,0.06187202538339503,39.0,0.02772057807230329
25948,2021-01-16,St. Lawrence,59,3496,644,163063,0.09161490683229814,39.0,0.030354725552805797
25949,2021-01-17,St. Lawrence,51,3547,507,163570,0.10059171597633136,36.0,0.03136774841017558
25950,2021-01-18,St. Lawrence,83,3630,722,164292,0.1149584487534626,38.0,0.03606074435140804
25951,2021-01-19,St. Lawrence,55,3685,1695,165987,0.032448377581120944,37.0,0.034432471653182035
25952,2021-01-20,St. Lawrence,68,3753,1033,167020,0.06582768635043562,37.0,0.03683815810775876
25953,2021-01-21,St. Lawrence,102,3855,2452,169472,0.041598694942903754,38.0,0.03635084684428196
25954,2021-01-22,St. Lawrence,83,3938,2232,171704,0.03718637992831541,35.0,0.034587586454633425
25955,2021-01-23,St. Lawrence,68,4006,1510,173214,0.045033112582781455,36.0,0.0312603154368108
25956,2021-01-24,St. Lawrence,59,4065,565,173779,0.10442477876106195,37.0,0.03153410563572013
25957,2021-01-25,St. Lawrence,48,4113,627,174406,0.07655502392344497,34.0,0.028791003862147436
25958,2021-01-26,St. Lawrence,56,4169,1165,175571,0.048068669527897,34.0,0.02990673900120287
25959,2021-01-27,St. Lawrence,52,4221,1128,176699,0.04609929078014184,33.0,0.028497567889039028
25960,2021-01-28,St. Lawrence,68,4289,2801,179500,0.024277043912888253,31.0,0.027260307101180777
25961,2021-01-29,St. Lawrence,47,4336,1699,181199,0.02766333137139494,28.0,0.02658008934711503
25962,2021-01-30,St. Lawrence,67,4403,1408,182607,0.04758522727272727,28.0,0.026762383253539728
25963,2021-01-31,St. Lawrence,43,4446,495,183102,0.08686868686868687,27.0,0.025508376689798655
25964,2021-02-01,St. Lawrence,43,4489,593,183695,0.07251264755480608,26.0,0.02521963552061016
25965,2021-02-02,St. Lawrence,22,4511,752,184447,0.02925531914893617,24.0,0.023875824779255816
25966,2021-02-03,St. Lawrence,28,4539,697,185144,0.040172166427546625,22.0,0.023452458754070444
25967,2021-02-04,St. Lawrence,53,4592,1025,186169,0.05170731707317073,21.0,0.025411763979804908
25968,2021-02-05,St. Lawrence,48,4640,2343,188512,0.020486555697823303,21.0,0.024899137145978363
25969,2021-02-06,St. Lawrence,42,4682,681,189193,0.06167400881057269,19.0,0.025905478684395886
25970,2021-02-07,St. Lawrence,30,4712,537,189730,0.055865921787709494,19.0,0.023690995464326074
25971,2021-02-08,St. Lawrence,26,4738,387,190117,0.06718346253229975,17.0,0.02331033939128991
25972,2021-02-09,St. Lawrence,59,4797,3194,193311,0.018472135253600502,20.0,0.022540111970194506
25973,2021-02-10,St. Lawrence,36,4833,1950,195261,0.018461538461538463,21.0,0.020989352829765353
25974,2021-02-11,St. Lawrence,41,4874,1774,197035,0.023111612175873732,20.0,0.018946802479958422
25975,2021-02-12,St. Lawrence,48,4922,1682,198717,0.028537455410225922,20.0,0.01952186674513004
25976,2021-02-13,St. Lawrence,70,4992,963,199680,0.07268951194184839,22.0,0.02030868839736402
25977,2021-02-14,St. Lawrence,23,5015,333,200013,0.06906906906906907,21.0,0.02125177034603256
25978,2021-02-15,St. Lawrence,19,5034,346,200359,0.05491329479768786,21.0,0.020375329793560278
25979,2021-02-16,St. Lawrence,33,5067,3116,203475,0.010590500641848523,19.0,0.019812355892720852
25980,2021-02-17,St. Lawrence,21,5088,613,204088,0.03425774877650897,18.0,0.020940656629504457
25981,2021-02-18,St. Lawrence,58,5146,1456,205544,0.03983516483516483,19.0,0.022135196105168113
25982,2021-02-19,St. Lawrence,48,5194,2142,207686,0.022408963585434174,19.0,0.021697446689111558
25983,2021-02-20,St. Lawrence,39,5233,584,208270,0.06678082191780822,17.0,0.021275397401680114
25984,2021-02-21,St. Lawrence,25,5258,493,208763,0.05070993914807302,17.0,0.01996403097875183
25985,2021-02-22,St. Lawrence,29,5287,470,209233,0.06170212765957447,18.0,0.02044894761174373
25986,2021-02-23,St. Lawrence,49,5336,4685,213918,0.010458911419423693,19.0,0.020439548381570527
25987,2021-02-24,St. Lawrence,47,5383,2775,216693,0.016936936936936937,21.0,0.019202347535886812
25988,2021-02-25,St. Lawrence,56,5439,2117,218810,0.026452527161076995,20.0,0.018246444844880534
25989,2021-02-26,St. Lawrence,42,5481,1688,220498,0.024881516587677725,20.0,0.018423055773612217
25990,2021-02-27,St. Lawrence,33,5514,788,221286,0.04187817258883249,20.0,0.016644295107256808
25991,2021-02-28,St. Lawrence,18,5532,382,221668,0.04712041884816754,19.0,0.016387900800120706
25992,2021-03-01,St. Lawrence,31,5563,304,221972,0.10197368421052631,19.0,0.01926444055376012
25993,2021-03-02,St. Lawrence,38,5601,3215,225187,0.01181959564541213,18.0,0.019361632284187864
25994,2021-03-03,St. Lawrence,21,5622,1840,227027,0.01141304347826087,17.0,0.018967068465711005
25995,2021-03-04,St. Lawrence,22,5644,2057,229084,0.0106951871657754,14.0,0.01784154418033232
25996,2021-03-05,St. Lawrence,45,5689,1463,230547,0.030758714969241284,14.0,0.018261344064729713
25997,2021-03-06,St. Lawrence,12,5701,753,231300,0.01593625498007968,13.0,0.0164083499498188
25998,2021-03-07,St. Lawrence,25,5726,370,231670,0.06756756756756757,13.0,0.01786886057263309
25999,2021-03-08,St. Lawrence,7,5733,422,232092,0.016587677725118485,12.0,0.011769860109389671
26000,2021-03-09,St. Lawrence,15,5748,3145,235237,0.0047694753577106515,10.0,0.011266280088839566
26001,2021-03-10,St. Lawrence,11,5759,1837,237074,0.005988023952095809,9.0,0.010878778694113491
26002,2021-03-11,St. Lawrence,16,5775,2143,239217,0.007466168922071862,9.0,0.010648134533848953
26003,2021-03-12,St. Lawrence,15,5790,1129,240346,0.013286093888396812,7.0,0.009400090170931491
26004,2021-03-13,St. Lawrence,7,5797,863,241209,0.008111239860950173,6.0,0.008841160519565098
26005,2021-03-14,St. Lawrence,3,5800,482,241691,0.006224066390041493,5.0,0.00445948186402752
26006,2021-03-15,St. Lawrence,6,5806,440,242131,0.013636363636363636,5.0,0.0042486737148307455
26007,2021-03-16,St. Lawrence,18,5824,1925,244056,0.00935064935064935,5.0,0.0045759004286120815
26008,2021-03-17,St. Lawrence,7,5831,2184,246240,0.003205128205128205,5.0,0.004377122160971538
26009,2021-03-18,St. Lawrence,5,5836,2725,248965,0.001834862385321101,4.0,0.003974885979775055
26010,2021-03-19,St. Lawrence,5,5841,741,249706,0.006747638326585695,3.0,0.0035078534396456892
26011,2021-03-20,St. Lawrence,3,5844,444,250150,0.006756756756756757,3.0,0.0034111046464890167
26012,2021-03-21,St. Lawrence,6,5850,390,250540,0.015384615384615385,3.0,0.004065429574672866
26013,2021-03-22,St. Lawrence,4,5854,358,250898,0.0111731843575419,3.0,0.0038894881976141715
26014,2021-03-23,St. Lawrence,3,5857,2881,253779,0.0010413051023950017,2.0,0.0032959636084531467
26015,2021-03-24,St. Lawrence,8,5865,4088,257867,0.0019569471624266144,2.0,0.003206807819688747
26016,2021-03-25,St. Lawrence,11,5876,2868,260735,0.0038354253835425384,2.0,0.0033497051767045634
26017,2021-03-26,St. Lawrence,14,5890,1174,261909,0.01192504258943782,3.0,0.003719519766908287
26018,2021-03-27,St. Lawrence,15,5905,709,262618,0.021156558533145273,4.0,0.004748077036650324
26019,2021-03-28,St. Lawrence,12,5917,719,263337,0.016689847009735744,4.0,0.004841307867016064
26020,2021-03-29,St. Lawrence,6,5923,468,263805,0.01282051282051282,4.0,0.0049589741857997
26021,2021-03-30,St. Lawrence,5,5928,2662,266467,0.0018782870022539444,5.0,0.005018758607218197
26022,2021-03-31,St. Lawrence,13,5941,1954,268421,0.006653019447287615,5.0,0.0053541923418511245
26023,2021-04-01,St. Lawrence,13,5954,2911,271332,0.004465819306080384,5.0,0.0053992204791752565
26024,2021-04-02,St. Lawrence,15,5969,1367,272699,0.010972933430870519,5.0,0.005331212682134735
26025,2021-04-03,St. Lawrence,15,5984,451,273150,0.03325942350332594,5.0,0.006195703037147641
26026,2021-04-04,St. Lawrence,11,5995,350,273500,0.03142857142857143,5.0,0.007248469067064474
26027,2021-04-05,St. Lawrence,13,6008,366,273866,0.03551912568306011,6.0,0.008869798557246424
26028,2021-04-06,St. Lawrence,14,6022,2536,276402,0.005520504731861199,6.0,0.009129956966504085
26029,2021-04-07,St. Lawrence,25,6047,2409,278811,0.0103777501037775,7.0,0.009396009156253365
26030,2021-04-08,St. Lawrence,27,6074,2596,281407,0.010400616332819723,8.0,0.009819923229591887
26031,2021-04-09,St. Lawrence,13,6087,1125,282532,0.011555555555555555,8.0,0.009861539095640817
26032,2021-04-10,St. Lawrence,13,6100,515,283047,0.02524271844660194,8.0,0.009288917305874817
26033,2021-04-11,St. Lawrence,13,6113,272,283319,0.04779411764705882,8.0,0.010457884892909632
26034,2021-04-12,St. Lawrence,12,6125,397,283716,0.030226700251889168,8.0,0.010079854504968852
26035,2021-04-13,St. Lawrence,12,6137,2441,286157,0.004916018025399427,8.0,0.010036676883078726
26036,2021-04-14,St. Lawrence,18,6155,2842,288999,0.0063335679099225895,7.0,0.009747806726374802
26037,2021-04-15,St. Lawrence,18,6173,1132,290131,0.015901060070671377,7.0,0.010140695564792777
26038,2021-04-16,St. Lawrence,21,6194,1194,291325,0.017587939698492462,7.0,0.010571580146431126
26039,2021-04-17,St. Lawrence,23,6217,1959,293284,0.01174068402246044,8.0,0.009607149116135305
26040,2021-04-18,St. Lawrence,8,6225,195,293479,0.041025641025641026,8.0,0.00912368650031975
26041,2021-04-19,St. Lawrence,1,6226,446,293925,0.002242152466367713,7.0,0.007124790229925361
26042,2021-04-20,St. Lawrence,20,6246,3100,297025,0.0064516129032258064,7.0,0.00723447557834153
26043,2021-04-21,St. Lawrence,11,6257,1708,298733,0.006440281030444965,7.0,0.007242097944093128
26044,2021-04-22,St. Lawrence,16,6273,1992,300725,0.008032128514056224,7.0,0.006680031404334902
26045,2021-04-23,St. Lawrence,6,6279,1264,301989,0.004746835443037975,6.0,0.005762809671802439
26046,2021-04-24,St. Lawrence,15,6294,664,302653,0.022590361445783132,5.0,0.006537786630611204
26047,2021-04-25,St. Lawrence,10,6304,362,303015,0.027624309392265192,5.0,0.005580548656798645
26048,2021-04-26,St. Lawrence,2,6306,455,303470,0.004395604395604396,5.0,0.005734366651744121
26049,2021-04-27,St. Lawrence,15,6321,632,304102,0.023734177215189875,5.0,0.006968835531170127
26050,2021-04-28,St. Lawrence,16,6337,1239,305341,0.0129136400322841,5.0,0.007431218317015778
26051,2021-04-29,St. Lawrence,15,6352,1886,307227,0.007953340402969246,5.0,0.00742559059479528
26052,2021-04-30,St. Lawrence,11,6363,583,307810,0.018867924528301886,6.0,0.008434239815171274
26053,2021-05-01,St. Lawrence,7,6370,479,308289,0.014613778705636743,5.0,0.007864483905160816
26054,2021-05-02,St. Lawrence,9,6379,388,308677,0.023195876288659795,5.0,0.007548167254903288
26055,2021-05-03,St. Lawrence,6,6385,740,309417,0.008108108108108109,5.0,0.007813346091510697
26056,2021-05-04,St. Lawrence,9,6394,658,310075,0.013677811550151976,5.0,0.007095034258293704
26057,2021-05-05,St. Lawrence,11,6405,1528,311603,0.007198952879581152,4.0,0.006686842318814922
26058,2021-05-06,St. Lawrence,10,6415,1391,312994,0.007189072609633357,4.0,0.0066322517621480725
26059,2021-05-07,St. Lawrence,6,6421,1208,314202,0.004966887417218543,4.0,0.005639320539927834
26060,2021-05-08,St. Lawrence,12,6433,498,314700,0.024096385542168676,4.0,0.006316649599680114
26061,2021-05-09,St. Lawrence,14,6447,239,314939,0.058577405857740586,4.0,0.008843901711757316
26062,2021-05-10,St. Lawrence,6,6453,374,315313,0.016042780748663103,4.0,0.009410664043225528
26063,2021-05-11,St. Lawrence,13,6466,534,315847,0.024344569288389514,5.0,0.010172575310242493
26064,2021-05-12,St. Lawrence,14,6480,1493,317340,0.009377093101138647,5.0,0.010328156754639458
26065,2021-05-13,St. Lawrence,13,6493,1667,319007,0.007798440311937612,5.0,0.010371683019089762
26066,2021-05-14,St. Lawrence,14,6507,605,319612,0.023140495867768594,6.0,0.011669797908414768
26067,2021-05-15,St. Lawrence,8,6515,332,319944,0.024096385542168676,5.0,0.011669797908414766
26068,2021-05-16,St. Lawrence,9,6524,218,320162,0.04128440366972477,5.0,0.010434583466413638
26069,2021-05-17,St. Lawrence,3,6527,291,320453,0.010309278350515464,5.0,0.010025047580831661
26070,2021-05-18,St. Lawrence,12,6539,541,320994,0.022181146025878003,5.0,0.009870517347795125
26071,2021-05-19,St. Lawrence,12,6551,1723,322717,0.006964596633778294,5.0,0.0096981961715551
26072,2021-05-20,St. Lawrence,13,6564,1196,323913,0.010869565217391304,5.0,0.009917562236230363
26073,2021-05-21,St. Lawrence,7,6571,521,324434,0.013435700575815739,4.0,0.009224362572519447
26074,2021-05-22,St. Lawrence,6,6577,292,324726,0.02054794520547945,4.0,0.008970902548470217
26075,2021-05-23,St. Lawrence,7,6584,181,324907,0.03867403314917127,4.0,0.008784447511287824
26076,2021-05-24,St. Lawrence,7,6591,449,325356,0.015590200445434299,4.0,0.009161656232353455
26077,2021-05-25,St. Lawrence,4,6595,539,325895,0.0074211502782931356,4.0,0.008107370821811679
26078,2021-05-26,St. Lawrence,3,6598,1204,327099,0.0024916943521594683,3.0,0.0077878778016960476
26079,2021-05-27,St. Lawrence,8,6606,948,328047,0.008438818565400843,3.0,0.007614253040839586
26080,2021-05-28,St. Lawrence,3,6609,450,328497,0.006666666666666667,2.0,0.00713075061875751
26081,2021-05-29,St. Lawrence,0,6609,557,329054,0.0,2.0,0.005663040246937549
26082,2021-05-30,St. Lawrence,2,6611,139,329193,0.014388489208633094,1.0,0.0039283585368991075
26083,2021-05-31,St. Lawrence,0,6611,159,329352,0.0,1.0,0.002814772790796658
26084,2021-06-01,St. Lawrence,1,6612,146,329498,0.00684931506849315,1.0,0.002773927418668088
26085,2021-06-02,St. Lawrence,4,6616,505,330003,0.007920792079207921,1.0,0.003161720113457263
26086,2021-06-03,St. Lawrence,1,6617,1408,331411,0.0007102272727272727,0.0,0.0026096778782662934
26087,2021-06-04,St. Lawrence,1,6618,434,331845,0.002304147465437788,0.0,0.0022980693638928015
26088,2021-06-05,St. Lawrence,1,6619,228,332073,0.0043859649122807015,0.0,0.0026113525719128517
26089,2021-06-06,St. Lawrence,0,6619,139,332212,0.0,0.0,0.0015836033427247737
26090,2021-06-07,St. Lawrence,0,6619,216,332428,0.0,0.0,0.0015836033427247737
26091,2021-06-08,St. Lawrence,3,6622,359,332787,0.008356545961002786,0.0,0.0016912626921897478
26092,2021-06-09,St. Lawrence,4,6626,793,333580,0.005044136191677175,0.0,0.0014857872716518374
26093,2021-06-10,St. Lawrence,2,6628,1148,334728,0.0017421602787456446,0.0,0.0015594967720817213
26094,2021-06-11,St. Lawrence,1,6629,462,335190,0.0021645021645021645,0.0,0.0015495221077291763
26095,2021-06-12,St. Lawrence,4,6633,417,335607,0.009592326139088728,1.0,0.0019214050525011785
26096,2021-06-13,St. Lawrence,4,6637,144,335751,0.027777777777777776,1.0,0.003905532036628162
26097,2021-06-14,St. Lawrence,3,6640,310,336061,0.00967741935483871,1.0,0.004596776276259498
26098,2021-06-15,St. Lawrence,1,6641,295,336356,0.003389830508474576,1.0,0.004242010886793198
26099,2021-06-16,St. Lawrence,1,6642,497,336853,0.002012072434607646,1.0,0.0040254349041453745
26100,2021-06-17,St. Lawrence,2,6644,471,337324,0.004246284501061571,1.0,0.004204300920025083
26101,2021-06-18,St. Lawrence,2,6646,306,337630,0.006535947712418301,1.0,0.0045165470305905215
26102,2021-06-19,St. Lawrence,3,6649,256,337886,0.01171875,1.0,0.004668434449227042
26103,2021-06-20,St. Lawrence,0,6649,133,338019,0.0,0.0,0.0026843074651000574
26104,2021-06-21,St. Lawrence,2,6651,251,338270,0.00796812749003984,0.0,0.0025622151890429957
26105,2021-06-22,St. Lawrence,3,6654,233,338503,0.012875536480686695,0.0,0.003239765615629575
26106,2021-06-23,St. Lawrence,2,6656,595,339098,0.0033613445378151263,1.0,0.003336142194430109
26107,2021-06-24,St. Lawrence,1,6657,242,339340,0.004132231404958678,0.0,0.003327995544708474
26108,2021-06-25,St. Lawrence,4,6661,206,339546,0.019417475728155338,1.0,0.004248104688689692
26109,2021-06-26,St. Lawrence,1,6662,183,339729,0.00546448087431694,0.0,0.0038013711797123297
26110,2021-06-27,St. Lawrence,2,6664,128,339857,0.015625,1.0,0.004917442608283759
26111,2021-06-28,St. Lawrence,1,6665,135,339992,0.007407407407407408,1.0,0.004877391173810012
26112,2021-06-29,St. Lawrence,2,6667,202,340194,0.009900990099009901,0.0,0.004664923575118813
26113,2021-06-30,St. Lawrence,4,6671,330,340524,0.012121212121212121,1.0,0.005290628402504313
26114,2021-07-01,St. Lawrence,0,6671,345,340869,0.0,1.0,0.004995469016435836
26115,2021-07-02,St. Lawrence,1,6672,147,341016,0.006802721088435374,0.0,0.004094415113598695
26116,2021-07-03,St. Lawrence,0,6672,144,341160,0.0,0.0,0.0037040950511474857
26117,2021-07-04,St. Lawrence,0,6672,146,341306,0.0,0.0,0.002588023622576057
26118,2021-07-05,St. Lawrence,0,6672,56,341362,0.0,0.0,0.002058923093475528
26119,2021-07-06,St. Lawrence,0,6672,102,341464,0.0,0.0,0.001351709514974821
26120,2021-07-07,St. Lawrence,1,6673,232,341696,0.004310344827586207,0.0,0.0007937904225729699
26121,2021-07-08,St. Lawrence,1,6674,315,342011,0.0031746031746031746,0.0,0.0010205477921874826
26122,2021-07-09,St. Lawrence,1,6675,247,342258,0.004048582995951417,0.0,0.0008238236427243428
26123,2021-07-10,St. Lawrence,7,6682,152,342410,0.046052631578947366,0.0,0.004113297326934869
26124,2021-07-11,St. Lawrence,1,6683,144,342554,0.006944444444444444,0.0,0.004609329072966614
26125,2021-07-12,St. Lawrence,1,6684,96,342650,0.010416666666666666,0.0,0.005353376692014233
26126,2021-07-13,St. Lawrence,3,6687,205,342855,0.014634146341463415,1.0,0.00639867285926162
26127,2021-07-14,St. Lawrence,1,6688,647,343502,0.0015455950540958269,1.0,0.006201190732583737
26128,2021-07-15,St. Lawrence,1,6689,210,343712,0.004761904761904762,1.0,0.0063145694173909915
26129,2021-07-16,St. Lawrence,1,6690,191,343903,0.005235602094240838,1.0,0.006399356495840237
26130,2021-07-17,St. Lawrence,1,6691,197,344100,0.005076142131979695,0.0,0.003472464392485403
26131,2021-07-18,St. Lawrence,0,6691,104,344204,0.0,0.0,0.002976432646453657
26132,2021-07-19,St. Lawrence,2,6693,224,344428,0.008928571428571428,0.0,0.002870140129446855
26133,2021-07-20,St. Lawrence,0,6693,176,344604,0.0,0.0,0.0018248439621994677
26134,2021-07-21,St. Lawrence,3,6696,222,344826,0.013513513513513514,0.0,0.002679695280729303
26135,2021-07-22,St. Lawrence,12,6708,288,345114,0.041666666666666664,1.0,0.005315749702498011
26136,2021-07-23,St. Lawrence,7,6715,282,345396,0.024822695035460994,1.0,0.006714827769728021
26137,2021-07-24,St. Lawrence,9,6724,196,345592,0.04591836734693878,2.0,0.009632129570796526
26138,2021-07-25,St. Lawrence,1,6725,102,345694,0.00980392156862745,2.0,0.010332409682841343
26139,2021-07-26,St. Lawrence,6,6731,628,346322,0.009554140127388535,2.0,0.01037709316132828
26140,2021-07-27,St. Lawrence,3,6734,165,346487,0.01818181818181818,2.0,0.011675794460029578
26141,2021-07-28,St. Lawrence,4,6738,262,346749,0.015267175572519083,3.0,0.011801056035672833
26142,2021-07-29,St. Lawrence,12,6750,240,346989,0.05,3.0,0.012396294130910928
26143,2021-07-30,St. Lawrence,3,6753,178,347167,0.016853932584269662,2.0,0.011827096812968691
26144,2021-07-31,St. Lawrence,3,6756,236,347403,0.012711864406779662,2.0,0.00945520374581447
26145,2021-08-01,St. Lawrence,2,6758,164,347567,0.012195121951219513,2.0,0.009626003773142475
26146,2021-08-02,St. Lawrence,9,6767,138,347705,0.06521739130434782,2.0,0.013601950285782424
26147,2021-08-03,St. Lawrence,3,6770,166,347871,0.018072289156626505,2.0,0.013594126783983015
26148,2021-08-04,St. Lawrence,12,6782,409,348280,0.029339853300733496,3.0,0.014599318050284046
26149,2021-08-05,St. Lawrence,4,6786,324,348604,0.012345679012345678,2.0,0.011909723694023025
26150,2020-03-01,Steuben,0,0,0,0,,,
26151,2020-03-02,Steuben,0,0,0,0,,,
26152,2020-03-03,Steuben,0,0,0,0,,,
26153,2020-03-04,Steuben,0,0,0,0,,,
26154,2020-03-05,Steuben,0,0,0,0,,,
26155,2020-03-06,Steuben,0,0,0,0,,,
26156,2020-03-07,Steuben,0,0,0,0,,0.0,
26157,2020-03-08,Steuben,0,0,0,0,,0.0,
26158,2020-03-09,Steuben,0,0,0,0,,0.0,
26159,2020-03-10,Steuben,0,0,0,0,,0.0,
26160,2020-03-11,Steuben,0,0,0,0,,0.0,
26161,2020-03-12,Steuben,0,0,0,0,,0.0,
26162,2020-03-13,Steuben,0,0,1,1,0.0,0.0,
26163,2020-03-14,Steuben,0,0,0,1,,0.0,
26164,2020-03-15,Steuben,0,0,0,1,,0.0,
26165,2020-03-16,Steuben,0,0,0,1,,0.0,
26166,2020-03-17,Steuben,0,0,0,1,,0.0,
26167,2020-03-18,Steuben,0,0,4,5,0.0,0.0,
26168,2020-03-19,Steuben,0,0,3,8,0.0,0.0,
26169,2020-03-20,Steuben,2,2,27,35,0.07407407407407407,0.0,
26170,2020-03-21,Steuben,1,3,17,52,0.058823529411764705,0.0,
26171,2020-03-22,Steuben,1,4,10,62,0.1,0.0,
26172,2020-03-23,Steuben,1,5,2,64,0.5,0.0,
26173,2020-03-24,Steuben,3,8,13,77,0.23076923076923078,0.0,0.06883334530393355
26174,2020-03-25,Steuben,3,11,30,107,0.1,0.0,0.07597620244679068
26175,2020-03-26,Steuben,1,12,25,132,0.04,0.0,0.07883334530393353
26176,2020-03-27,Steuben,1,13,27,159,0.037037037037037035,0.0,0.0761878426584309
26177,2020-03-28,Steuben,4,17,22,181,0.18181818181818182,1.0,0.08497317497317498
26178,2020-03-29,Steuben,2,19,8,189,0.25,1.0,0.09568746068746069
26179,2020-03-30,Steuben,5,24,39,228,0.1282051282051282,1.0,0.06913068413068413
26180,2020-03-31,Steuben,14,38,56,284,0.25,2.0,0.07050431050431051
26181,2020-04-01,Steuben,5,43,25,309,0.2,2.0,0.07764716764716764
26182,2020-04-02,Steuben,3,46,36,345,0.08333333333333333,2.0,0.08074240574240574
26183,2020-04-03,Steuben,9,55,27,372,0.3333333333333333,3.0,0.10190642690642691
26184,2020-04-04,Steuben,8,63,31,403,0.25806451612903225,3.0,0.10735259364291623
26185,2020-04-05,Steuben,12,75,40,443,0.3,4.0,0.1109240222143448
26186,2020-04-06,Steuben,0,75,22,465,0.0,3.0,0.10176651305683564
26187,2020-04-07,Steuben,7,82,67,532,0.1044776119402985,3.0,0.09137205676685696
26188,2020-04-08,Steuben,7,89,50,582,0.14,3.0,0.08708634248114266
26189,2020-04-09,Steuben,28,117,97,679,0.28865979381443296,5.0,0.10175251822979263
26190,2020-04-10,Steuben,2,119,28,707,0.07142857142857142,4.0,0.08304503523659536
26191,2020-04-11,Steuben,2,121,12,719,0.16666666666666666,4.0,0.07651661741785497
26192,2020-04-12,Steuben,2,123,10,729,0.2,3.0,0.06937376027499782
26193,2020-04-13,Steuben,24,147,90,819,0.26666666666666666,5.0,0.08842137932261687
26194,2020-04-14,Steuben,4,151,24,843,0.16666666666666666,4.0,0.0928634546602146
26195,2020-04-15,Steuben,3,154,20,863,0.15,4.0,0.0935777403745003
26196,2020-04-16,Steuben,0,154,25,888,0.0,2.0,0.07295918367346939
26197,2020-04-17,Steuben,6,160,92,980,0.06521739130434782,2.0,0.07251552795031056
26198,2020-04-18,Steuben,7,167,100,1080,0.07,3.0,0.06561076604554865
26199,2020-04-19,Steuben,0,167,4,1084,0.0,3.0,0.05132505175983437
26200,2020-04-20,Steuben,3,170,33,1117,0.09090909090909091,1.0,0.03877093920572181
26201,2020-04-21,Steuben,1,171,41,1158,0.024390243902439025,1.0,0.028608337579705552
26202,2020-04-22,Steuben,0,171,24,1182,0.0,1.0,0.01789405186541984
26203,2020-04-23,Steuben,0,171,28,1210,0.0,1.0,0.01789405186541984
26204,2020-04-24,Steuben,33,204,556,1766,0.05935251798561151,3.0,0.017475132342652962
26205,2020-04-25,Steuben,3,207,35,1801,0.08571428571428572,2.0,0.018597581322244795
26206,2020-04-26,Steuben,2,209,10,1811,0.2,3.0,0.032883295607959086
26207,2020-04-27,Steuben,1,210,58,1869,0.017241379310344827,2.0,0.02762131620804865
26208,2020-04-28,Steuben,4,214,105,1974,0.0380952380952381,3.0,0.028600244364677153
26209,2020-04-29,Steuben,2,216,63,2037,0.031746031746031744,3.0,0.03086781806082228
26210,2020-04-30,Steuben,0,216,42,2079,0.0,3.0,0.03086781806082228
26211,2020-05-01,Steuben,1,217,62,2141,0.016129032258064516,0.0,0.027780426223140347
26212,2020-05-02,Steuben,1,218,41,2182,0.024390243902439025,0.0,0.02340013752229416
26213,2020-05-03,Steuben,1,219,70,2252,0.014285714285714285,0.0,0.010134831399845178
26214,2020-05-04,Steuben,2,221,90,2342,0.022222222222222223,0.0,0.010490605893550707
26215,2020-05-05,Steuben,2,223,114,2456,0.017543859649122806,0.0,0.009022650290256756
26216,2020-05-06,Steuben,1,224,66,2522,0.015151515151515152,0.0,0.007837327676362716
26217,2020-05-07,Steuben,1,225,101,2623,0.009900990099009901,0.0,0.008544541254863421
26218,2020-05-08,Steuben,1,226,228,2851,0.0043859649122807015,0.0,0.007705750730164579
26219,2020-05-09,Steuben,1,227,73,2924,0.0136986301369863,0.0,0.006942064032632241
26220,2020-05-10,Steuben,1,228,58,2982,0.017241379310344827,0.0,0.007153182962962994
26221,2020-05-11,Steuben,1,229,90,3072,0.011111111111111112,0.0,0.0063595321693122
26222,2020-05-12,Steuben,1,230,306,3378,0.0032679738562091504,0.0,0.005339826041246938
26223,2020-05-13,Steuben,0,230,103,3481,0.0,0.0,0.004257574958995857
26224,2020-05-14,Steuben,1,231,110,3591,0.00909090909090909,0.0,0.004199712029845799
26225,2020-05-15,Steuben,2,233,68,3659,0.029411764705882353,0.0,0.005987269157960202
26226,2020-05-16,Steuben,1,234,97,3756,0.010309278350515464,0.0,0.005745172601783715
26227,2020-05-17,Steuben,1,235,67,3823,0.014925373134328358,0.0,0.0055797435892111094
26228,2020-05-18,Steuben,1,236,126,3949,0.007936507936507936,0.0,0.005352986219596597
26229,2020-05-19,Steuben,1,237,314,4263,0.0031847133757961785,0.0,0.005347039042424242
26230,2020-05-20,Steuben,1,238,133,4396,0.007518796992481203,0.0,0.005884095970458613
26231,2020-05-21,Steuben,2,240,161,4557,0.012422360248447204,0.0,0.006122056767425621
26232,2020-05-22,Steuben,0,240,114,4671,0.0,0.0,0.004021216431291167
26233,2020-05-23,Steuben,0,240,83,4754,0.0,0.0,0.003284839406254348
26234,2020-05-24,Steuben,0,240,72,4826,0.0,0.0,0.0022187413252308945
26235,2020-05-25,Steuben,0,240,79,4905,0.0,0.0,0.0016518479011946132
26236,2020-05-26,Steuben,1,241,221,5126,0.004524886877828055,0.0,0.001747574579911176
26237,2020-05-27,Steuben,0,241,132,5258,0.0,0.0,0.0012105176518768042
26238,2020-05-28,Steuben,0,241,98,5356,0.0,0.0,0.0003232062055591468
26239,2020-05-29,Steuben,0,241,133,5489,0.0,0.0,0.0003232062055591468
26240,2020-05-30,Steuben,0,241,122,5611,0.0,0.0,0.0003232062055591468
26241,2020-05-31,Steuben,0,241,91,5702,0.0,0.0,0.0003232062055591468
26242,2020-06-01,Steuben,1,242,133,5835,0.007518796992481203,0.0,0.0008602631335935184
26243,2020-06-02,Steuben,1,243,332,6167,0.0030120481927710845,0.0,0.0007522032275180205
26244,2020-06-03,Steuben,2,245,187,6354,0.0106951871657754,0.0,0.0015161451679305492
26245,2020-06-04,Steuben,1,246,148,6502,0.006756756756756757,0.0,0.0019987706505560318
26246,2020-06-05,Steuben,5,251,360,6862,0.013888888888888888,0.0,0.002990834142619524
26247,2020-06-06,Steuben,0,251,120,6982,0.0,0.0,0.002990834142619524
26248,2020-06-07,Steuben,0,251,162,7144,0.0,0.0,0.002990834142619524
26249,2020-06-08,Steuben,1,252,196,7340,0.00510204081632653,0.0,0.0028182087014656187
26250,2020-06-09,Steuben,1,253,238,7578,0.004201680672268907,0.0,0.002903182450001177
26251,2020-06-10,Steuben,1,254,374,7952,0.00267379679144385,0.0,0.0023302259946917808
26252,2020-06-11,Steuben,0,254,239,8191,0.0,0.0,0.0018476005120662982
26253,2020-06-12,Steuben,1,255,278,8469,0.0035971223021582736,0.0,0.001112474327299826
26254,2020-06-13,Steuben,0,255,158,8627,0.0,0.0,0.001112474327299826
26255,2020-06-14,Steuben,1,256,198,8825,0.005050505050505051,0.0,0.0014732246880501865
26256,2020-06-15,Steuben,1,257,346,9171,0.002890173410404624,0.0,0.0013152341590557648
26257,2020-06-16,Steuben,0,257,306,9477,0.0,0.0,0.001015114111036557
26258,2020-06-17,Steuben,0,257,359,9836,0.0,0.0,0.0008241286259334249
26259,2020-06-18,Steuben,0,257,257,10093,0.0,0.0,0.0008241286259334249
26260,2020-06-19,Steuben,4,261,133,10226,0.03007518796992481,0.0,0.0027154190307738914
26261,2020-06-20,Steuben,0,261,172,10398,0.0,0.0,0.0027154190307738914
26262,2020-06-21,Steuben,2,263,204,10602,0.00980392156862745,0.0,0.003054948782068349
26263,2020-06-22,Steuben,0,263,163,10765,0.0,0.0,0.0028485078241823046
26264,2020-06-23,Steuben,0,263,263,11028,0.0,0.0,0.0028485078241823046
26265,2020-06-24,Steuben,1,264,245,11273,0.004081632653061225,0.0,0.0031400530136866775
26266,2020-06-25,Steuben,0,264,220,11493,0.0,0.0,0.0031400530136866775
26267,2020-06-26,Steuben,0,264,178,11671,0.0,0.0,0.0009918253015491912
26268,2020-06-27,Steuben,2,266,236,11907,0.00847457627118644,0.0,0.0015971521780625082
26269,2020-06-28,Steuben,0,266,171,12078,0.0,0.0,0.0008968720660176904
26270,2020-06-29,Steuben,0,266,165,12243,0.0,0.0,0.0008968720660176904
26271,2020-06-30,Steuben,2,268,402,12645,0.004975124378109453,0.0,0.0012522380930255084
26272,2020-07-01,Steuben,0,268,213,12858,0.0,0.0,0.0009606929035211353
26273,2020-07-02,Steuben,0,268,201,13059,0.0,0.0,0.0009606929035211353
26274,2020-07-03,Steuben,1,269,282,13341,0.0035460992907801418,0.0,0.0012139857100054313
26275,2020-07-04,Steuben,1,270,209,13550,0.004784688995215311,0.0,0.0009504223331503503
26276,2020-07-05,Steuben,1,271,252,13802,0.003968253968253968,0.0,0.001233869045168491
26277,2020-07-06,Steuben,0,271,195,13997,0.0,0.0,0.001233869045168491
26278,2020-07-07,Steuben,0,271,223,14220,0.0,0.0,0.0008785030181606729
26279,2020-07-08,Steuben,1,272,199,14419,0.005025125628140704,0.0,0.0012374405630278663
26280,2020-07-09,Steuben,0,272,182,14601,0.0,0.0,0.0012374405630278663
26281,2020-07-10,Steuben,2,274,183,14784,0.01092896174863388,0.0,0.00176478788144599
26282,2020-07-11,Steuben,0,274,247,15031,0.0,0.0,0.0014230243817877537
26283,2020-07-12,Steuben,2,276,101,15132,0.019801980198019802,0.0,0.002554004826771028
26284,2020-07-13,Steuben,2,278,292,15424,0.00684931506849315,0.0,0.0030432416173776814
26285,2020-07-14,Steuben,1,279,402,15826,0.0024875621890547263,0.0,0.00322092463088159
26286,2020-07-15,Steuben,0,279,299,16125,0.0,0.0,0.002861987086014397
26287,2020-07-16,Steuben,0,279,254,16379,0.0,0.0,0.002861987086014397
26288,2020-07-17,Steuben,1,280,228,16607,0.0043859649122807015,0.0,0.002394630169132027
26289,2020-07-18,Steuben,1,281,178,16785,0.0056179775280898875,0.0,0.0027959142782813047
26290,2020-07-19,Steuben,1,282,172,16957,0.005813953488372093,0.0,0.0017967695133064684
26291,2020-07-20,Steuben,1,283,119,17076,0.008403361344537815,0.0,0.0019077728187382303
26292,2020-07-21,Steuben,0,283,324,17400,0.0,0.0,0.0017300898052343213
26293,2020-07-22,Steuben,1,284,359,17759,0.002785515320334262,0.0,0.001929055185258197
26294,2020-07-23,Steuben,1,285,226,17985,0.004424778761061947,0.0,0.0022451108110483364
26295,2020-07-24,Steuben,3,288,297,18282,0.010101010101010102,0.0,0.0026533283245290073
26296,2020-07-25,Steuben,0,288,179,18461,0.0,0.0,0.0022520442153797296
26297,2020-07-26,Steuben,0,288,187,18648,0.0,0.0,0.0018367618233531518
26298,2020-07-27,Steuben,1,289,161,18809,0.006211180124223602,0.0,0.001680177450473565
26299,2020-07-28,Steuben,1,290,330,19139,0.0030303030303030303,0.0,0.0018966276669237815
26300,2020-07-29,Steuben,0,290,393,19532,0.0,0.0,0.0016976622868999057
26301,2020-07-30,Steuben,0,290,266,19798,0.0,0.0,0.0013816066611097666
26302,2020-07-31,Steuben,0,290,216,20014,0.0,0.0,0.0006601059396090452
26303,2020-08-01,Steuben,2,292,147,20161,0.013605442176870748,0.0,0.0016319232379569555
26304,2020-08-02,Steuben,0,292,95,20256,0.0,0.0,0.0016319232379569555
26305,2020-08-03,Steuben,2,294,171,20427,0.011695906432748537,0.0,0.002023689402851594
26306,2020-08-04,Steuben,3,297,423,20850,0.0070921985815602835,0.0,0.002313824799369969
26307,2020-08-05,Steuben,0,297,253,21103,0.0,0.0,0.002313824799369969
26308,2020-08-06,Steuben,0,297,221,21324,0.0,0.0,0.002313824799369969
26309,2020-08-07,Steuben,1,298,203,21527,0.0049261083743842365,0.0,0.0026656896832545573
26310,2020-08-08,Steuben,0,298,298,21825,0.0,0.0,0.001693872384906647
26311,2020-08-09,Steuben,0,298,218,22043,0.0,0.0,0.001693872384906647
26312,2020-08-10,Steuben,2,300,380,22423,0.005263157894736842,0.0,0.00123439034647724
26313,2020-08-11,Steuben,0,300,325,22748,0.0,0.0,0.0007278047335086484
26314,2020-08-12,Steuben,1,301,320,23068,0.003125,0.0,0.0009510190192229341
26315,2020-08-13,Steuben,2,303,275,23343,0.007272727272727273,0.0,0.0014704995387034537
26316,2020-08-14,Steuben,3,306,348,23691,0.008620689655172414,0.0,0.001734398201616895
26317,2020-08-15,Steuben,0,306,388,24079,0.0,0.0,0.001734398201616895
26318,2020-08-16,Steuben,1,307,237,24316,0.004219409282700422,0.0,0.002035784578952639
26319,2020-08-17,Steuben,0,307,156,24472,0.0,0.0,0.001659844729328579
26320,2020-08-18,Steuben,0,307,286,24758,0.0,0.0,0.001659844729328579
26321,2020-08-19,Steuben,0,307,204,24962,0.0,0.0,0.0014366304436142935
26322,2020-08-20,Steuben,1,308,380,25342,0.002631578947368421,0.0,0.001105119848945804
26323,2020-08-21,Steuben,1,309,316,25658,0.0031645569620253164,0.0,0.0007153960851495828
26324,2020-08-22,Steuben,1,310,241,25899,0.004149377593360996,0.0,0.0010117801989610825
26325,2020-08-23,Steuben,0,310,295,26194,0.0,0.0,0.0007103938216253381
26326,2020-08-24,Steuben,0,310,156,26350,0.0,0.0,0.0007103938216253381
26327,2020-08-25,Steuben,0,310,299,26649,0.0,0.0,0.0007103938216253381
26328,2020-08-26,Steuben,1,311,263,26912,0.0038022813688212928,0.0,0.000981985347969716
26329,2020-08-27,Steuben,1,312,337,27249,0.002967359050445104,0.0,0.001005969641046622
26330,2020-08-28,Steuben,1,313,360,27609,0.002777777777777778,0.0,0.0009783425564575121
26331,2020-08-29,Steuben,2,315,213,27822,0.009389671361502348,0.0,0.0013526492541818945
26332,2020-08-30,Steuben,0,315,246,28068,0.0,0.0,0.0013526492541818945
26333,2020-08-31,Steuben,0,315,230,28298,0.0,0.0,0.0013526492541818945
26334,2020-09-01,Steuben,0,315,273,28571,0.0,0.0,0.0013526492541818945
26335,2020-09-02,Steuben,1,316,286,28857,0.0034965034965034965,0.0,0.001330807977587766
26336,2020-09-03,Steuben,3,319,163,29020,0.018404907975460124,0.0,0.002433490043660267
26337,2020-09-04,Steuben,0,319,237,29257,0.0,0.0,0.002235077345247569
26338,2020-09-05,Steuben,1,320,150,29407,0.006666666666666667,0.0,0.0020405770099021633
26339,2020-09-06,Steuben,0,320,134,29541,0.0,0.0,0.0020405770099021633
26340,2020-09-07,Steuben,3,323,139,29680,0.02158273381294964,0.0,0.0035822008536842806
26341,2020-09-08,Steuben,2,325,338,30018,0.005917159763313609,0.0,0.0040048551224923954
26342,2020-09-09,Steuben,0,325,401,30419,0.0,0.0,0.0037551048727421455
26343,2020-09-10,Steuben,1,326,83,30502,0.012048192771084338,0.0,0.0033010537867153044
26344,2020-09-11,Steuben,0,326,307,30809,0.0,0.0,0.0033010537867153044
26345,2020-09-12,Steuben,0,326,132,30941,0.0,0.0,0.002824863310524828
26346,2020-09-13,Steuben,0,326,277,31218,0.0,0.0,0.002824863310524828
26347,2020-09-14,Steuben,5,331,339,31557,0.014749262536873156,0.0,0.0023367582193765074
26348,2020-09-15,Steuben,3,334,273,31830,0.01098901098901099,0.0,0.0026990333069263203
26349,2020-09-16,Steuben,5,339,346,32176,0.014450867052023121,1.0,0.0037312380963565434
26350,2020-09-17,Steuben,3,342,265,32441,0.011320754716981131,1.0,0.0036792782353491714
26351,2020-09-18,Steuben,2,344,316,32757,0.006329113924050633,1.0,0.0041313578013527875
26352,2020-09-19,Steuben,6,350,373,33130,0.0160857908847185,1.0,0.005280342864546967
26353,2020-09-20,Steuben,3,353,195,33325,0.015384615384615385,1.0,0.006379243963448065
26354,2020-09-21,Steuben,7,360,317,33642,0.022082018927444796,2.0,0.006903012277060326
26355,2020-09-22,Steuben,6,366,440,34082,0.013636363636363636,2.0,0.007092108894728373
26356,2020-09-23,Steuben,10,376,347,34429,0.02881844380403458,2.0,0.008118364377014905
26357,2020-09-24,Steuben,11,387,305,34734,0.036065573770491806,3.0,0.009885851452265669
26358,2020-09-25,Steuben,17,404,488,35222,0.03483606557377049,4.0,0.011922062284388515
26359,2020-09-26,Steuben,12,416,387,35609,0.031007751937984496,4.0,0.012987916645336087
26360,2020-09-27,Steuben,4,420,170,35779,0.023529411764705882,4.0,0.01356968781534255
26361,2020-09-28,Steuben,30,450,517,36296,0.058027079303675046,6.0,0.016137192127930425
26362,2020-09-29,Steuben,3,453,407,36703,0.007371007371007371,6.0,0.015689666680404977
26363,2020-09-30,Steuben,11,464,440,37143,0.025,6.0,0.015416920694402505
26364,2020-10-01,Steuben,35,499,413,37556,0.0847457627118644,8.0,0.01889407704735769
26365,2020-10-02,Steuben,21,520,456,38012,0.046052631578947366,8.0,0.019695260333441756
26366,2020-10-03,Steuben,14,534,354,38366,0.03954802259887006,8.0,0.02030527966636215
26367,2020-10-04,Steuben,6,540,242,38608,0.024793388429752067,8.0,0.02039556371386545
26368,2020-10-05,Steuben,30,570,578,39186,0.05190311418685121,8.0,0.01995813763409232
26369,2020-10-06,Steuben,15,585,567,39753,0.026455026455026454,9.0,0.021321281854379398
26370,2020-10-07,Steuben,23,608,492,40245,0.046747967479674794,10.0,0.022874708102927598
26371,2020-10-08,Steuben,24,632,412,40657,0.05825242718446602,9.0,0.02098232699382771
26372,2020-10-09,Steuben,28,660,676,41333,0.04142011834319527,10.0,0.02065143319127399
26373,2020-10-10,Steuben,30,690,564,41897,0.05319148936170213,11.0,0.02162596653147628
26374,2020-10-11,Steuben,12,702,400,42297,0.03,11.0,0.021997867357922564
26375,2020-10-12,Steuben,29,731,617,42914,0.04700162074554295,11.0,0.0216477606835434
26376,2020-10-13,Steuben,16,747,389,43303,0.04113110539845758,11.0,0.022696052036645622
26377,2020-10-14,Steuben,17,764,368,43671,0.04619565217391304,11.0,0.022656600943376928
26378,2020-10-15,Steuben,53,817,522,44193,0.10153256704980843,13.0,0.025748039505187097
26379,2020-10-16,Steuben,30,847,558,44751,0.053763440860215055,13.0,0.026629705399259945
26380,2020-10-17,Steuben,10,857,417,45168,0.023980815347721823,11.0,0.024543228683975633
26381,2020-10-18,Steuben,16,873,475,45643,0.03368421052631579,12.0,0.024806386578712477
26382,2020-10-19,Steuben,11,884,472,46115,0.023305084745762712,10.0,0.02311377686444246
26383,2020-10-20,Steuben,14,898,494,46609,0.02834008097165992,10.0,0.02220013226252834
26384,2020-10-21,Steuben,17,915,758,47367,0.022427440633245383,10.0,0.020502402866766363
26385,2020-10-22,Steuben,14,929,529,47896,0.026465028355387523,8.0,0.015140435817164871
26386,2020-10-23,Steuben,22,951,696,48592,0.031609195402298854,7.0,0.013557989713028
26387,2020-10-24,Steuben,11,962,384,48976,0.028645833333333332,7.0,0.013891205283428822
26388,2020-10-25,Steuben,8,970,438,49414,0.0182648401826484,6.0,0.012789821687452579
26389,2020-10-26,Steuben,14,984,616,50030,0.022727272727272728,7.0,0.012748549400417582
26390,2020-10-27,Steuben,21,1005,499,50529,0.04208416833667335,7.0,0.01373026992648997
26391,2020-10-28,Steuben,20,1025,661,51190,0.030257186081694403,7.0,0.014289537458522043
26392,2020-10-29,Steuben,16,1041,844,52034,0.018957345971563982,8.0,0.013753274431106077
26393,2020-10-30,Steuben,17,1058,759,52793,0.022397891963109356,7.0,0.013095324185449684
26394,2020-10-31,Steuben,29,1087,437,53230,0.06636155606407322,8.0,0.015789304380502533
26395,2020-11-01,Steuben,22,1109,428,53658,0.0514018691588785,9.0,0.01815623502166182
26396,2020-11-02,Steuben,22,1131,560,54218,0.039285714285714285,10.0,0.01933898084726479
26397,2020-11-03,Steuben,14,1145,483,54701,0.028985507246376812,10.0,0.0184033621979579
26398,2020-11-04,Steuben,14,1159,665,55366,0.021052631578947368,9.0,0.01774589401919025
26399,2020-11-05,Steuben,17,1176,1001,56367,0.016983016983016984,9.0,0.017604870520008323
26400,2020-11-06,Steuben,24,1200,822,57189,0.029197080291970802,10.0,0.018090526829212715
26401,2020-11-07,Steuben,25,1225,814,58003,0.030712530712530713,9.0,0.015544167875531105
26402,2020-11-08,Steuben,4,1229,491,58494,0.008146639511201629,8.0,0.012454508614982757
26403,2020-11-09,Steuben,20,1249,757,59251,0.026420079260237782,8.0,0.011535534684591578
26404,2020-11-10,Steuben,17,1266,1183,60434,0.014370245139475908,8.0,0.010491587391241513
26405,2020-11-11,Steuben,29,1295,1314,61748,0.02207001522070015,9.0,0.010564257651366715
26406,2020-11-12,Steuben,66,1361,1220,62968,0.054098360655737705,13.0,0.01321535362798962
26407,2020-11-13,Steuben,33,1394,823,63791,0.040097205346294046,13.0,0.013993933989012709
26408,2020-11-14,Steuben,22,1416,684,64475,0.03216374269005848,13.0,0.01409759198740755
26409,2020-11-15,Steuben,18,1434,472,64947,0.038135593220338986,14.0,0.01623966010948879
26410,2020-11-16,Steuben,14,1448,572,65519,0.024475524475524476,14.0,0.016100763339152124
26411,2020-11-17,Steuben,19,1467,878,66397,0.02164009111617312,14.0,0.016620038051773353
26412,2020-11-18,Steuben,21,1488,777,67174,0.02702702702702703,13.0,0.016974110323653844
26413,2020-11-19,Steuben,14,1502,526,67700,0.026615969581749048,10.0,0.015011082389797512
26414,2020-11-20,Steuben,23,1525,1600,69300,0.014375,9.0,0.013173782007919368
26415,2020-11-21,Steuben,32,1557,679,69979,0.047128129602356406,10.0,0.014242666787369221
26416,2020-11-22,Steuben,42,1599,1807,71786,0.02324294410625346,11.0,0.01317890613636311
26417,2020-11-23,Steuben,11,1610,718,72504,0.01532033426183844,11.0,0.01252496397824268
26418,2020-11-24,Steuben,34,1644,1020,73524,0.03333333333333333,12.0,0.013360195565182694
26419,2020-11-25,Steuben,34,1678,1365,74889,0.02490842490842491,13.0,0.013208866842425402
26420,2020-11-26,Steuben,36,1714,1220,76109,0.029508196721311476,15.0,0.013415454495251288
26421,2020-11-27,Steuben,25,1739,488,76597,0.05122950819672131,15.0,0.016047919366445666
26422,2020-11-28,Steuben,32,1771,447,77044,0.07158836689038031,15.0,0.017795079172733087
26423,2020-11-29,Steuben,26,1797,381,77425,0.06824146981627296,14.0,0.021009259580591626
26424,2020-11-30,Steuben,27,1824,559,77984,0.04830053667262969,15.0,0.02336498832421957
26425,2020-12-01,Steuben,41,1865,782,78766,0.052429667519181586,15.0,0.024729012194637304
26426,2020-12-02,Steuben,33,1898,843,79609,0.03914590747330961,15.0,0.02574597523498621
26427,2020-12-03,Steuben,59,1957,961,80570,0.061394380853277836,17.0,0.02802355981584095
26428,2020-12-04,Steuben,59,2016,1420,81990,0.04154929577464789,19.0,0.027332116071407137
26429,2020-12-05,Steuben,43,2059,1258,83248,0.03418124006359301,20.0,0.024660178440922324
26430,2020-12-06,Steuben,25,2084,613,83861,0.040783034257748776,20.0,0.022698861615313457
26431,2020-12-07,Steuben,42,2126,455,84316,0.09230769230769231,21.0,0.025842229874960786
26432,2020-12-08,Steuben,69,2195,932,85248,0.0740343347639485,23.0,0.027385420392444133
26433,2020-12-09,Steuben,43,2238,1187,86435,0.03622577927548441,24.0,0.027176839806885195
26434,2020-12-10,Steuben,57,2295,1494,87929,0.03815261044176707,24.0,0.02551671334892014
26435,2020-12-11,Steuben,68,2363,1486,89415,0.04576043068640646,24.0,0.025817508699760038
26436,2020-12-12,Steuben,45,2408,876,90291,0.05136986301369863,24.0,0.02704526748191044
26437,2020-12-13,Steuben,35,2443,465,90756,0.07526881720430108,25.0,0.02950853769237846
26438,2020-12-14,Steuben,31,2474,559,91315,0.055456171735241505,24.0,0.026876286222917687
26439,2020-12-15,Steuben,57,2531,1223,92538,0.04660670482420278,24.0,0.02491716979865014
26440,2020-12-16,Steuben,55,2586,1113,93651,0.04941599281221923,24.0,0.02585932790841691
26441,2020-12-17,Steuben,77,2663,1911,95562,0.040293040293040296,26.0,0.026012215754936424
26442,2020-12-18,Steuben,46,2709,780,96342,0.05897435897435897,24.0,0.026956067775504463
26443,2020-12-19,Steuben,76,2785,1150,97492,0.06608695652173913,26.0,0.0280072887403645
26444,2020-12-20,Steuben,40,2825,452,97944,0.08849557522123894,27.0,0.02895205717014577
26445,2020-12-21,Steuben,45,2870,551,98495,0.08166969147005444,28.0,0.030824451436918133
26446,2020-12-22,Steuben,72,2942,1096,99591,0.06569343065693431,29.0,0.03218778899639896
26447,2020-12-23,Steuben,80,3022,1694,101285,0.047225501770956316,31.0,0.03203132535059446
26448,2020-12-24,Steuben,75,3097,719,102004,0.1043115438108484,31.0,0.036604075601866466
26449,2020-12-25,Steuben,42,3139,465,102469,0.09032258064516129,30.0,0.038843234292638064
26450,2020-12-26,Steuben,20,3159,406,102875,0.04926108374384237,26.0,0.037641386237074005
26451,2020-12-27,Steuben,44,3203,447,103322,0.09843400447427293,27.0,0.038351274040862145
26452,2020-12-28,Steuben,47,3250,512,103834,0.091796875,27.0,0.039074644293001115
26453,2020-12-29,Steuben,73,3323,1020,104854,0.07156862745098039,27.0,0.03949430120686155
26454,2020-12-30,Steuben,83,3406,1355,106209,0.061254612546125464,27.0,0.04049638054794506
26455,2020-12-31,Steuben,61,3467,667,106876,0.09145427286356822,26.0,0.03957800405171076
26456,2021-01-01,Steuben,60,3527,574,107450,0.10452961672473868,27.0,0.04059279234310915
26457,2021-01-02,Steuben,62,3589,448,107898,0.13839285714285715,30.0,0.04695934758589592
26458,2021-01-03,Steuben,76,3665,505,108403,0.1504950495049505,33.0,0.05067799365951574
26459,2021-01-04,Steuben,37,3702,548,108951,0.06751824817518248,32.0,0.04894380602917164
26460,2021-01-05,Steuben,103,3805,910,109861,0.11318681318681319,34.0,0.05191653358173111
26461,2021-01-06,Steuben,85,3890,1674,111535,0.05077658303464755,34.0,0.05116810290233984
26462,2021-01-07,Steuben,105,3995,1787,113322,0.05875769445998881,37.0,0.04883263301636988
26463,2021-01-08,Steuben,84,4079,1170,114492,0.07179487179487179,39.0,0.04649443694995081
26464,2021-01-09,Steuben,71,4150,714,115206,0.09943977591036414,40.0,0.04371207400477274
26465,2021-01-10,Steuben,56,4206,671,115877,0.08345752608047691,38.0,0.0389236794744532
26466,2021-01-11,Steuben,61,4267,699,116576,0.08726752503576538,40.0,0.040334342107351984
26467,2021-01-12,Steuben,61,4328,805,117381,0.07577639751552795,37.0,0.03766216955940303
26468,2021-01-13,Steuben,52,4380,1434,118815,0.03626220362622036,35.0,0.0366254281730868
26469,2021-01-14,Steuben,64,4444,1861,120676,0.03439011284255777,32.0,0.03488488662898459
26470,2021-01-15,Steuben,52,4496,1297,121973,0.040092521202775636,29.0,0.032620433015263434
26471,2021-01-16,Steuben,45,4541,996,122969,0.045180722891566265,27.0,0.028744786371063587
26472,2021-01-17,Steuben,19,4560,355,123324,0.05352112676056338,25.0,0.02660647213392691
26473,2021-01-18,Steuben,35,4595,453,123777,0.0772626931567329,23.0,0.02589184128542459
26474,2021-01-19,Steuben,37,4632,914,124691,0.04048140043763676,21.0,0.023370770065575218
26475,2021-01-20,Steuben,48,4680,1718,126409,0.027939464493597205,21.0,0.022776288698959278
26476,2021-01-21,Steuben,39,4719,1457,127866,0.026767330130404943,19.0,0.02223180421951979
26477,2021-01-22,Steuben,21,4740,1182,129048,0.017766497461928935,17.0,0.02063708823803074
26478,2021-01-23,Steuben,34,4774,936,129984,0.03632478632478633,16.0,0.020004521340403602
26479,2021-01-24,Steuben,28,4802,795,130779,0.03522012578616352,17.0,0.01869730698508933
26480,2021-01-25,Steuben,33,4835,468,131247,0.07051282051282051,17.0,0.018215173224809873
26481,2021-01-26,Steuben,38,4873,781,132028,0.04865556978233035,17.0,0.018799042463716557
26482,2021-01-27,Steuben,41,4914,1256,133284,0.03264331210191083,16.0,0.019135031578596102
26483,2021-01-28,Steuben,26,4940,1816,135100,0.014317180616740088,15.0,0.018245735184762895
26484,2021-01-29,Steuben,45,4985,1346,136446,0.033432392273402674,17.0,0.019364727671296735
26485,2021-01-30,Steuben,40,5025,864,137310,0.046296296296296294,17.0,0.020076978383547446
26486,2021-01-31,Steuben,36,5061,735,138045,0.04897959183673469,18.0,0.021059797387159674
26487,2021-02-01,Steuben,24,5085,276,138321,0.08695652173913043,17.0,0.02223434747475324
26488,2021-02-02,Steuben,33,5118,708,139029,0.046610169491525424,17.0,0.022088247453981462
26489,2021-02-03,Steuben,29,5147,790,139819,0.03670886075949367,16.0,0.02237864378666595
26490,2021-02-04,Steuben,30,5177,894,140713,0.03355704697986577,16.0,0.02375291995546064
26491,2021-02-05,Steuben,18,5195,1095,141808,0.01643835616438356,15.0,0.022539060233387843
26492,2021-02-06,Steuben,35,5230,790,142598,0.04430379746835443,14.0,0.022396738888534856
26493,2021-02-07,Steuben,29,5259,675,143273,0.04296296296296296,14.0,0.021966979683265445
26494,2021-02-08,Steuben,11,5270,426,143699,0.025821596244131457,13.0,0.017600199290765523
26495,2021-02-09,Steuben,15,5285,978,144677,0.015337423312883436,11.0,0.015366431706576806
26496,2021-02-10,Steuben,18,5303,1074,145751,0.01675977653631285,11.0,0.01394149711920675
26497,2021-02-11,Steuben,15,5318,1125,146876,0.013333333333333334,10.0,0.01249694614445443
26498,2021-02-12,Steuben,10,5328,1165,148041,0.008583690987124463,9.0,0.011935898631793066
26499,2021-02-13,Steuben,15,5343,524,148565,0.02862595419847328,8.0,0.010816052683944411
26500,2021-02-14,Steuben,12,5355,559,149124,0.02146690518783542,6.0,0.009280619985721017
26501,2021-02-15,Steuben,13,5368,459,149583,0.02832244008714597,7.0,0.009459251688793482
26502,2021-02-16,Steuben,7,5375,568,150151,0.01232394366197183,6.0,0.009244003142299798
26503,2021-02-17,Steuben,8,5383,659,150810,0.012139605462822459,5.0,0.008913990922764767
26504,2021-02-18,Steuben,16,5399,791,151601,0.020227560050568902,5.0,0.009406435688281594
26505,2021-02-19,Steuben,16,5415,929,152530,0.017222820236813777,6.0,0.010023516348973688
26506,2021-02-20,Steuben,11,5426,480,153010,0.022916666666666665,5.0,0.009615710096701787
26507,2021-02-21,Steuben,6,5432,390,153400,0.015384615384615385,5.0,0.009181260825043213
26508,2021-02-22,Steuben,11,5443,541,153941,0.02033271719038817,5.0,0.008610566332417656
26509,2021-02-23,Steuben,9,5452,731,154672,0.012311901504787962,5.0,0.008609706178333095
26510,2021-02-24,Steuben,11,5463,841,155513,0.013079667063020214,5.0,0.008676853435490076
26511,2021-02-25,Steuben,15,5478,1058,156571,0.014177693761814745,5.0,0.008244720129150495
26512,2021-02-26,Steuben,18,5496,931,157502,0.01933404940923738,5.0,0.008395522212895037
26513,2021-02-27,Steuben,10,5506,695,158197,0.014388489208633094,5.0,0.007786366680178353
26514,2021-02-28,Steuben,3,5509,402,158599,0.007462686567164179,5.0,0.007220514621788983
26515,2021-03-01,Steuben,7,5516,320,158919,0.021875,5.0,0.007330677679618398
26516,2021-03-02,Steuben,14,5530,833,159752,0.01680672268907563,5.0,0.007651736335638946
26517,2021-03-03,Steuben,15,5545,837,160589,0.017921146953405017,5.0,0.007997556327809288
26518,2021-03-04,Steuben,17,5562,794,161383,0.021410579345088162,6.0,0.00851419101232882
26519,2021-03-05,Steuben,19,5581,852,162235,0.022300469483568074,6.0,0.008726078160495296
26520,2021-03-06,Steuben,3,5584,539,162774,0.0055658627087198514,5.0,0.008095890553358635
26521,2021-03-07,Steuben,14,5598,503,163277,0.027833001988071572,6.0,0.009550913083423452
26522,2021-03-08,Steuben,11,5609,453,163730,0.024282560706401765,6.0,0.009722881705309291
26523,2021-03-09,Steuben,12,5621,689,164419,0.01741654571843251,6.0,0.009766440493120499
26524,2021-03-10,Steuben,8,5629,769,165188,0.010403120936280884,6.0,0.009229438634754488
26525,2021-03-11,Steuben,11,5640,653,165841,0.016845329249617153,5.0,0.008903349342220843
26526,2021-03-12,Steuben,13,5653,837,166678,0.015531660692951015,5.0,0.008419863000033912
26527,2021-03-13,Steuben,11,5664,619,167297,0.017770597738287562,5.0,0.009291629787860176
26528,2021-03-14,Steuben,10,5674,472,167769,0.0211864406779661,5.0,0.008816875408566929
26529,2021-03-15,Steuben,11,5685,547,168316,0.02010968921389397,5.0,0.008518813159102086
26530,2021-03-16,Steuben,13,5698,815,169131,0.015950920245398775,5.0,0.008414125625313962
26531,2021-03-17,Steuben,11,5709,621,169752,0.017713365539452495,5.0,0.008936285954111932
26532,2021-03-18,Steuben,11,5720,668,170420,0.016467065868263474,5.0,0.008909267141158101
26533,2021-03-19,Steuben,13,5733,744,171164,0.01747311827956989,5.0,0.009047942683059447
26534,2021-03-20,Steuben,11,5744,704,171868,0.015625,5.0,0.008894685701753193
26535,2021-03-21,Steuben,14,5758,466,172334,0.030042918454935622,6.0,0.009527291257251016
26536,2021-03-22,Steuben,14,5772,238,172572,0.058823529411764705,6.0,0.012292565557098924
26537,2021-03-23,Steuben,19,5791,717,173289,0.026499302649930265,6.0,0.01304602144313689
26538,2021-03-24,Steuben,22,5813,657,173946,0.0334855403348554,7.0,0.01417260535709424
26539,2021-03-25,Steuben,18,5831,651,174597,0.027649769585253458,7.0,0.014971369908307811
26540,2021-03-26,Steuben,16,5847,1137,175734,0.014072119613016711,8.0,0.01472844143212544
26541,2021-03-27,Steuben,23,5870,724,176458,0.031767955801104975,9.0,0.01588150970363294
26542,2021-03-28,Steuben,19,5889,653,177111,0.02909647779479326,9.0,0.015813906799337057
26543,2021-03-29,Steuben,19,5908,454,177565,0.04185022026431718,9.0,0.014601527574519376
26544,2021-03-30,Steuben,20,5928,845,178410,0.023668639053254437,9.0,0.01439933731761396
26545,2021-03-31,Steuben,21,5949,860,179270,0.02441860465116279,9.0,0.013751699054493057
26546,2021-04-01,Steuben,25,5974,872,180142,0.028669724770642203,10.0,0.013824552996306541
26547,2021-04-02,Steuben,29,6003,1058,181200,0.027410207939508508,11.0,0.014777273591055953
26548,2021-04-03,Steuben,18,6021,643,181843,0.027993779160186624,10.0,0.01450768954527607
26549,2021-04-04,Steuben,19,6040,430,182273,0.044186046511627906,10.0,0.015585515882192832
26550,2021-04-05,Steuben,9,6049,542,182815,0.016605166051660517,10.0,0.013782297724145928
26551,2021-04-06,Steuben,13,6062,889,183704,0.014623172103487065,9.0,0.013136192942019688
26552,2021-04-07,Steuben,32,6094,661,184365,0.048411497730711045,10.0,0.014849971019130279
26553,2021-04-08,Steuben,25,6119,1098,185463,0.022768670309653915,10.0,0.014428467129059685
26554,2021-04-09,Steuben,17,6136,961,186424,0.01768990634755463,9.0,0.01373415987249155
26555,2021-04-10,Steuben,17,6153,855,187279,0.019883040935672516,9.0,0.013154821427883401
26556,2021-04-11,Steuben,16,6169,349,187628,0.045845272206303724,9.0,0.013273337548931674
26557,2021-04-12,Steuben,23,6192,487,188115,0.04722792607802875,10.0,0.015460677550815117
26558,2021-04-13,Steuben,20,6212,474,188589,0.04219409282700422,10.0,0.01743002903106634
26559,2021-04-14,Steuben,19,6231,985,189574,0.019289340101522844,9.0,0.015349874914695758
26560,2021-04-15,Steuben,22,6253,972,190546,0.02263374485596708,9.0,0.015340237382289552
26561,2021-04-16,Steuben,19,6272,725,191271,0.02620689655172414,9.0,0.01594859382544452
26562,2021-04-17,Steuben,24,6296,1048,192319,0.022900763358778626,10.0,0.016164145427094954
26563,2021-04-18,Steuben,13,6309,504,192823,0.025793650793650792,10.0,0.014731886754762604
26564,2021-04-19,Steuben,19,6328,379,193202,0.05013192612137203,9.0,0.014939315329287122
26565,2021-04-20,Steuben,27,6355,726,193928,0.0371900826446281,10.0,0.014581886030545973
26566,2021-04-21,Steuben,28,6383,730,194658,0.038356164383561646,10.0,0.0159438020506916
26567,2021-04-22,Steuben,18,6401,903,195561,0.019933554817275746,10.0,0.01575093133364222
26568,2021-04-23,Steuben,16,6417,1135,196696,0.014096916299559472,10.0,0.014885932744201887
26569,2021-04-24,Steuben,22,6439,641,197337,0.0343213728549142,10.0,0.015701690565354427
26570,2021-04-25,Steuben,19,6458,480,197817,0.03958333333333333,10.0,0.01668666788961747
26571,2021-04-26,Steuben,13,6471,324,198141,0.040123456790123455,10.0,0.01597177722309971
26572,2021-04-27,Steuben,22,6493,643,198784,0.03421461897356143,9.0,0.015759244103737805
26573,2021-04-28,Steuben,25,6518,894,199678,0.02796420581655481,9.0,0.0150169613489516
26574,2021-04-29,Steuben,11,6529,804,200482,0.013681592039800995,9.0,0.014570392579131978
26575,2021-04-30,Steuben,23,6552,823,201305,0.027946537059538274,9.0,0.015559651204844748
26576,2021-05-01,Steuben,12,6564,708,202013,0.01694915254237288,8.0,0.014318778325377512
26577,2021-05-02,Steuben,7,6571,521,202534,0.013435700575815739,8.0,0.012451090271269113
26578,2021-05-03,Steuben,9,6580,330,202864,0.02727272727272727,7.0,0.011533181020026529
26579,2021-05-04,Steuben,19,6599,520,203384,0.03653846153846154,7.0,0.01169916977466225
26580,2021-05-05,Steuben,27,6626,744,204128,0.036290322580645164,7.0,0.012293892400668706
26581,2021-05-06,Steuben,13,6639,653,204781,0.019908116385911178,7.0,0.012738644139676574
26582,2021-05-07,Steuben,30,6669,746,205527,0.040214477211796246,8.0,0.013614925579123577
26583,2021-05-08,Steuben,14,6683,639,206166,0.02190923317683881,8.0,0.013969217053013998
26584,2021-05-09,Steuben,13,6696,335,206501,0.03880597014925373,8.0,0.015781379165402426
26585,2021-05-10,Steuben,14,6710,500,207001,0.028,9.0,0.015833327217350476
26586,2021-05-11,Steuben,13,6723,745,207746,0.0174496644295302,8.0,0.014469841709569666
26587,2021-05-12,Steuben,23,6746,510,208256,0.045098039215686274,8.0,0.015098964326358318
26588,2021-05-13,Steuben,16,6762,886,209142,0.01805869074492099,8.0,0.014966862494859021
26589,2021-05-14,Steuben,13,6775,766,209908,0.016971279373368148,7.0,0.01330663407782844
26590,2021-05-15,Steuben,11,6786,509,210417,0.021611001964636542,7.0,0.01328533184838542
26591,2021-05-16,Steuben,8,6794,441,210858,0.018140589569160998,7.0,0.011809233235521651
26592,2021-05-17,Steuben,10,6804,292,211150,0.03424657534246575,6.0,0.012255417188554921
26593,2021-05-18,Steuben,10,6814,679,211829,0.014727540500736377,6.0,0.012060979765069648
26594,2021-05-19,Steuben,13,6827,671,212500,0.019374068554396422,5.0,0.010223553289263231
26595,2021-05-20,Steuben,12,6839,608,213108,0.019736842105263157,5.0,0.010343421243573386
26596,2021-05-21,Steuben,9,6848,606,213714,0.01485148514851485,5.0,0.01019200737036958
26597,2021-05-22,Steuben,9,6857,420,214134,0.02142857142857143,5.0,0.0101789766177935
26598,2021-05-23,Steuben,10,6867,374,214508,0.026737967914438502,5.0,0.010793075071027605
26599,2021-05-24,Steuben,4,6871,205,214713,0.01951219512195122,4.0,0.009740619340990853
26600,2021-05-25,Steuben,1,6872,432,215145,0.0023148148148148147,4.0,0.008853996077710742
26601,2021-05-26,Steuben,12,6884,603,215748,0.01990049751243781,4.0,0.008891598146142269
26602,2021-05-27,Steuben,9,6893,619,216367,0.014539579967689823,3.0,0.008520365136315603
26603,2021-05-28,Steuben,5,6898,504,216871,0.00992063492063492,3.0,0.008168161548609896
26604,2021-05-29,Steuben,3,6901,428,217299,0.007009345794392523,3.0,0.007138216860454258
26605,2021-05-30,Steuben,5,6906,279,217578,0.017921146953405017,2.0,0.006508443934666152
26606,2021-05-31,Steuben,3,6909,217,217795,0.013824884792626729,2.0,0.006102207482571545
26607,2021-06-01,Steuben,1,6910,245,218040,0.004081632653061225,2.0,0.006228408756732003
26608,2021-06-02,Steuben,4,6914,492,218532,0.008130081300813009,2.0,0.005387664741615947
26609,2021-06-03,Steuben,10,6924,571,219103,0.017513134851138354,2.0,0.005600061519005128
26610,2021-06-04,Steuben,5,6929,552,219655,0.009057971014492754,2.0,0.005538442668566401
26611,2021-06-05,Steuben,4,6933,443,220098,0.009029345372460496,2.0,0.005682728352714114
26612,2021-06-06,Steuben,1,6934,295,220393,0.003389830508474576,2.0,0.004644777178076224
26613,2021-06-07,Steuben,4,6938,403,220796,0.009925558312655087,2.0,0.0043662538580782504
26614,2021-06-08,Steuben,1,6939,392,221188,0.002551020408163265,2.0,0.00425692441201411
26615,2021-06-09,Steuben,3,6942,483,221671,0.006211180124223602,2.0,0.004119860042257724
26616,2021-06-10,Steuben,4,6946,578,222249,0.006920415224913495,1.0,0.0033632372118130908
26617,2021-06-11,Steuben,4,6950,500,222749,0.008,1.0,0.0032876678536350374
26618,2021-06-12,Steuben,2,6952,362,223111,0.0055248618784530384,1.0,0.003037347604063076
26619,2021-06-13,Steuben,0,6952,224,223335,0.0,1.0,0.002795216853457749
26620,2021-06-14,Steuben,0,6952,178,223513,0.0,1.0,0.0020862484025538142
26621,2021-06-15,Steuben,1,6953,518,224031,0.0019305019305019305,1.0,0.002041925654149433
26622,2021-06-16,Steuben,2,6955,360,224391,0.005555555555555556,0.0,0.0019950953278160015
26623,2021-06-17,Steuben,2,6957,481,224872,0.004158004158004158,0.0,0.0017977802516081917
26624,2021-06-18,Steuben,0,6957,301,225173,0.0,0.0,0.0012263516801796202
26625,2021-06-19,Steuben,3,6960,271,225444,0.01107011070110701,0.0,0.001622440881797761
26626,2021-06-20,Steuben,0,6960,150,225594,0.0,0.0,0.001622440881797761
26627,2021-06-21,Steuben,0,6960,116,225710,0.0,0.0,0.001622440881797761
26628,2021-06-22,Steuben,1,6961,226,225936,0.004424778761061947,0.0,0.001800603512552048
26629,2021-06-23,Steuben,2,6963,448,226384,0.004464285714285714,0.0,0.0017226556667470593
26630,2021-06-24,Steuben,0,6963,232,226616,0.0,0.0,0.0014256553697467624
26631,2021-06-25,Steuben,4,6967,285,226901,0.014035087719298246,0.0,0.0024281616354109225
26632,2021-06-26,Steuben,1,6968,207,227108,0.004830917874396135,0.0,0.0019825050049315745
26633,2021-06-27,Steuben,0,6968,144,227252,0.0,0.0,0.0019825050049315745
26634,2021-06-28,Steuben,0,6968,120,227372,0.0,0.0,0.0019825050049315745
26635,2021-06-29,Steuben,1,6969,344,227716,0.0029069767441860465,0.0,0.0018740905751547243
26636,2021-06-30,Steuben,1,6970,244,227960,0.004098360655737705,0.0,0.0018479530709727236
26637,2021-07-01,Steuben,1,6971,187,228147,0.0053475935828877,0.0,0.002229924041178988
26638,2021-07-02,Steuben,1,6972,209,228356,0.004784688995215311,0.0,0.0015691812751730642
26639,2021-07-03,Steuben,1,6973,245,228601,0.004081632653061225,0.0,0.0015156609022205707
26640,2021-07-04,Steuben,1,6974,117,228718,0.008547008547008548,0.0,0.0021261615127211816
26641,2021-07-05,Steuben,1,6975,176,228894,0.005681818181818182,0.0,0.0025320056685653367
26642,2021-07-06,Steuben,1,6976,100,228994,0.01,0.0,0.003038650186837762
26643,2021-07-07,Steuben,0,6976,317,229311,0.0,0.0,0.0027459101399993544
26644,2021-07-08,Steuben,4,6980,242,229553,0.01652892561983471,0.0,0.003544576714066998
26645,2021-07-09,Steuben,0,6980,302,229855,0.0,0.0,0.0032028132144087617
26646,2021-07-10,Steuben,2,6982,232,230087,0.008620689655172414,0.0,0.0035270315717024184
26647,2021-07-11,Steuben,0,6982,119,230206,0.0,0.0,0.0029165309612018075
26648,2021-07-12,Steuben,0,6982,77,230283,0.0,0.0,0.0025106868053576515
26649,2021-07-13,Steuben,0,6982,138,230421,0.0,0.0,0.0017964010910719375
26650,2021-07-14,Steuben,2,6984,221,230642,0.00904977375565611,0.0,0.002442813502190231
26651,2021-07-15,Steuben,1,6985,151,230793,0.006622516556291391,0.0,0.0017352128547942797
26652,2021-07-16,Steuben,0,6985,183,230976,0.0,0.0,0.0017352128547942797
26653,2021-07-17,Steuben,2,6987,164,231140,0.012195121951219513,0.0,0.0019905294473690723
26654,2021-07-18,Steuben,1,6988,93,231233,0.010752688172043012,0.0,0.0027585786025150017
26655,2021-07-19,Steuben,1,6989,98,231331,0.01020408163265306,0.0,0.0034874415762759345
26656,2021-07-20,Steuben,3,6992,189,231520,0.015873015873015872,0.0,0.004621228424348497
26657,2021-07-21,Steuben,3,6995,153,231673,0.0196078431372549,0.0,0.005375376237319839
26658,2021-07-22,Steuben,3,6998,190,231863,0.015789473684210527,0.0,0.006030158889314062
26659,2021-07-23,Steuben,0,6998,136,231999,0.0,0.0,0.006030158889314062
26660,2021-07-24,Steuben,4,7002,164,232163,0.024390243902439025,1.0,0.006901239028686885
26661,2021-07-25,Steuben,1,7003,68,232231,0.014705882352941176,1.0,0.007183610041608183
26662,2021-07-26,Steuben,0,7003,132,232363,0.0,1.0,0.006454747067847251
26663,2021-07-27,Steuben,2,7005,173,232536,0.011560693641618497,0.0,0.006146724051318866
26664,2021-07-28,Steuben,3,7008,177,232713,0.01694915254237288,0.0,0.005956817580255865
26665,2021-07-29,Steuben,5,7013,198,232911,0.025252525252525252,1.0,0.006632749835135488
26666,2021-07-30,Steuben,3,7016,225,233136,0.013333333333333334,1.0,0.007585130787516441
26667,2021-07-31,Steuben,6,7022,121,233257,0.049586776859504134,1.0,0.009384883141592517
26668,2021-08-01,Steuben,2,7024,97,233354,0.020618556701030927,1.0,0.00980721702359893
26669,2021-08-02,Steuben,3,7027,115,233469,0.02608695652173913,1.0,0.011670571060866011
26670,2021-08-03,Steuben,4,7031,244,233713,0.01639344262295082,1.0,0.012015767416675463
26671,2021-08-04,Steuben,4,7035,258,233971,0.015503875968992248,1.0,0.011912533375719703
26672,2021-08-05,Steuben,1,7036,182,234153,0.005494505494505495,1.0,0.010501246250146864
26673,2020-03-01,Suffolk,0,0,0,0,,,
26674,2020-03-02,Suffolk,0,0,0,0,,,
26675,2020-03-03,Suffolk,0,0,0,0,,,
26676,2020-03-04,Suffolk,0,0,2,2,0.0,,
26677,2020-03-05,Suffolk,0,0,2,4,0.0,,
26678,2020-03-06,Suffolk,0,0,1,5,0.0,,
26679,2020-03-07,Suffolk,0,0,2,7,0.0,0.0,
26680,2020-03-08,Suffolk,1,1,11,18,0.09090909090909091,0.0,
26681,2020-03-09,Suffolk,0,1,4,22,0.0,0.0,
26682,2020-03-10,Suffolk,5,6,24,46,0.20833333333333334,0.0,0.04274891774891775
26683,2020-03-11,Suffolk,5,11,24,70,0.20833333333333334,1.0,0.07251082251082251
26684,2020-03-12,Suffolk,11,22,73,143,0.1506849315068493,3.0,0.09403724129751527
26685,2020-03-13,Suffolk,10,32,79,222,0.12658227848101267,4.0,0.11212042393765995
26686,2020-03-14,Suffolk,9,41,38,260,0.23684210526315788,2.0,0.07297750520191268
26687,2020-03-15,Suffolk,22,63,95,355,0.23157894736842105,4.0,0.08302535209186483
26688,2020-03-16,Suffolk,22,85,109,464,0.2018348623853211,6.0,0.09744212797653061
26689,2020-03-17,Suffolk,31,116,179,643,0.17318435754189945,7.0,0.09493148684857104
26690,2020-03-18,Suffolk,62,178,361,1004,0.17174515235457063,11.0,0.09231804535008802
26691,2020-03-19,Suffolk,193,371,766,1770,0.2519582245430809,24.0,0.09955185199553314
26692,2020-03-20,Suffolk,290,661,1461,3231,0.19849418206707733,44.0,0.1046884165373949
26693,2020-03-21,Suffolk,373,1034,1578,4809,0.23637515842839038,70.0,0.10465506319205438
26694,2020-03-22,Suffolk,424,1458,1153,5962,0.3677363399826539,99.0,0.11438059123592811
26695,2020-03-23,Suffolk,422,1880,1047,7009,0.40305635148042024,128.0,0.1287535547427209
26696,2020-03-24,Suffolk,380,2260,854,7863,0.4449648711943794,153.0,0.1481664485750409
26697,2020-03-25,Suffolk,475,2735,1189,9052,0.3994953742640875,182.0,0.16443432156857782
26698,2020-03-26,Suffolk,650,3385,1333,10385,0.4876219054763691,215.0,0.18126744163524125
26699,2020-03-27,Suffolk,753,4138,1690,12075,0.4455621301775148,248.0,0.19891515221455822
26700,2020-03-28,Suffolk,885,5023,2155,14230,0.41067285382830626,284.0,0.2113649876002665
26701,2020-03-29,Suffolk,768,5791,1598,15828,0.4806007509386733,309.0,0.2194267312399822
26702,2020-03-30,Suffolk,922,6713,1857,17685,0.4964997307485191,345.0,0.22610125833056066
26703,2020-03-31,Suffolk,892,7605,1620,19305,0.5506172839506173,381.0,0.23364785924172055
26704,2020-04-01,Suffolk,1141,8746,2148,21453,0.5311918063314711,429.0,0.24305474724653361
26705,2020-04-02,Suffolk,1408,10154,2575,24028,0.5467961165048544,483.0,0.24728147660571115
26706,2020-04-03,Suffolk,1216,11370,2463,26491,0.4937068615509541,516.0,0.2507203859895282
26707,2020-04-04,Suffolk,1035,12405,2200,28691,0.47045454545454546,527.0,0.2549905068199739
26708,2020-04-05,Suffolk,1082,13487,2211,30902,0.4893713251922207,549.0,0.255616976409513
26709,2020-04-06,Suffolk,1030,14517,2323,33225,0.44339216530348685,557.0,0.251823578877725
26710,2020-04-07,Suffolk,1327,15844,3139,36364,0.4227460974832749,588.0,0.24268992270148623
26711,2020-04-08,Suffolk,1569,17413,3889,40253,0.40344561583954747,619.0,0.23356519480920596
26712,2020-04-09,Suffolk,1279,18692,2942,43195,0.43473827328348064,609.0,0.22556106315053648
26713,2020-04-10,Suffolk,1191,19883,2556,45751,0.465962441314554,608.0,0.22357931884793641
26714,2020-04-11,Suffolk,933,20816,2215,47966,0.42121896162528216,600.0,0.22006249143156045
26715,2020-04-12,Suffolk,827,21643,2164,50130,0.3821626617375231,582.0,0.2124047297562249
26716,2020-04-13,Suffolk,819,22462,2246,52376,0.36464826357969726,567.0,0.20678016534738283
26717,2020-04-14,Suffolk,816,23278,2135,54511,0.38220140515222484,531.0,0.20388411589516495
26718,2020-04-15,Suffolk,904,24182,2536,57047,0.35646687697160884,483.0,0.20052849169031223
26719,2020-04-16,Suffolk,853,25035,2496,59543,0.3417467948717949,453.0,0.19388624323233467
26720,2020-04-17,Suffolk,1108,26143,3385,62928,0.3273264401772526,447.0,0.1839836717225274
26721,2020-04-18,Suffolk,745,26888,2392,65320,0.31145484949832775,433.0,0.1761433779991735
26722,2020-04-19,Suffolk,774,27662,2278,67598,0.33977172958735735,429.0,0.17311545427416167
26723,2020-04-20,Suffolk,492,28154,1482,69080,0.3319838056680162,406.0,0.1707822787090416
26724,2020-04-21,Suffolk,700,28854,2188,71268,0.31992687385740404,398.0,0.1663340979022687
26725,2020-04-22,Suffolk,713,29567,2428,73696,0.29365733113673803,384.0,0.1618477017712065
26726,2020-04-23,Suffolk,1039,30606,3858,77554,0.26931052358735097,397.0,0.1566736823937462
26727,2020-04-24,Suffolk,762,31368,2860,80414,0.2664335664335664,373.0,0.15232419141205433
26728,2020-04-25,Suffolk,691,32059,2830,83244,0.2441696113074205,369.0,0.1475181029698467
26729,2020-04-26,Suffolk,411,32470,1826,85070,0.22508214676889376,343.0,0.13932598991138498
26730,2020-04-27,Suffolk,254,32724,1429,86499,0.17774667599720084,326.0,0.1283090520777553
26731,2020-04-28,Suffolk,541,33265,2669,89168,0.20269763956538028,315.0,0.11993553534261078
26732,2020-04-29,Suffolk,399,33664,2193,91361,0.18194254445964433,292.0,0.11195590772281837
26733,2020-04-30,Suffolk,373,34037,2207,93568,0.16900770276393295,245.0,0.10479142052114565
26734,2020-05-01,Suffolk,441,34478,2660,96228,0.16578947368421051,222.0,0.09760255675333451
26735,2020-05-02,Suffolk,377,34855,2521,98749,0.1495438318127727,199.0,0.0908435725037168
26736,2020-05-03,Suffolk,222,35077,1640,100389,0.1353658536585366,186.0,0.08443526585297702
26737,2020-05-04,Suffolk,198,35275,1586,101975,0.12484237074401008,182.0,0.08065638690632053
26738,2020-05-05,Suffolk,268,35543,2112,104087,0.1268939393939394,162.0,0.07524183689407475
26739,2020-05-06,Suffolk,349,35892,2668,106755,0.1308095952023988,159.0,0.07158948337570006
26740,2020-05-07,Suffolk,331,36223,2357,109112,0.14043275350021214,156.0,0.06954841557114858
26741,2020-05-08,Suffolk,238,36461,2227,111339,0.10687022900763359,141.0,0.06533989809425024
26742,2020-05-09,Suffolk,241,36702,2556,113895,0.09428794992175274,131.0,0.0613930493877488
26743,2020-05-10,Suffolk,209,36911,2014,115909,0.10377358490566038,131.0,0.059136458762543365
26744,2020-05-11,Suffolk,151,37062,1964,117873,0.07688391038696538,127.0,0.05571085445132589
26745,2020-05-12,Suffolk,243,37305,2950,120823,0.08237288135593221,125.0,0.052530778877182514
26746,2020-05-13,Suffolk,239,37544,3229,124052,0.07401672344379065,118.0,0.048474145180139074
26747,2020-05-14,Suffolk,175,37719,2777,126829,0.06301764494058336,106.0,0.042944494568737016
26748,2020-05-15,Suffolk,223,37942,3048,129877,0.07316272965879266,105.0,0.04053681604381981
26749,2020-05-16,Suffolk,175,38117,2818,132695,0.06210078069552875,101.0,0.03823773252766095
26750,2020-05-17,Suffolk,107,38224,1948,134643,0.054928131416837785,93.0,0.03474877156417363
26751,2020-05-18,Suffolk,103,38327,2118,136761,0.04863078375826251,90.0,0.032730691090694854
26752,2020-05-19,Suffolk,84,38411,2416,139177,0.0347682119205298,79.0,0.029330357559594677
26753,2020-05-20,Suffolk,142,38553,3623,142800,0.039194038089980676,72.0,0.026843022891465396
26754,2020-05-21,Suffolk,119,38672,3022,145822,0.039377895433487756,68.0,0.025154469355244284
26755,2020-05-22,Suffolk,130,38802,4005,149827,0.03245942571785269,61.0,0.02224709050232
26756,2020-05-23,Suffolk,162,38964,3865,153692,0.04191461836998706,60.0,0.020805221764781306
26757,2020-05-24,Suffolk,126,39090,4010,157702,0.0314214463840399,61.0,0.01912617283386717
26758,2020-05-25,Suffolk,109,39199,3241,160943,0.03363159518667078,62.0,0.01805480222161062
26759,2020-05-26,Suffolk,59,39258,2492,163435,0.023675762439807384,60.0,0.01726248440155902
26760,2020-05-27,Suffolk,101,39359,4482,167917,0.02253458277554663,57.0,0.01607252330767087
26761,2020-05-28,Suffolk,86,39445,4591,172508,0.01873230233064692,55.0,0.014597838086039382
26762,2020-05-29,Suffolk,87,39532,4388,176896,0.01982680036463081,52.0,0.013695507703666393
26763,2020-05-30,Suffolk,111,39643,5138,182034,0.021603736862592447,48.0,0.012244730453138206
26764,2020-05-31,Suffolk,62,39705,4294,186328,0.014438751746623195,43.0,0.011031680836179869
26765,2020-06-01,Suffolk,275,39980,4365,190693,0.06300114547537228,55.0,0.013129505856801402
26766,2020-06-02,Suffolk,82,40062,4840,195533,0.016942148760330577,57.0,0.01264853345112449
26767,2020-06-03,Suffolk,91,40153,5178,200711,0.01757435303205871,56.0,0.012294231326589636
26768,2020-06-04,Suffolk,86,40239,5202,205913,0.01653210303729335,56.0,0.01213707423420724
26769,2020-06-05,Suffolk,39,40278,5505,211418,0.007084468664850136,53.0,0.011226907684222907
26770,2020-06-06,Suffolk,51,40329,4582,216000,0.011130510694020079,49.0,0.01047882010075345
26771,2020-06-07,Suffolk,48,40377,4833,220833,0.009931719428926133,48.0,0.010156889220917948
26772,2020-06-08,Suffolk,49,40426,4098,224931,0.011957052220595413,31.0,0.006510882559862457
26773,2020-06-09,Suffolk,38,40464,4099,229030,0.009270553793608197,28.0,0.005962911490810858
26774,2020-06-10,Suffolk,48,40512,5079,234109,0.009450679267572357,25.0,0.005382649079061834
26775,2020-06-11,Suffolk,47,40559,5206,239315,0.009028044563964657,22.0,0.004846644902395498
26776,2020-06-12,Suffolk,56,40615,5879,245194,0.009525429494812042,24.0,0.005020999247392777
26777,2020-06-13,Suffolk,44,40659,4243,249437,0.010370021211407024,23.0,0.004966678570063274
26778,2020-06-14,Suffolk,33,40692,4110,253547,0.008029197080291971,22.0,0.004830784116589404
26779,2020-06-15,Suffolk,46,40738,4866,258413,0.009453349773941636,22.0,0.0046519482275427055
26780,2020-06-16,Suffolk,32,40770,4086,262499,0.00783162016642193,21.0,0.0045491672541722586
26781,2020-06-17,Suffolk,40,40810,5476,267975,0.007304601899196494,21.0,0.004395876013573982
26782,2020-06-18,Suffolk,54,40864,5570,273545,0.00969479353680431,21.0,0.004443500940205386
26783,2020-06-19,Suffolk,44,40908,4391,277936,0.01002049647005238,20.0,0.0044788628670082665
26784,2020-06-20,Suffolk,64,40972,5243,283179,0.012206751859622354,22.0,0.004610057913309362
26785,2020-06-21,Suffolk,38,41010,3952,287131,0.009615384615384616,22.0,0.004723357022958836
26786,2020-06-22,Suffolk,46,41056,3530,290661,0.013031161473087818,22.0,0.004978915001469278
26787,2020-06-23,Suffolk,45,41101,3941,294602,0.011418421720375539,23.0,0.005235115112465966
26788,2020-06-24,Suffolk,50,41151,5529,300131,0.009043226623259178,24.0,0.005359302592756156
26789,2020-06-25,Suffolk,57,41208,5076,305207,0.011229314420803783,24.0,0.005468911227327547
26790,2020-06-26,Suffolk,45,41253,4615,309822,0.009750812567713976,24.0,0.005449648091446233
26791,2020-06-27,Suffolk,53,41306,5095,314917,0.010402355250245339,23.0,0.005320762619347876
26792,2020-06-28,Suffolk,33,41339,4481,319398,0.0073644275831287655,23.0,0.005159979974186742
26793,2020-06-29,Suffolk,46,41385,3312,322710,0.013888888888888888,23.0,0.0052212462181725336
26794,2020-06-30,Suffolk,42,41427,4047,326757,0.010378057820607857,23.0,0.005146934511046271
26795,2020-07-01,Suffolk,64,41491,5730,332487,0.011169284467713788,24.0,0.005298795785650172
26796,2020-07-02,Suffolk,47,41538,4791,337278,0.009810060530160718,23.0,0.005197420507747095
26797,2020-07-03,Suffolk,47,41585,4110,341388,0.011435523114355231,23.0,0.005317756975364328
26798,2020-07-04,Suffolk,57,41642,5933,347321,0.009607281307938649,24.0,0.005260965979485278
26799,2020-07-05,Suffolk,43,41685,3812,351133,0.011280167890870933,24.0,0.005540661715752577
26800,2020-07-06,Suffolk,45,41730,4226,355359,0.010648367250354946,24.0,0.005309195884428722
26801,2020-07-07,Suffolk,69,41799,4108,359467,0.01679649464459591,26.0,0.005767655657570726
26802,2020-07-08,Suffolk,50,41849,5372,364839,0.009307520476545048,25.0,0.005634672515344388
26803,2020-07-09,Suffolk,62,41911,6245,371084,0.009927942353883107,26.0,0.005643092645610273
26804,2020-07-10,Suffolk,76,41987,5490,376574,0.013843351548269581,28.0,0.00581508039088987
26805,2020-07-11,Suffolk,41,42028,4260,380834,0.009624413145539907,27.0,0.005816304093575674
26806,2020-07-12,Suffolk,84,42112,4517,385351,0.018596413548815586,30.0,0.006338893069143149
26807,2020-07-13,Suffolk,102,42214,4795,390146,0.021272158498435872,34.0,0.00709773530114893
26808,2020-07-14,Suffolk,53,42267,4756,394902,0.011143818334735071,33.0,0.006693972707587441
26809,2020-07-15,Suffolk,66,42333,6205,401107,0.010636583400483481,34.0,0.006788905773583044
26810,2020-07-16,Suffolk,49,42382,4822,405929,0.010161758606387392,33.0,0.006805606934476206
26811,2020-07-17,Suffolk,58,42440,4671,410600,0.012417041318775423,32.0,0.006703727632369481
26812,2020-07-18,Suffolk,26,42466,2755,413355,0.009437386569872959,31.0,0.006690368591250413
26813,2020-07-19,Suffolk,30,42496,4235,417590,0.0070838252656434475,27.0,0.005868040856738118
26814,2020-07-20,Suffolk,79,42575,4508,422098,0.017524401064773737,25.0,0.005600343897190822
26815,2020-07-21,Suffolk,46,42621,4070,426168,0.011302211302211302,25.0,0.005611657680581981
26816,2020-07-22,Suffolk,94,42715,5525,431693,0.017013574660633485,27.0,0.006067157056306982
26817,2020-07-23,Suffolk,58,42773,6010,437703,0.009650582362728786,27.0,0.006030644467474225
26818,2020-07-24,Suffolk,49,42822,5594,443297,0.008759385055416518,27.0,0.005769383305805732
26819,2020-07-25,Suffolk,61,42883,4214,447511,0.014475557664926435,29.0,0.0061292526697381226
26820,2020-07-26,Suffolk,84,42967,5292,452803,0.015873015873015872,33.0,0.006757051998836153
26821,2020-07-27,Suffolk,57,43024,4926,457729,0.011571254567600487,32.0,0.0063318272490380636
26822,2020-07-28,Suffolk,60,43084,4399,462128,0.0136394635144351,33.0,0.006498773835625477
26823,2020-07-29,Suffolk,86,43170,6247,468375,0.013766607971826477,32.0,0.006266847643567833
26824,2020-07-30,Suffolk,54,43224,5371,473746,0.01005399366970769,32.0,0.006295662736923469
26825,2020-07-31,Suffolk,76,43300,6595,480341,0.011523881728582258,34.0,0.006493126785006736
26826,2020-08-01,Suffolk,45,43345,4797,485138,0.009380863039399626,33.0,0.0061292200260405355
26827,2020-08-02,Suffolk,50,43395,4339,489477,0.011523392486748099,30.0,0.005818532641307124
26828,2020-08-03,Suffolk,73,43468,5697,495174,0.012813761628927505,31.0,0.005907283145687625
26829,2020-08-04,Suffolk,85,43553,5570,500744,0.01526032315978456,33.0,0.006023058834641159
26830,2020-08-05,Suffolk,77,43630,7082,507826,0.010872634848912736,32.0,0.005816346468718749
26831,2020-08-06,Suffolk,51,43681,5537,513363,0.009210763951598339,32.0,0.005756115774568081
26832,2020-08-07,Suffolk,68,43749,6401,519764,0.01062334010310889,32.0,0.005691791372748554
26833,2020-08-08,Suffolk,37,43786,6048,525812,0.006117724867724867,31.0,0.0054587100747717845
26834,2020-08-09,Suffolk,58,43844,4029,529841,0.014395631670389675,32.0,0.005663870016460469
26835,2020-08-10,Suffolk,49,43893,4999,534840,0.009801960392078415,30.0,0.005448741356685535
26836,2020-08-11,Suffolk,55,43948,5030,539870,0.010934393638170975,28.0,0.005139746390855993
26837,2020-08-12,Suffolk,39,43987,6363,546233,0.006129184347006129,25.0,0.004800928497862664
26838,2020-08-13,Suffolk,58,44045,6154,552387,0.009424764380890478,26.0,0.004816214242812102
26839,2020-08-14,Suffolk,64,44109,6312,558699,0.010139416983523447,25.0,0.0047816483056988554
26840,2020-08-15,Suffolk,50,44159,5886,564585,0.008494733265375467,26.0,0.004951434619816756
26841,2020-08-16,Suffolk,26,44185,3839,568424,0.006772597030476686,24.0,0.004406932145537256
26842,2020-08-17,Suffolk,50,44235,4631,573055,0.010796804145972791,24.0,0.004477992413672569
26843,2020-08-18,Suffolk,70,44305,7334,580389,0.009544586855740387,25.0,0.004378720500641814
26844,2020-08-19,Suffolk,48,44353,6779,587168,0.007080690367310813,26.0,0.004446685216377863
26845,2020-08-20,Suffolk,47,44400,6908,594076,0.006803705848291835,25.0,0.004259466749763674
26846,2020-08-21,Suffolk,56,44456,7213,601289,0.007763759877998059,24.0,0.00408977695651186
26847,2020-08-22,Suffolk,42,44498,5256,606545,0.007990867579908675,24.0,0.004053786550407089
26848,2020-08-23,Suffolk,21,44519,4910,611455,0.004276985743380856,23.0,0.0038755286013288158
26849,2020-08-24,Suffolk,42,44561,4505,615960,0.009322974472807992,23.0,0.0037702550532456155
26850,2020-08-25,Suffolk,44,44605,4955,620915,0.00887991927346115,21.0,0.003722778797368527
26851,2020-08-26,Suffolk,36,44641,6990,627905,0.005150214592274678,20.0,0.0035848876705802317
26852,2020-08-27,Suffolk,37,44678,7132,635037,0.005187885586090858,19.0,0.0034694719375658765
26853,2020-08-28,Suffolk,34,44712,6415,641452,0.005300077942322681,18.0,0.003293494656446206
26854,2020-08-29,Suffolk,51,44763,7199,648651,0.007084317266286984,18.0,0.0032287410626160857
26855,2020-08-30,Suffolk,57,44820,5198,653849,0.010965756060023086,21.0,0.0037065103709476737
26856,2020-08-31,Suffolk,65,44885,8045,661894,0.008079552517091361,23.0,0.0036176945169679145
26857,2020-09-01,Suffolk,55,44940,5761,667655,0.009546953653879534,23.0,0.003665339829854942
26858,2020-09-02,Suffolk,66,45006,6644,674299,0.009933774834437087,26.0,0.004007022704295113
26859,2020-09-03,Suffolk,96,45102,6039,680338,0.015896671634376552,30.0,0.004771935993458378
26860,2020-09-04,Suffolk,98,45200,6619,686957,0.014805861912675631,34.0,0.005450920562769303
26861,2020-09-05,Suffolk,58,45258,5274,692231,0.010997345468335229,35.0,0.00573042257720132
26862,2020-09-06,Suffolk,46,45304,4364,696595,0.010540788267644362,34.0,0.005700067734888554
26863,2020-09-07,Suffolk,52,45356,3680,700275,0.014130434782608696,33.0,0.006132273610996935
26864,2020-09-08,Suffolk,55,45411,3080,703355,0.017857142857142856,33.0,0.006725858554087172
26865,2020-09-09,Suffolk,52,45463,6741,710096,0.007713989022400237,32.0,0.006567302424655969
26866,2020-09-10,Suffolk,71,45534,6839,716935,0.010381634741921334,30.0,0.006173371218052025
26867,2020-09-11,Suffolk,81,45615,6077,723012,0.013328945203225275,29.0,0.006067877167376999
26868,2020-09-12,Suffolk,68,45683,6000,729012,0.011333333333333334,30.0,0.00609187630059115
26869,2020-09-13,Suffolk,31,45714,4905,733917,0.006320081549439347,29.0,0.005790397249290791
26870,2020-09-14,Suffolk,71,45785,5634,739551,0.012602058927937523,30.0,0.005681227545385708
26871,2020-09-15,Suffolk,58,45843,4753,744304,0.012202819272038713,30.0,0.00527734728930684
26872,2020-09-16,Suffolk,72,45915,8319,752623,0.00865488640461594,32.0,0.00534455424517939
26873,2020-09-17,Suffolk,41,45956,5925,758548,0.006919831223628692,30.0,0.005097282565301345
26874,2020-09-18,Suffolk,54,46010,8053,766601,0.006705575561902396,28.0,0.004624184733778282
26875,2020-09-19,Suffolk,51,46061,6712,773313,0.007598331346841478,27.0,0.004357398877600292
26876,2020-09-20,Suffolk,48,46109,5208,778521,0.009216589861751152,28.0,0.004564292328479706
26877,2020-09-21,Suffolk,67,46176,5863,784384,0.011427596793450453,27.0,0.004480402176016344
26878,2020-09-22,Suffolk,32,46208,5254,789638,0.006090597639893415,26.0,0.004043814916577395
26879,2020-09-23,Suffolk,33,46241,6408,796046,0.005149812734082397,23.0,0.003793452511539285
26880,2020-09-24,Suffolk,52,46293,5646,801692,0.009210060219624512,24.0,0.0039570402969675575
26881,2020-09-25,Suffolk,52,46345,6759,808451,0.0076934457760023675,23.0,0.0040276024551175555
26882,2020-09-26,Suffolk,42,46387,5435,813886,0.0077276908923643054,23.0,0.0040368424226549
26883,2020-09-27,Suffolk,41,46428,4697,818583,0.008728975942090697,22.0,0.004002012856964867
26884,2020-09-28,Suffolk,36,46464,4300,822883,0.008372093023255815,20.0,0.00378376258766525
26885,2020-09-29,Suffolk,53,46517,3988,826871,0.01328986960882648,22.0,0.004297996299731898
26886,2020-09-30,Suffolk,46,46563,5924,832795,0.007765023632680621,23.0,0.0044847970782031996
26887,2020-10-01,Suffolk,104,46667,8609,841404,0.012080380996631432,26.0,0.00468981999084655
26888,2020-10-02,Suffolk,103,46770,10195,851599,0.010102991662579696,30.0,0.004861930411316361
26889,2020-10-03,Suffolk,72,46842,8656,860255,0.00831792975970425,32.0,0.004904090330412071
26890,2020-10-04,Suffolk,49,46891,5724,865979,0.008560447239692523,33.0,0.004892052565955059
26891,2020-10-05,Suffolk,89,46980,8563,874542,0.010393553661100082,36.0,0.005036442611515363
26892,2020-10-06,Suffolk,109,47089,10845,885387,0.010050714615029968,40.0,0.004805074397672755
26893,2020-10-07,Suffolk,107,47196,11812,897199,0.009058584490348798,45.0,0.00489747160179191
26894,2020-10-08,Suffolk,89,47285,8946,906145,0.009948580371115583,44.0,0.0047452001285407785
26895,2020-10-09,Suffolk,72,47357,7703,913848,0.009347007659353498,41.0,0.004691201271167478
26896,2020-10-10,Suffolk,74,47431,8565,922413,0.008639813193228254,42.0,0.004714192944990622
26897,2020-10-11,Suffolk,62,47493,5651,928064,0.01097150946735091,43.0,0.004886411675537649
26898,2020-10-12,Suffolk,68,47561,7109,935173,0.009565339710226474,41.0,0.004827253536189535
26899,2020-10-13,Suffolk,69,47630,7745,942918,0.008908973531310522,38.0,0.004745700601638146
26900,2020-10-14,Suffolk,81,47711,7801,950719,0.01038328419433406,36.0,0.004840322009065665
26901,2020-10-15,Suffolk,104,47815,9276,959995,0.01121172919361794,37.0,0.0049305469249586896
26902,2020-10-16,Suffolk,126,47941,12149,972144,0.010371223969050951,41.0,0.005003705232794223
26903,2020-10-17,Suffolk,88,48029,8887,981031,0.009902104197141893,42.0,0.005093868875930911
26904,2020-10-18,Suffolk,51,48080,5554,986585,0.009182571119913576,41.0,0.0049660875653996725
26905,2020-10-19,Suffolk,41,48121,5978,992563,0.006858481097356975,40.0,0.0047727405216232794
26906,2020-10-20,Suffolk,113,48234,7837,1000400,0.014418782697460763,43.0,0.00516629831920544
26907,2020-10-21,Suffolk,74,48308,8143,1008543,0.009087559867370748,42.0,0.005073746581565204
26908,2020-10-22,Suffolk,91,48399,9115,1017658,0.009983543609434996,41.0,0.00498601903983785
26909,2020-10-23,Suffolk,163,48562,9623,1027281,0.016938584640964358,44.0,0.005455116230688809
26910,2020-10-24,Suffolk,101,48663,7576,1034857,0.01333157338965153,45.0,0.005700078315868068
26911,2020-10-25,Suffolk,54,48717,5071,1039928,0.010648787221455335,45.0,0.005804808037406765
26912,2020-10-26,Suffolk,112,48829,6767,1046695,0.016550908822225506,50.0,0.006497124303468803
26913,2020-10-27,Suffolk,169,48998,8769,1055464,0.01927243699395598,54.0,0.006843813896075605
26914,2020-10-28,Suffolk,200,49198,13426,1068890,0.014896469536719798,63.0,0.0072587360153148215
26915,2020-10-29,Suffolk,102,49300,9696,1078586,0.01051980198019802,64.0,0.007297040184655038
26916,2020-10-30,Suffolk,96,49396,8488,1087074,0.011310084825636193,59.0,0.006895004483560168
26917,2020-10-31,Suffolk,142,49538,10200,1097274,0.01392156862745098,62.0,0.006937147000545843
26918,2020-11-01,Suffolk,66,49604,5501,1102775,0.011997818578440284,63.0,0.007033506383187625
26919,2020-11-02,Suffolk,176,49780,9927,1112702,0.01772942480104765,67.0,0.007117686095960636
26920,2020-11-03,Suffolk,74,49854,7486,1120188,0.009885118888592039,61.0,0.006447163374148926
26921,2020-11-04,Suffolk,179,50033,10371,1130559,0.017259666377398515,59.0,0.00661596314848312
26922,2020-11-05,Suffolk,177,50210,10332,1140891,0.01713124274099884,65.0,0.007088208917111751
26923,2020-11-06,Suffolk,259,50469,10353,1151244,0.025016903313049357,76.0,0.008067267380498405
26924,2020-11-07,Suffolk,259,50728,9743,1160987,0.026583187929795752,85.0,0.008971668759237316
26925,2020-11-08,Suffolk,324,51052,8467,1169454,0.03826620999173261,103.0,0.010847982431615338
26926,2020-11-09,Suffolk,280,51332,7813,1177267,0.03583770638679125,110.0,0.01214143111631131
26927,2020-11-10,Suffolk,412,51744,12162,1189429,0.03387600723565203,135.0,0.013855065998244168
26928,2020-11-11,Suffolk,321,52065,10924,1200353,0.02938484071768583,145.0,0.014721149879693262
26929,2020-11-12,Suffolk,428,52493,11768,1212121,0.03636981645139361,163.0,0.016095333716150035
26930,2020-11-13,Suffolk,449,52942,12149,1224270,0.03695777430241172,176.0,0.016948253072533056
26931,2020-11-14,Suffolk,366,53308,12561,1236831,0.029137807499402913,184.0,0.01713072589893357
26932,2020-11-15,Suffolk,345,53653,9345,1246176,0.03691813804173355,185.0,0.017034435045362208
26933,2020-11-16,Suffolk,402,54055,11729,1257905,0.03427402165572513,194.0,0.016922743278857486
26934,2020-11-17,Suffolk,430,54485,11360,1269265,0.037852112676056336,195.0,0.017206750810314937
26935,2020-11-18,Suffolk,431,54916,13645,1282910,0.03158666178087211,203.0,0.01736402374339967
26936,2020-11-19,Suffolk,413,55329,14807,1297717,0.027892213142432634,202.0,0.016758480649902457
26937,2020-11-20,Suffolk,478,55807,17718,1315435,0.02697821424540016,204.0,0.01604565493154449
26938,2020-11-21,Suffolk,532,56339,14027,1329462,0.037926855350395666,216.0,0.016673444063758255
26939,2020-11-22,Suffolk,526,56865,13623,1343085,0.03861117228216986,229.0,0.01679437508093228
26940,2020-11-23,Suffolk,501,57366,12670,1355755,0.03954222573007103,236.0,0.017170675371956982
26941,2020-11-24,Suffolk,543,57909,12795,1368550,0.042438452520515826,244.0,0.017498271075132663
26942,2020-11-25,Suffolk,653,58562,18628,1387178,0.03505475628086751,260.0,0.01774599211084662
26943,2020-11-26,Suffolk,711,59273,18438,1405616,0.038561666124308495,281.0,0.01850809589526633
26944,2020-11-27,Suffolk,537,59810,14089,1419705,0.03811484136560437,285.0,0.019303569260995197
26945,2020-11-28,Suffolk,604,60414,12348,1432053,0.04891480401684483,291.0,0.020088422737170143
26946,2020-11-29,Suffolk,658,61072,13745,1445798,0.047871953437613676,300.0,0.020749907105416125
26947,2020-11-30,Suffolk,609,61681,11688,1457486,0.052104722792607805,308.0,0.02164722832416875
26948,2020-12-01,Suffolk,966,62647,16615,1474101,0.05814023472765573,338.0,0.022768784196107315
26949,2020-12-02,Suffolk,1111,63758,18399,1492500,0.06038371650633187,371.0,0.02457799564078334
26950,2020-12-03,Suffolk,1171,64929,18146,1510646,0.06453212829273669,404.0,0.02643302865281393
26951,2020-12-04,Suffolk,1064,65993,17268,1527914,0.06161686356265925,441.0,0.028111744524032135
26952,2020-12-05,Suffolk,1119,67112,17711,1545625,0.06318107390887019,478.0,0.029130763802033947
26953,2020-12-06,Suffolk,748,67860,12137,1557762,0.06162972728021752,484.0,0.030113461933648507
26954,2020-12-07,Suffolk,1164,69024,17883,1575645,0.06508975004193927,524.0,0.03104096388002933
26955,2020-12-08,Suffolk,972,69996,15586,1591231,0.062363659694597715,524.0,0.03134263709195375
26956,2020-12-09,Suffolk,1047,71043,17049,1608280,0.0614112264648953,520.0,0.03141603066042257
26957,2020-12-10,Suffolk,1075,72118,16941,1625221,0.06345552210613305,513.0,0.03133913021852231
26958,2020-12-11,Suffolk,1163,73281,20204,1645425,0.0575628588398337,520.0,0.0310495584526062
26959,2020-12-12,Suffolk,1086,74367,17213,1662638,0.06309184918375646,518.0,0.031043185257955217
26960,2020-12-13,Suffolk,1087,75454,16241,1678879,0.06692937626993412,542.0,0.03142173161436355
26961,2020-12-14,Suffolk,1171,76625,17833,1696712,0.06566477878091179,542.0,0.03146280509571872
26962,2020-12-15,Suffolk,1056,77681,12860,1709572,0.08211508553654744,548.0,0.032873621227286556
26963,2020-12-16,Suffolk,1169,78850,17296,1726868,0.06758788159111934,557.0,0.033314810879159704
26964,2020-12-17,Suffolk,1197,80047,16531,1743399,0.07240941261871635,566.0,0.033954374487201365
26965,2020-12-18,Suffolk,942,80989,15052,1758451,0.06258304544246612,550.0,0.03431295924453226
26966,2020-12-19,Suffolk,1145,82134,15670,1774121,0.07306955966815572,554.0,0.03502565285056077
26967,2020-12-20,Suffolk,978,83112,13180,1787301,0.07420333839150228,547.0,0.03554522157352993
26968,2020-12-21,Suffolk,1034,84146,14282,1801583,0.07239882369416048,537.0,0.03602622478161912
26969,2020-12-22,Suffolk,1239,85385,17085,1818668,0.07251975417032484,550.0,0.03534084396974608
26970,2020-12-23,Suffolk,1330,86715,18660,1837328,0.07127545551982852,561.0,0.03560424210751102
26971,2020-12-24,Suffolk,1270,87985,18087,1855415,0.07021617736495826,567.0,0.0354475824465283
26972,2020-12-25,Suffolk,1272,89257,17611,1873026,0.07222758503208222,590.0,0.036136478131500886
26973,2020-12-26,Suffolk,885,90142,12554,1885580,0.0704954596144655,572.0,0.03595261384195158
26974,2020-12-27,Suffolk,1037,91179,11377,1896957,0.09114880900061528,576.0,0.037163004599745364
26975,2020-12-28,Suffolk,1212,92391,13620,1910577,0.08898678414096917,588.0,0.03834785891737456
26976,2020-12-29,Suffolk,1650,94041,12909,1923486,0.1278178015338136,618.0,0.04229771944333804
26977,2020-12-30,Suffolk,2016,96057,19194,1942680,0.1050328227571116,667.0,0.04470895996028683
26978,2020-12-31,Suffolk,1874,97931,19417,1962097,0.09651336457743215,710.0,0.04658733047546354
26979,2021-01-01,Suffolk,1786,99717,18676,1980773,0.09563075605054616,747.0,0.04825898554821096
26980,2021-01-02,Suffolk,1516,101233,14261,1995034,0.10630390575695954,792.0,0.050816731701246246
26981,2021-01-03,Suffolk,1232,102465,10876,2005910,0.11327694005148951,806.0,0.052397312490594414
26982,2021-01-04,Suffolk,1554,104019,14273,2020183,0.10887690044139284,830.0,0.05381803508348181
26983,2021-01-05,Suffolk,2042,106061,18645,2038828,0.10951997854652722,858.0,0.052511047727247066
26984,2021-01-06,Suffolk,2194,108255,20941,2059769,0.10477054581920635,871.0,0.05249231366025385
26985,2021-01-07,Suffolk,1954,110209,17917,2077686,0.10905843612211866,877.0,0.05338839019916002
26986,2021-01-08,Suffolk,2002,112211,20450,2098136,0.09789731051344744,892.0,0.05355028694651011
26987,2021-01-09,Suffolk,1732,113943,18104,2116240,0.09566946531153336,907.0,0.0527906840575511
26988,2021-01-10,Suffolk,1546,115489,20387,2136627,0.07583263844606858,930.0,0.05011609108573532
26989,2021-01-11,Suffolk,1667,117156,17303,2153930,0.09634167485407155,938.0,0.04922071782949807
26990,2021-01-12,Suffolk,1673,118829,17104,2171034,0.0978133769878391,912.0,0.048384532003877496
26991,2021-01-13,Suffolk,1587,120416,16976,2188010,0.09348491988689915,868.0,0.04757841586585556
26992,2021-01-14,Suffolk,2181,122597,27442,2215452,0.07947671452518038,884.0,0.04546543575178854
26993,2021-01-15,Suffolk,1787,124384,21598,2237050,0.08273914251319567,869.0,0.04438270946605627
26994,2021-01-16,Suffolk,1541,125925,20408,2257458,0.07550960407683262,855.0,0.04294271937786336
26995,2021-01-17,Suffolk,1362,127287,16006,2273464,0.0850930900912158,842.0,0.04360418020965958
26996,2021-01-18,Suffolk,1293,128580,15314,2288778,0.0844325453833094,816.0,0.04275352810460514
26997,2021-01-19,Suffolk,1224,129804,15580,2304358,0.07856225930680359,783.0,0.04137844827024546
26998,2021-01-20,Suffolk,1505,131309,19999,2324357,0.07525376268813441,778.0,0.04007622275604799
26999,2021-01-21,Suffolk,1439,132748,20514,2344871,0.07014721653504924,725.0,0.03940983004246719
27000,2021-01-22,Suffolk,1309,134057,19963,2364834,0.06557130691779793,690.0,0.03818355607136736
27001,2021-01-23,Suffolk,1117,135174,17867,2382701,0.06251749034532939,660.0,0.03725554794768856
27002,2021-01-24,Suffolk,1419,136593,19154,2401855,0.07408374229925864,664.0,0.036469165962548754
27003,2021-01-25,Suffolk,1135,137728,13296,2415151,0.08536401925391095,653.0,0.036535699810448866
27004,2021-01-26,Suffolk,1084,138812,15329,2430480,0.0707156370278557,643.0,0.03597522679052402
27005,2021-01-27,Suffolk,1301,140113,19070,2449550,0.06822233875196644,628.0,0.03547298222365488
27006,2021-01-28,Suffolk,1241,141354,21491,2471041,0.05774510260108883,614.0,0.03458711694265771
27007,2021-01-29,Suffolk,1130,142484,19216,2490257,0.05880516236469609,601.0,0.03410382090315043
27008,2021-01-30,Suffolk,1014,143498,17429,2507686,0.0581788972402318,594.0,0.03379392139564346
27009,2021-01-31,Suffolk,839,144337,14461,2522147,0.05801811769587165,553.0,0.03264637678111582
27010,2021-02-01,Suffolk,778,145115,11388,2533535,0.06831752722163681,527.0,0.031428770207381954
27011,2021-02-02,Suffolk,527,145642,8925,2542460,0.05904761904761905,487.0,0.03059534035165076
27012,2021-02-03,Suffolk,651,146293,12733,2555193,0.05112699285321605,441.0,0.029374244216025736
27013,2021-02-04,Suffolk,771,147064,15461,2570654,0.04986740831770261,407.0,0.02881155176721243
27014,2021-02-05,Suffolk,1100,148164,18575,2589229,0.059219380888290714,405.0,0.02884113880461205
27015,2021-02-06,Suffolk,854,149018,16379,2605608,0.05213993528298431,394.0,0.02840978437909437
27016,2021-02-07,Suffolk,696,149714,11990,2617598,0.05804837364470392,384.0,0.028411945518296677
27017,2021-02-08,Suffolk,712,150426,13483,2631081,0.0528072387450864,379.0,0.027304067769971647
27018,2021-02-09,Suffolk,539,150965,11502,2642583,0.04686141540601634,380.0,0.02643362465271431
27019,2021-02-10,Suffolk,828,151793,19731,2662314,0.04196442146875475,392.0,0.025779155268109928
27020,2021-02-11,Suffolk,810,152603,17462,2679776,0.046386439124957046,395.0,0.02553051461148525
27021,2021-02-12,Suffolk,724,153327,16399,2696175,0.044149033477651076,368.0,0.02445406122501099
27022,2021-02-13,Suffolk,771,154098,16673,2712848,0.04624242787740659,362.0,0.024032810696041153
27023,2021-02-14,Suffolk,525,154623,13530,2726378,0.038802660753880266,350.0,0.022658116918125176
27024,2021-02-15,Suffolk,526,155149,10353,2736731,0.05080652950835507,337.0,0.02251520911550151
27025,2021-02-16,Suffolk,590,155739,12965,2749696,0.045507134593135365,341.0,0.022418474771724296
27026,2021-02-17,Suffolk,461,156200,13817,2763513,0.0333646956647608,314.0,0.021804208642867588
27027,2021-02-18,Suffolk,714,156914,17386,2780899,0.04106752559530657,307.0,0.021424286247892554
27028,2021-02-19,Suffolk,602,157516,14759,2795658,0.040788671319195065,299.0,0.02118426037943141
27029,2021-02-20,Suffolk,513,158029,13033,2808691,0.03936162050180311,280.0,0.020692774138316876
27030,2021-02-21,Suffolk,563,158592,10767,2819458,0.05228940280486672,283.0,0.021656112856244476
27031,2021-02-22,Suffolk,554,159146,10476,2829934,0.0528827796869034,285.0,0.021804416440426504
27032,2021-02-23,Suffolk,425,159571,15175,2845109,0.02800658978583196,273.0,0.020554377525619116
27033,2021-02-24,Suffolk,721,160292,18489,2863598,0.03899615987884688,292.0,0.02095662496948241
27034,2021-02-25,Suffolk,675,160967,17389,2880987,0.03881764333774225,289.0,0.020795919093942097
27035,2021-02-26,Suffolk,665,161632,17392,2898379,0.03823597056117755,294.0,0.020613583325512275
27036,2021-02-27,Suffolk,611,162243,15987,2914366,0.03821855257396635,301.0,0.02053193561638108
27037,2021-02-28,Suffolk,575,162818,11764,2926130,0.04887793267596056,301.0,0.02028825917860207
27038,2021-03-01,Suffolk,498,163316,10787,2936917,0.046166682117363494,297.0,0.01980853792363493
27039,2021-03-02,Suffolk,569,163885,13830,2950747,0.04114244396240058,308.0,0.020746813221961258
27040,2021-03-03,Suffolk,654,164539,16516,2967263,0.03959796560910632,303.0,0.02078979934555122
27041,2021-03-04,Suffolk,750,165289,18299,2985562,0.04098584622110498,308.0,0.02094467098007713
27042,2021-03-05,Suffolk,590,165879,16308,3001870,0.03617856266862889,303.0,0.020797713273466512
27043,2021-03-06,Suffolk,618,166497,14889,3016759,0.04150715293169454,303.0,0.021032613299018527
27044,2021-03-07,Suffolk,552,167049,12801,3029560,0.043121631122568546,302.0,0.020621448902347666
27045,2021-03-08,Suffolk,552,167601,12327,3041887,0.04477975176441957,306.0,0.02052238244856596
27046,2021-03-09,Suffolk,598,168199,13670,3055557,0.0437454279444038,308.0,0.020708309875851903
27047,2021-03-10,Suffolk,565,168764,15925,3071482,0.035478806907378334,301.0,0.020414084254299907
27048,2021-03-11,Suffolk,798,169562,18807,3090289,0.04243100973041952,305.0,0.020517310219250944
27049,2021-03-12,Suffolk,664,170226,15974,3106263,0.0415675472643045,310.0,0.020902237690370633
27050,2021-03-13,Suffolk,512,170738,12553,3118816,0.04078706285350116,302.0,0.02085080268478539
27051,2021-03-14,Suffolk,560,171298,11060,3129876,0.05063291139240506,303.0,0.021387322704059426
27052,2021-03-15,Suffolk,652,171950,11633,3141509,0.05604745121636723,310.0,0.02219215837919854
27053,2021-03-16,Suffolk,720,172670,16783,3158292,0.04290055413215754,319.0,0.02213181024975238
27054,2021-03-17,Suffolk,651,173321,17074,3175366,0.038128148061379874,325.0,0.022321048903609635
27055,2021-03-18,Suffolk,711,174032,18166,3193532,0.03913905097434768,319.0,0.022085908992461645
27056,2021-03-19,Suffolk,767,174799,18224,3211756,0.0420873573309921,326.0,0.02212303828293933
27057,2021-03-20,Suffolk,729,175528,16022,3227778,0.0454999375858195,342.0,0.02245967219239064
27058,2021-03-21,Suffolk,612,176140,10821,3238599,0.05655669531466593,345.0,0.022882799615409278
27059,2021-03-22,Suffolk,529,176669,11195,3249794,0.0472532380527021,337.0,0.02225464153229034
27060,2021-03-23,Suffolk,665,177334,15458,3265252,0.04301979557510674,333.0,0.02226315877821528
27061,2021-03-24,Suffolk,743,178077,18620,3283872,0.03990332975295381,339.0,0.02238995747047056
27062,2021-03-25,Suffolk,736,178813,19655,3303527,0.03744594250826762,341.0,0.022269021151464844
27063,2021-03-26,Suffolk,711,179524,16602,3320129,0.04282616552222624,337.0,0.022321793165124424
27064,2021-03-27,Suffolk,797,180321,15943,3336072,0.04999059148215518,342.0,0.02264255415771983
27065,2021-03-28,Suffolk,685,181006,13214,3349286,0.05183895868018768,347.0,0.022305572969542806
27066,2021-03-29,Suffolk,612,181618,11510,3360796,0.05317115551694179,353.0,0.022728281359845646
27067,2021-03-30,Suffolk,824,182442,17595,3378391,0.04683148621767547,364.0,0.023000544977171983
27068,2021-03-31,Suffolk,764,183206,19403,3397794,0.03937535432665052,366.0,0.02296283244672175
27069,2021-04-01,Suffolk,706,183912,15235,3413029,0.04634066294716114,364.0,0.02359816962092843
27070,2021-04-02,Suffolk,733,184645,18397,3431426,0.03984345273685927,365.0,0.02338511870768793
27071,2021-04-03,Suffolk,700,185345,16061,3447487,0.04358383662287529,358.0,0.02292749336059651
27072,2021-04-04,Suffolk,566,185911,11901,3459388,0.047559028653054364,350.0,0.022621784072944132
27073,2021-04-05,Suffolk,576,186487,13068,3472456,0.0440771349862259,347.0,0.021972211177892997
27074,2021-04-06,Suffolk,662,187149,14560,3487016,0.045467032967032965,336.0,0.021874750231418532
27075,2021-04-07,Suffolk,925,188074,21009,3508025,0.04402874958351183,347.0,0.022207135606908627
27076,2021-04-08,Suffolk,731,188805,20503,3528528,0.03565331902648393,349.0,0.021443753898288825
27077,2021-04-09,Suffolk,619,189424,18353,3546881,0.03372745600174359,341.0,0.021006896988637704
27078,2021-04-10,Suffolk,590,190014,16013,3562894,0.036845063385998876,333.0,0.020525556043146535
27079,2021-04-11,Suffolk,449,190463,9195,3572089,0.04883088635127787,325.0,0.020616403021591068
27080,2021-04-12,Suffolk,426,190889,10600,3582689,0.04018867924528302,314.0,0.020338656182952292
27081,2021-04-13,Suffolk,490,191379,14390,3597079,0.034051424600416956,302.0,0.019523255585336862
27082,2021-04-14,Suffolk,627,192006,19341,3616420,0.032418178997983556,280.0,0.018693929114941988
27083,2021-04-15,Suffolk,535,192541,15686,3632106,0.03410684686982022,266.0,0.018583466818037433
27084,2021-04-16,Suffolk,610,193151,18817,3650923,0.03241749481851517,266.0,0.018489898162092545
27085,2021-04-17,Suffolk,395,193546,16099,3667022,0.02453568544630101,252.0,0.017610656880685558
27086,2021-04-18,Suffolk,373,193919,11189,3678211,0.03333631244972741,246.0,0.016503901602003383
27087,2021-04-19,Suffolk,290,194209,8479,3686690,0.03420214647953768,237.0,0.016076292118735857
27088,2021-04-20,Suffolk,303,194512,12542,3699232,0.024158826343485887,223.0,0.015369677957526496
27089,2021-04-21,Suffolk,356,194868,18197,3717429,0.019563664340275868,204.0,0.014451498339118804
27090,2021-04-22,Suffolk,341,195209,15865,3733294,0.021493854396470218,190.0,0.013550570305308086
27091,2021-04-23,Suffolk,325,195534,15947,3749241,0.020380008779080704,170.0,0.012690749873919913
27092,2021-04-24,Suffolk,330,195864,14738,3763979,0.02239109784231239,165.0,0.012537565045063582
27093,2021-04-25,Suffolk,237,196101,9254,3773233,0.025610546790577046,155.0,0.011985724640838556
27094,2021-04-26,Suffolk,204,196305,7682,3780915,0.0265555844832075,149.0,0.011439541641100686
27095,2021-04-27,Suffolk,230,196535,10449,3791364,0.022011675758445783,144.0,0.011286173742169251
27096,2021-04-28,Suffolk,271,196806,15628,3806992,0.01734067059124648,138.0,0.011127388474381437
27097,2021-04-29,Suffolk,289,197095,14614,3821606,0.019775557684412207,134.0,0.011004652994948723
27098,2021-04-30,Suffolk,261,197356,15795,3837401,0.016524216524216526,130.0,0.010729239262458423
27099,2021-05-01,Suffolk,190,197546,12108,3849509,0.01569210439378923,120.0,0.010250739730421054
27100,2021-05-02,Suffolk,172,197718,9535,3859044,0.018038804404824332,115.0,0.009709900988581576
27101,2021-05-03,Suffolk,148,197866,7035,3866079,0.02103766879886283,111.0,0.009315764153985528
27102,2021-05-04,Suffolk,157,198023,10779,3876858,0.01456535856758512,106.0,0.008783884354638337
27103,2021-05-05,Suffolk,160,198183,13182,3890040,0.012137763617053559,98.0,0.008412248142195987
27104,2021-05-06,Suffolk,169,198352,13154,3903194,0.012847802949673102,89.0,0.007917408518286049
27105,2021-05-07,Suffolk,222,198574,17440,3920634,0.012729357798165138,87.0,0.00764634718071095
27106,2021-05-08,Suffolk,121,198695,10204,3930838,0.011858094864758919,82.0,0.007372489357208786
27107,2021-05-09,Suffolk,107,198802,8161,3938999,0.013111138340889597,77.0,0.007020513209784876
27108,2021-05-10,Suffolk,104,198906,7703,3946702,0.013501233285732831,74.0,0.006482196387418447
27109,2021-05-11,Suffolk,119,199025,10927,3957629,0.010890454836643177,71.0,0.006219703263779736
27110,2021-05-12,Suffolk,123,199148,14248,3971877,0.008632790567097136,68.0,0.005969348045925707
27111,2021-05-13,Suffolk,134,199282,13732,3985609,0.009758228954267405,66.0,0.005748664189111015
27112,2021-05-14,Suffolk,129,199411,12818,3998427,0.01006397253861757,59.0,0.00555827952771476
27113,2021-05-15,Suffolk,95,199506,10948,4009375,0.008677383997077091,57.0,0.005331085894308916
27114,2021-05-16,Suffolk,86,199592,7936,4017311,0.010836693548387098,56.0,0.005168625551987307
27115,2021-05-17,Suffolk,68,199660,7895,4025206,0.008613046231792274,53.0,0.004819469333848697
27116,2021-05-18,Suffolk,79,199739,9697,4034903,0.008146849541095184,51.0,0.00462349752702384
27117,2021-05-19,Suffolk,85,199824,12360,4047263,0.006877022653721683,48.0,0.004498085533211307
27118,2021-05-20,Suffolk,80,199904,12697,4059960,0.006300700952981019,44.0,0.004251119247405137
27119,2021-05-21,Suffolk,87,199991,11710,4071670,0.007429547395388557,41.0,0.00406294602288878
27120,2021-05-22,Suffolk,67,200058,9003,4080673,0.007441963789847829,39.0,0.003974701722372403
27121,2021-05-23,Suffolk,57,200115,7253,4087926,0.007858817041224321,37.0,0.0037619962575750616
27122,2021-05-24,Suffolk,48,200163,6017,4093943,0.007977397374106698,35.0,0.003716592767740378
27123,2021-05-25,Suffolk,42,200205,7968,4101911,0.005271084337349397,33.0,0.003511180967472822
27124,2021-05-26,Suffolk,72,200277,10701,4112612,0.00672834314550042,32.0,0.0035005610025998744
27125,2021-05-27,Suffolk,56,200333,11178,4123790,0.0050098407586330294,30.0,0.0034083567030035898
27126,2021-05-28,Suffolk,60,200393,9485,4133275,0.0063257775434897206,28.0,0.0033295159992965295
27127,2021-05-29,Suffolk,108,200501,7802,4141077,0.01384260446039477,31.0,0.003786704618621312
27128,2021-05-30,Suffolk,19,200520,6019,4147096,0.0031566705432796147,28.0,0.0034508370116252607
27129,2021-05-31,Suffolk,28,200548,3825,4150921,0.007320261437908497,27.0,0.003403898730468247
27130,2021-06-01,Suffolk,27,200575,4089,4155010,0.006603081438004402,26.0,0.003499041380515033
27131,2021-06-02,Suffolk,43,200618,8775,4163785,0.0049002849002849,24.0,0.0033684657915710667
27132,2021-06-03,Suffolk,38,200656,13567,4177352,0.0028009139824574335,23.0,0.0032106853075585247
27133,2021-06-04,Suffolk,48,200704,9542,4186894,0.0050303919513728776,22.0,0.003118157765264464
27134,2021-06-05,Suffolk,23,200727,8110,4195004,0.002836004932182491,16.0,0.0023319720846778727
27135,2021-06-06,Suffolk,39,200766,5832,4200836,0.006687242798353909,17.0,0.0025841558171831795
27136,2021-06-07,Suffolk,32,200798,5944,4206780,0.005383580080753701,17.0,0.0024458214345292654
27137,2021-06-08,Suffolk,26,200824,7983,4214763,0.0032569209570336966,17.0,0.002206809971602786
27138,2021-06-09,Suffolk,34,200858,10412,4225175,0.0032654629273914716,17.0,0.0020900369735389703
27139,2021-06-10,Suffolk,37,200895,9530,4234705,0.003882476390346275,17.0,0.002167291431245316
27140,2021-06-11,Suffolk,64,200959,11423,4246128,0.005602731331524118,18.0,0.002208172815541833
27141,2021-06-12,Suffolk,30,200989,7574,4253702,0.003960918933192501,18.0,0.0022885238156139763
27142,2021-06-13,Suffolk,19,201008,4384,4258086,0.004333941605839416,17.0,0.002120430873291513
27143,2021-06-14,Suffolk,28,201036,4227,4262313,0.006624083274189733,17.0,0.0022090382442512295
27144,2021-06-15,Suffolk,34,201070,7365,4269678,0.00461642905634759,17.0,0.002306145965630793
27145,2021-06-16,Suffolk,42,201112,8835,4278513,0.004753820033955857,18.0,0.002412457187528249
27146,2021-06-17,Suffolk,27,201139,8276,4286789,0.003262445625906235,17.0,0.002368169275782532
27147,2021-06-18,Suffolk,29,201168,7071,4293860,0.00410125866214114,14.0,0.0022609212279694623
27148,2021-06-19,Suffolk,25,201193,6644,4300504,0.003762793497892836,14.0,0.0022467694111623433
27149,2021-06-20,Suffolk,26,201219,4818,4305322,0.005396430053964301,15.0,0.002322661443171264
27150,2021-06-21,Suffolk,18,201237,4910,4310232,0.0036659877800407333,14.0,0.0021113689078749065
27151,2021-06-22,Suffolk,24,201261,7022,4317254,0.003417829678154372,13.0,0.002025754666575391
27152,2021-06-23,Suffolk,31,201292,8455,4325709,0.0036664695446481372,12.0,0.0019480867744819824
27153,2021-06-24,Suffolk,18,201310,6816,4332525,0.002640845070422535,12.0,0.0019036867348045754
27154,2021-06-25,Suffolk,32,201342,7545,4340070,0.004241219350563287,12.0,0.0019136839268347285
27155,2021-06-26,Suffolk,26,201368,7154,4347224,0.00363433044450657,12.0,0.0019045079944499954
27156,2021-06-27,Suffolk,30,201398,4849,4352073,0.006186842647968653,12.0,0.0019609660368788777
27157,2021-06-28,Suffolk,20,201418,3873,4355946,0.005163955589981926,12.0,0.0020679637375889625
27158,2021-06-29,Suffolk,13,201431,6091,4362037,0.002134296503037268,12.0,0.0019762827965091696
27159,2021-06-30,Suffolk,25,201456,6751,4368788,0.0037031550881350913,11.0,0.0019789031924725238
27160,2021-07-01,Suffolk,33,201489,6015,4374803,0.005486284289276808,12.0,0.002182148850962114
27161,2021-07-02,Suffolk,41,201530,6289,4381092,0.006519319446652886,13.0,0.002344870286397086
27162,2021-07-03,Suffolk,25,201555,5188,4386280,0.00481881264456438,13.0,0.002429476157829787
27163,2021-07-04,Suffolk,25,201580,3870,4390150,0.006459948320413436,13.0,0.002448983705861557
27164,2021-07-05,Suffolk,22,201602,2510,4392660,0.008764940239043825,13.0,0.002706196895080264
27165,2021-07-06,Suffolk,31,201633,2928,4395588,0.01058743169398907,14.0,0.0033099922658625354
27166,2021-07-07,Suffolk,30,201663,6995,4402583,0.004288777698355968,14.0,0.0033518224523068837
27167,2021-07-08,Suffolk,55,201718,5871,4408454,0.009368080395162664,16.0,0.003629093602727302
27168,2021-07-09,Suffolk,52,201770,6206,4414660,0.00837898807605543,17.0,0.0037619270762560553
27169,2021-07-10,Suffolk,39,201809,4815,4419475,0.00809968847352025,18.0,0.003996275349752903
27170,2021-07-11,Suffolk,41,201850,3896,4423371,0.010523613963039014,19.0,0.004286537181369015
27171,2021-07-12,Suffolk,54,201904,3627,4426998,0.01488833746898263,21.0,0.004723922697793217
27172,2021-07-13,Suffolk,60,201964,4968,4431966,0.012077294685990338,23.0,0.004830341482936163
27173,2021-07-14,Suffolk,83,202047,5599,4437565,0.014824075727808536,27.0,0.005582862770754205
27174,2021-07-15,Suffolk,73,202120,6093,4443658,0.011980961759396029,28.0,0.00576949715391373
27175,2021-07-16,Suffolk,75,202195,6073,4449731,0.01234974477194138,30.0,0.006053122632191298
27176,2021-07-17,Suffolk,80,202275,5230,4454961,0.015296367112810707,33.0,0.0065671711064263305
27177,2021-07-18,Suffolk,88,202363,3923,4458884,0.022431812388478207,36.0,0.007417756708243417
27178,2021-07-19,Suffolk,97,202460,4838,4463722,0.020049607275733773,39.0,0.00778641883729707
27179,2021-07-20,Suffolk,125,202585,5776,4469498,0.02164127423822715,44.0,0.008469560233885414
27180,2021-07-21,Suffolk,126,202711,6537,4476035,0.019274896741624598,47.0,0.008787476020586561
27181,2021-07-22,Suffolk,152,202863,8230,4484265,0.018469015795868772,53.0,0.009250908451763185
27182,2021-07-23,Suffolk,164,203027,7522,4491787,0.021802712044668972,59.0,0.009926120399815153
27183,2021-07-24,Suffolk,159,203186,6375,4498162,0.024941176470588234,65.0,0.010615035353942122
27184,2021-07-25,Suffolk,131,203317,4384,4502546,0.02988138686131387,68.0,0.011147147816287523
27185,2021-07-26,Suffolk,130,203447,4793,4507339,0.027122887544335488,70.0,0.011652382121187648
27186,2021-07-27,Suffolk,187,203634,6689,4514028,0.02795634624009568,74.0,0.012103458692749687
27187,2021-07-28,Suffolk,183,203817,6865,4520893,0.026656955571740713,79.0,0.01263074860918655
27188,2021-07-29,Suffolk,266,204083,8348,4529241,0.03186391950167705,87.0,0.013587527445315715
27189,2021-07-30,Suffolk,251,204334,8203,4537444,0.030598561501889554,93.0,0.014215802406545757
27190,2021-07-31,Suffolk,230,204564,6699,4544143,0.03433348260934468,98.0,0.014886681416456932
27191,2021-08-01,Suffolk,223,204787,5754,4549897,0.03875564824469934,105.0,0.015520557229555892
27192,2021-08-02,Suffolk,309,205096,6903,4556800,0.04476314645806171,117.0,0.016780575723393483
27193,2021-08-03,Suffolk,284,205380,7935,4564735,0.03579080025204789,124.0,0.01734017958139007
27194,2021-08-04,Suffolk,301,205681,9098,4573833,0.03308419432842383,133.0,0.01779926806401029
27195,2021-08-05,Suffolk,314,205995,10196,4584029,0.03079639074146724,136.0,0.01772301600970959
27196,2020-03-01,Sullivan,0,0,0,0,,,
27197,2020-03-02,Sullivan,0,0,0,0,,,
27198,2020-03-03,Sullivan,0,0,0,0,,,
27199,2020-03-04,Sullivan,0,0,0,0,,,
27200,2020-03-05,Sullivan,0,0,0,0,,,
27201,2020-03-06,Sullivan,0,0,0,0,,,
27202,2020-03-07,Sullivan,0,0,0,0,,0.0,
27203,2020-03-08,Sullivan,0,0,0,0,,0.0,
27204,2020-03-09,Sullivan,0,0,0,0,,0.0,
27205,2020-03-10,Sullivan,0,0,0,0,,0.0,
27206,2020-03-11,Sullivan,0,0,1,1,0.0,0.0,
27207,2020-03-12,Sullivan,0,0,0,1,,0.0,
27208,2020-03-13,Sullivan,0,0,1,2,0.0,0.0,
27209,2020-03-14,Sullivan,0,0,7,9,0.0,0.0,
27210,2020-03-15,Sullivan,0,0,2,11,0.0,0.0,
27211,2020-03-16,Sullivan,1,1,9,20,0.1111111111111111,0.0,
27212,2020-03-17,Sullivan,0,1,14,34,0.0,0.0,
27213,2020-03-18,Sullivan,2,3,23,57,0.08695652173913043,0.0,
27214,2020-03-19,Sullivan,5,8,79,136,0.06329113924050633,0.0,0.018668483720767706
27215,2020-03-20,Sullivan,4,12,42,178,0.09523809523809523,0.0,0.02547120480920308
27216,2020-03-21,Sullivan,4,16,37,215,0.10810810810810811,1.0,0.033193212531210804
27217,2020-03-22,Sullivan,7,23,83,298,0.08433734939759036,1.0,0.039217308916752965
27218,2020-03-23,Sullivan,7,30,44,342,0.1590909090909091,2.0,0.042644437343881396
27219,2020-03-24,Sullivan,9,39,23,365,0.391304347826087,2.0,0.0705947479028876
27220,2020-03-25,Sullivan,14,53,53,418,0.2641509433962264,3.0,0.0832514923069659
27221,2020-03-26,Sullivan,11,64,62,480,0.1774193548387097,4.0,0.09140350770683756
27222,2020-03-27,Sullivan,8,72,49,529,0.16326530612244897,4.0,0.0962625941985771
27223,2020-03-28,Sullivan,16,88,91,620,0.17582417582417584,5.0,0.10109945617829623
27224,2020-03-29,Sullivan,13,101,53,673,0.24528301886792453,5.0,0.11259557542617725
27225,2020-03-30,Sullivan,8,109,33,706,0.24242424242424243,5.0,0.1185479563785582
27226,2020-03-31,Sullivan,12,121,55,761,0.21818181818181817,5.0,0.10618206140396758
27227,2020-04-01,Sullivan,22,143,96,857,0.22916666666666666,6.0,0.1036831844947133
27228,2020-04-02,Sullivan,25,168,140,997,0.17857142857142858,7.0,0.10376547547562179
27229,2020-04-03,Sullivan,25,193,133,1130,0.18796992481203006,8.0,0.10553009109630615
27230,2020-04-04,Sullivan,41,234,153,1283,0.2679738562091503,10.0,0.11211221112380433
27231,2020-04-05,Sullivan,19,253,91,1374,0.2087912087912088,10.0,0.10950565326118179
27232,2020-04-06,Sullivan,17,270,77,1451,0.22077922077922077,11.0,0.1079595802865374
27233,2020-04-07,Sullivan,9,279,56,1507,0.16071428571428573,11.0,0.1038547565388565
27234,2020-04-08,Sullivan,15,294,60,1567,0.25,10.0,0.10534285177695173
27235,2020-04-09,Sullivan,24,318,115,1682,0.20869565217391303,10.0,0.10749458203427205
27236,2020-04-10,Sullivan,22,340,99,1781,0.2222222222222222,10.0,0.10994117470642863
27237,2020-04-11,Sullivan,18,358,65,1846,0.27692307692307694,8.0,0.11058040475742338
27238,2020-04-12,Sullivan,22,380,73,1919,0.3013698630136986,9.0,0.11719316577331552
27239,2020-04-13,Sullivan,35,415,133,2052,0.2631578947368421,10.0,0.12022021391314562
27240,2020-04-14,Sullivan,9,424,37,2089,0.24324324324324326,10.0,0.12611513945092828
27241,2020-04-15,Sullivan,13,437,39,2128,0.3333333333333333,10.0,0.13206752040330924
27242,2020-04-16,Sullivan,68,505,192,2320,0.3541666666666667,13.0,0.14245830715279165
27243,2020-04-17,Sullivan,19,524,92,2412,0.20652173913043478,13.0,0.14133684407480682
27244,2020-04-18,Sullivan,13,537,38,2450,0.34210526315789475,12.0,0.14599271452015095
27245,2020-04-19,Sullivan,7,544,30,2480,0.23333333333333334,11.0,0.14113296240012488
27246,2020-04-20,Sullivan,11,555,44,2524,0.25,10.0,0.14019311277606472
27247,2020-04-21,Sullivan,6,561,45,2569,0.13333333333333333,9.0,0.13234240492535687
27248,2020-04-22,Sullivan,19,580,52,2621,0.36538461538461536,10.0,0.13463178221473418
27249,2020-04-23,Sullivan,48,628,253,2874,0.18972332015810275,8.0,0.12288582889269387
27250,2020-04-24,Sullivan,61,689,296,3170,0.20608108108108109,11.0,0.12285435331774004
27251,2020-04-25,Sullivan,35,724,160,3330,0.21875,13.0,0.11404326309217613
27252,2020-04-26,Sullivan,24,748,120,3450,0.2,14.0,0.11166231071122376
27253,2020-04-27,Sullivan,21,769,77,3527,0.2727272727272727,15.0,0.11328568733460039
27254,2020-04-28,Sullivan,42,811,114,3641,0.3684210526315789,17.0,0.13007766728447506
27255,2020-04-29,Sullivan,27,838,102,3743,0.2647058823529412,18.0,0.12288632921078405
27256,2020-04-30,Sullivan,42,880,122,3865,0.3442622950819672,18.0,0.1339248274196315
27257,2020-05-01,Sullivan,51,931,128,3993,0.3984375,17.0,0.1476645716281257
27258,2020-05-02,Sullivan,20,951,105,4098,0.19047619047619047,16.0,0.14564501380499648
27259,2020-05-03,Sullivan,25,976,106,4204,0.2358490566037736,16.0,0.148205660705266
27260,2020-05-04,Sullivan,8,984,111,4315,0.07207207207207207,15.0,0.13387314637275166
27261,2020-05-05,Sullivan,12,996,99,4414,0.12121212121212122,13.0,0.11621536555707611
27262,2020-05-06,Sullivan,25,1021,150,4564,0.16666666666666666,13.0,0.10921256443662794
27263,2020-05-07,Sullivan,18,1039,90,4654,0.2,11.0,0.09890811478791602
27264,2020-05-08,Sullivan,32,1071,143,4797,0.22377622377622378,10.0,0.08643230934336056
27265,2020-05-09,Sullivan,22,1093,115,4912,0.19130434782608696,10.0,0.08649146343978173
27266,2020-05-10,Sullivan,16,1109,78,4990,0.20512820512820512,9.0,0.08429711690581256
27267,2020-05-11,Sullivan,10,1119,95,5085,0.10526315789473684,9.0,0.08666790875028862
27268,2020-05-12,Sullivan,16,1135,89,5174,0.1797752808988764,9.0,0.09085099158505684
27269,2020-05-13,Sullivan,33,1168,178,5352,0.1853932584269663,10.0,0.09218860528222109
27270,2020-05-14,Sullivan,21,1189,127,5479,0.16535433070866143,10.0,0.08971391461855406
27271,2020-05-15,Sullivan,28,1217,176,5655,0.1590909090909091,10.0,0.08509353499817443
27272,2020-05-16,Sullivan,14,1231,138,5793,0.10144927536231885,9.0,0.0786753155364767
27273,2020-05-17,Sullivan,15,1246,133,5926,0.11278195488721804,9.0,0.07207915480497763
27274,2020-05-18,Sullivan,12,1258,111,6037,0.10810810810810811,9.0,0.07228236553450416
27275,2020-05-19,Sullivan,9,1267,116,6153,0.07758620689655173,9.0,0.06498314596290954
27276,2020-05-20,Sullivan,14,1281,157,6310,0.08917197452229299,8.0,0.058110197112575736
27277,2020-05-21,Sullivan,6,1287,158,6468,0.0379746835443038,7.0,0.049011650886550184
27278,2020-05-22,Sullivan,10,1297,148,6616,0.06756756756756757,5.0,0.04247426934916865
27279,2020-05-23,Sullivan,13,1310,155,6771,0.08387096774193549,5.0,0.0412186759477127
27280,2020-05-24,Sullivan,14,1324,170,6941,0.08235294117647059,5.0,0.039045174968373585
27281,2020-05-25,Sullivan,14,1338,238,7179,0.058823529411764705,5.0,0.03552484791863477
27282,2020-05-26,Sullivan,2,1340,77,7256,0.025974025974025976,5.0,0.03183826356702579
27283,2020-05-27,Sullivan,11,1351,209,7465,0.05263157894736842,5.0,0.029228235311674036
27284,2020-05-28,Sullivan,13,1364,160,7625,0.08125,5.0,0.03231932934422377
27285,2020-05-29,Sullivan,11,1375,254,7879,0.04330708661417323,5.0,0.03058643784755274
27286,2020-05-30,Sullivan,12,1387,237,8116,0.05063291139240506,5.0,0.028212290965443428
27287,2020-05-31,Sullivan,2,1389,145,8261,0.013793103448275862,4.0,0.023315159699143804
27288,2020-06-01,Sullivan,3,1392,108,8369,0.027777777777777776,3.0,0.02109760601100188
27289,2020-06-02,Sullivan,1,1393,155,8524,0.0064516129032258064,3.0,0.019703147934516156
27290,2020-06-03,Sullivan,12,1405,186,8710,0.06451612903225806,3.0,0.02055204436915113
27291,2020-06-04,Sullivan,4,1409,167,8877,0.023952095808383235,3.0,0.016459336926892786
27292,2020-06-05,Sullivan,2,1411,176,9053,0.011363636363636364,2.0,0.014177661908997297
27293,2020-06-06,Sullivan,4,1415,177,9230,0.022598870056497175,2.0,0.012175230385003876
27294,2020-06-07,Sullivan,2,1417,123,9353,0.016260162601626018,2.0,0.012351448895957459
27295,2020-06-08,Sullivan,1,1418,152,9505,0.006578947368421052,1.0,0.01083724672386055
27296,2020-06-09,Sullivan,7,1425,499,10004,0.014028056112224449,2.0,0.011378421238789026
27297,2020-06-10,Sullivan,1,1426,272,10276,0.003676470588235294,1.0,0.007032731349930256
27298,2020-06-11,Sullivan,2,1428,112,10388,0.017857142857142856,1.0,0.006597377567698801
27299,2020-06-12,Sullivan,2,1430,299,10687,0.006688963210702341,1.0,0.006263472342489228
27300,2020-06-13,Sullivan,0,1430,287,10974,0.0,1.0,0.004649267338453715
27301,2020-06-14,Sullivan,2,1432,76,11050,0.02631578947368421,1.0,0.005367526400743587
27302,2020-06-15,Sullivan,1,1433,163,11213,0.006134969325153374,1.0,0.005335813683367324
27303,2020-06-16,Sullivan,0,1433,189,11402,0.0,0.0,0.0043338096753512915
27304,2020-06-17,Sullivan,1,1434,176,11578,0.005681818181818182,0.0,0.004477048789178641
27305,2020-06-18,Sullivan,0,1434,206,11784,0.0,0.0,0.003201538585097008
27306,2020-06-19,Sullivan,1,1435,84,11868,0.011904761904761904,0.0,0.003574095634672691
27307,2020-06-20,Sullivan,2,1437,139,12007,0.014388489208633094,0.0,0.004601844863860768
27308,2020-06-21,Sullivan,1,1438,103,12110,0.009708737864077669,0.0,0.003415626891746016
27309,2020-06-22,Sullivan,2,1440,262,12372,0.007633587786259542,0.0,0.0035226710675393138
27310,2020-06-23,Sullivan,7,1447,197,12569,0.03553299492385787,1.0,0.006060742133529161
27311,2020-06-24,Sullivan,1,1448,176,12745,0.005681818181818182,1.0,0.006060742133529161
27312,2020-06-25,Sullivan,1,1449,132,12877,0.007575757575757576,1.0,0.006601867674654704
27313,2020-06-26,Sullivan,2,1451,142,13019,0.014084507042253521,1.0,0.0067575637559041035
27314,2020-06-27,Sullivan,0,1451,82,13101,0.0,1.0,0.005729814526716026
27315,2020-06-28,Sullivan,0,1451,89,13190,0.0,0.0,0.005036333250710478
27316,2020-06-29,Sullivan,0,1451,282,13472,0.0,0.0,0.004491076980263368
27317,2020-06-30,Sullivan,1,1452,205,13677,0.004878048780487805,0.0,0.002301437970022649
27318,2020-07-01,Sullivan,1,1453,158,13835,0.006329113924050633,0.0,0.0023476733801821095
27319,2020-07-02,Sullivan,2,1455,288,14123,0.006944444444444444,0.0,0.0023025795850883145
27320,2020-07-03,Sullivan,1,1456,93,14216,0.010752688172043012,0.0,0.002064592522930421
27321,2020-07-04,Sullivan,0,1456,129,14345,0.0,0.0,0.002064592522930421
27322,2020-07-05,Sullivan,1,1457,113,14458,0.008849557522123894,0.0,0.002696703774510699
27323,2020-07-06,Sullivan,2,1459,122,14580,0.01639344262295082,0.0,0.0038676639618643286
27324,2020-07-07,Sullivan,1,1460,123,14703,0.008130081300813009,0.0,0.004099951999030415
27325,2020-07-08,Sullivan,0,1460,138,14841,0.0,0.0,0.0036478724330267984
27326,2020-07-09,Sullivan,4,1464,144,14985,0.027777777777777776,0.0,0.005135967671122037
27327,2020-07-10,Sullivan,0,1464,164,15149,0.0,0.0,0.0043679185159761075
27328,2020-07-11,Sullivan,1,1465,127,15276,0.007874015748031496,0.0,0.004930348212264071
27329,2020-07-12,Sullivan,0,1465,70,15346,0.0,0.0,0.004298236960683793
27330,2020-07-13,Sullivan,1,1466,113,15459,0.008849557522123894,0.0,0.003759388024910441
27331,2020-07-14,Sullivan,1,1467,217,15676,0.004608294930875576,0.0,0.003507831855629196
27332,2020-07-15,Sullivan,2,1469,159,15835,0.012578616352201259,0.0,0.0044063044522150005
27333,2020-07-16,Sullivan,0,1469,161,15996,0.0,0.0,0.0024221774680880164
27334,2020-07-17,Sullivan,4,1473,333,16329,0.012012012012012012,0.0,0.0032801783260888737
27335,2020-07-18,Sullivan,0,1473,124,16453,0.0,0.0,0.0027177486298009096
27336,2020-07-19,Sullivan,0,1473,124,16577,0.0,0.0,0.0027177486298009096
27337,2020-07-20,Sullivan,0,1473,166,16743,0.0,0.0,0.002085637378220632
27338,2020-07-21,Sullivan,0,1473,132,16875,0.0,0.0,0.001756473454586662
27339,2020-07-22,Sullivan,2,1475,258,17133,0.007751937984496124,0.0,0.0014117107140362954
27340,2020-07-23,Sullivan,0,1475,214,17347,0.0,0.0,0.0014117107140362954
27341,2020-07-24,Sullivan,1,1476,170,17517,0.0058823529411764705,0.0,0.0009738779232623282
27342,2020-07-25,Sullivan,0,1476,72,17589,0.0,0.0,0.0009738779232623282
27343,2020-07-26,Sullivan,0,1476,87,17676,0.0,0.0,0.0009738779232623282
27344,2020-07-27,Sullivan,0,1476,174,17850,0.0,0.0,0.0009738779232623282
27345,2020-07-28,Sullivan,0,1476,179,18029,0.0,0.0,0.0009738779232623282
27346,2020-07-29,Sullivan,3,1479,446,18475,0.006726457399103139,0.0,0.0009006293100199722
27347,2020-07-30,Sullivan,1,1480,99,18574,0.010101010101010102,0.0,0.0016221300315206937
27348,2020-07-31,Sullivan,3,1483,119,18693,0.025210084033613446,0.0,0.003002682252409049
27349,2020-08-01,Sullivan,0,1483,62,18755,0.0,0.0,0.003002682252409049
27350,2020-08-02,Sullivan,0,1483,58,18813,0.0,0.0,0.003002682252409049
27351,2020-08-03,Sullivan,1,1484,260,19073,0.0038461538461538464,0.0,0.003277407527134324
27352,2020-08-04,Sullivan,1,1485,144,19217,0.006944444444444444,0.0,0.0037734392731660696
27353,2020-08-05,Sullivan,0,1485,116,19333,0.0,0.0,0.003292978030372988
27354,2020-08-06,Sullivan,3,1488,84,19417,0.03571428571428571,0.0,0.005122497717035532
27355,2020-08-07,Sullivan,0,1488,103,19520,0.0,0.0,0.003321777428920286
27356,2020-08-08,Sullivan,1,1489,135,19655,0.007407407407407408,0.0,0.003850877958020815
27357,2020-08-09,Sullivan,0,1489,63,19718,0.0,0.0,0.003850877958020815
27358,2020-08-10,Sullivan,1,1490,167,19885,0.005988023952095809,0.0,0.0040038686798738125
27359,2020-08-11,Sullivan,1,1491,243,20128,0.00411522633744856,0.0,0.003801781672231249
27360,2020-08-12,Sullivan,0,1491,284,20412,0.0,0.0,0.003801781672231249
27361,2020-08-13,Sullivan,0,1491,240,20652,0.0,0.0,0.001250761264067984
27362,2020-08-14,Sullivan,2,1493,195,20847,0.010256410256410256,0.0,0.0019833619966687166
27363,2020-08-15,Sullivan,0,1493,101,20948,0.0,0.0,0.0014542614675681874
27364,2020-08-16,Sullivan,0,1493,75,21023,0.0,0.0,0.0014542614675681874
27365,2020-08-17,Sullivan,0,1493,125,21148,0.0,0.0,0.0010265454709899155
27366,2020-08-18,Sullivan,1,1494,187,21335,0.0053475935828877,0.0,0.0011145717028069968
27367,2020-08-19,Sullivan,1,1495,179,21514,0.00558659217877095,0.0,0.0015136140012906361
27368,2020-08-20,Sullivan,0,1495,169,21683,0.0,0.0,0.0015136140012906361
27369,2020-08-21,Sullivan,0,1495,146,21829,0.0,0.0,0.0007810132686899035
27370,2020-08-22,Sullivan,0,1495,82,21911,0.0,0.0,0.0007810132686899035
27371,2020-08-23,Sullivan,0,1495,89,22000,0.0,0.0,0.0007810132686899035
27372,2020-08-24,Sullivan,4,1499,142,22142,0.028169014084507043,0.0,0.0027930857032975494
27373,2020-08-25,Sullivan,0,1499,164,22306,0.0,0.0,0.002411114733091285
27374,2020-08-26,Sullivan,7,1506,192,22498,0.036458333333333336,0.0,0.004616239101274312
27375,2020-08-27,Sullivan,9,1515,399,22897,0.022556390977443608,1.0,0.006227409885377427
27376,2020-08-28,Sullivan,1,1516,138,23035,0.007246376811594203,1.0,0.006745008229062728
27377,2020-08-29,Sullivan,5,1521,276,23311,0.018115942028985508,1.0,0.00803900408827598
27378,2020-08-30,Sullivan,8,1529,123,23434,0.06504065040650407,2.0,0.012684764831597696
27379,2020-08-31,Sullivan,1,1530,146,23580,0.00684931506849315,2.0,0.011161929187596705
27380,2020-09-01,Sullivan,4,1534,244,23824,0.01639344262295082,2.0,0.012332889374950336
27381,2020-09-02,Sullivan,3,1537,224,24048,0.013392857142857142,2.0,0.010685355361344892
27382,2020-09-03,Sullivan,3,1540,415,24463,0.007228915662650603,1.0,0.009590535696002536
27383,2020-09-04,Sullivan,3,1543,199,24662,0.01507537688442211,1.0,0.010149749986918814
27384,2020-09-05,Sullivan,0,1543,222,24884,0.0,1.0,0.008855754127705564
27385,2020-09-06,Sullivan,1,1544,77,24961,0.012987012987012988,1.0,0.005137637169170486
27386,2020-09-07,Sullivan,0,1544,107,25068,0.0,1.0,0.004648400378563833
27387,2020-09-08,Sullivan,0,1544,137,25205,0.0,0.0,0.003477440191210203
27388,2020-09-09,Sullivan,4,1548,265,25470,0.01509433962264151,0.0,0.0035989746540519433
27389,2020-09-10,Sullivan,0,1548,455,25925,0.0,0.0,0.003082623535291186
27390,2020-09-11,Sullivan,1,1549,160,26085,0.00625,0.0,0.002452239472118179
27391,2020-09-12,Sullivan,4,1553,160,26245,0.025,0.0,0.004237953757832464
27392,2020-09-13,Sullivan,4,1557,81,26326,0.04938271604938271,0.0,0.006837646833716016
27393,2020-09-14,Sullivan,2,1559,254,26580,0.007874015748031496,1.0,0.007400076530003981
27394,2020-09-15,Sullivan,2,1561,122,26702,0.01639344262295082,1.0,0.00857103671735761
27395,2020-09-16,Sullivan,4,1565,277,26979,0.01444043321299639,1.0,0.008524329116668674
27396,2020-09-17,Sullivan,3,1568,214,27193,0.014018691588785047,1.0,0.00952566423015332
27397,2020-09-18,Sullivan,2,1570,199,27392,0.010050251256281407,1.0,0.009797110748459134
27398,2020-09-19,Sullivan,1,1571,111,27503,0.009009009009009009,1.0,0.008654897106245492
27399,2020-09-20,Sullivan,2,1573,98,27601,0.02040816326530612,1.0,0.006585286193097164
27400,2020-09-21,Sullivan,0,1573,218,27819,0.0,1.0,0.0060228564968092
27401,2020-09-22,Sullivan,3,1576,179,27998,0.01675977653631285,1.0,0.006049023204906487
27402,2020-09-23,Sullivan,4,1580,356,28354,0.011235955056179775,1.0,0.005820131907991015
27403,2020-09-24,Sullivan,1,1581,199,28553,0.005025125628140704,0.0,0.005177734339373561
27404,2020-09-25,Sullivan,2,1583,263,28816,0.0076045627376425855,0.0,0.005003042302327932
27405,2020-09-26,Sullivan,8,1591,186,29002,0.043010752688172046,1.0,0.007431738279411006
27406,2020-09-27,Sullivan,3,1594,170,29172,0.01764705882352941,1.0,0.0072345165335698115
27407,2020-09-28,Sullivan,6,1600,295,29467,0.020338983050847456,1.0,0.008687301037201773
27408,2020-09-29,Sullivan,4,1604,306,29773,0.013071895424836602,2.0,0.008423880957810612
27409,2020-09-30,Sullivan,3,1607,219,29992,0.0136986301369863,1.0,0.008599786320725365
27410,2020-10-01,Sullivan,3,1610,216,30208,0.013888888888888888,2.0,0.009232912267921663
27411,2020-10-02,Sullivan,4,1614,314,30522,0.012738853503184714,2.0,0.009599647322603242
27412,2020-10-03,Sullivan,1,1615,171,30693,0.005847953216374269,1.0,0.006945161646046259
27413,2020-10-04,Sullivan,1,1616,145,30838,0.006896551724137931,1.0,0.006177268281804011
27414,2020-10-05,Sullivan,7,1623,238,31076,0.029411764705882353,1.0,0.006825324114306503
27415,2020-10-06,Sullivan,6,1629,332,31408,0.018072289156626505,1.0,0.00718249509514864
27416,2020-10-07,Sullivan,4,1633,322,31730,0.012422360248447204,1.0,0.00709133296025299
27417,2020-10-08,Sullivan,10,1643,411,32141,0.024330900243309004,2.0,0.007837190914140141
27418,2020-10-09,Sullivan,2,1645,344,32485,0.005813953488372093,2.0,0.007342555198796384
27419,2020-10-10,Sullivan,4,1649,235,32720,0.01702127659574468,2.0,0.00814064972589427
27420,2020-10-11,Sullivan,1,1650,123,32843,0.008130081300813009,2.0,0.00822875898137106
27421,2020-10-12,Sullivan,5,1655,326,33169,0.015337423312883436,2.0,0.007223448881871138
27422,2020-10-13,Sullivan,4,1659,301,33470,0.013289036544850499,2.0,0.006881787981029994
27423,2020-10-14,Sullivan,4,1663,253,33723,0.015810276679841896,2.0,0.007123782011843901
27424,2020-10-15,Sullivan,5,1668,418,34141,0.011961722488038277,1.0,0.006240269315038849
27425,2020-10-16,Sullivan,6,1674,365,34506,0.01643835616438356,2.0,0.00699915522046824
27426,2020-10-17,Sullivan,1,1675,117,34623,0.008547008547008548,1.0,0.00639385035984423
27427,2020-10-18,Sullivan,5,1680,110,34733,0.045454545454545456,2.0,0.009059883513682263
27428,2020-10-19,Sullivan,2,1682,307,35040,0.006514657980456026,1.0,0.008429685989937447
27429,2020-10-20,Sullivan,12,1694,244,35284,0.04918032786885246,2.0,0.010993349655937587
27430,2020-10-21,Sullivan,15,1709,322,35606,0.046583850931677016,3.0,0.013191462102497237
27431,2020-10-22,Sullivan,5,1714,261,35867,0.019157088122605363,3.0,0.0137054167906806
27432,2020-10-23,Sullivan,11,1725,318,36185,0.03459119496855346,3.0,0.015002048133835594
27433,2020-10-24,Sullivan,18,1743,320,36505,0.05625,4.0,0.018409404666192127
27434,2020-10-25,Sullivan,7,1750,103,36608,0.06796116504854369,5.0,0.020017020351477715
27435,2020-10-26,Sullivan,15,1765,290,36898,0.05172413793103448,5.0,0.023246268919376173
27436,2020-10-27,Sullivan,14,1779,278,37176,0.050359712230215826,6.0,0.023330510659473558
27437,2020-10-28,Sullivan,7,1786,581,37757,0.012048192771084338,5.0,0.020863677933716938
27438,2020-10-29,Sullivan,14,1800,397,38154,0.03526448362720403,6.0,0.022014206184045416
27439,2020-10-30,Sullivan,14,1814,357,38511,0.0392156862745098,6.0,0.02234452699161373
27440,2020-10-31,Sullivan,4,1818,186,38697,0.021505376344086023,5.0,0.01986276815904844
27441,2020-11-01,Sullivan,7,1825,191,38888,0.03664921465968586,5.0,0.017626200274130026
27442,2020-11-02,Sullivan,12,1837,386,39274,0.031088082901554404,5.0,0.016152196343452878
27443,2020-11-03,Sullivan,15,1852,312,39586,0.04807692307692308,5.0,0.01598913997536054
27444,2020-11-04,Sullivan,10,1862,352,39938,0.028409090909090908,5.0,0.017157775556646722
27445,2020-11-05,Sullivan,20,1882,688,40626,0.029069767441860465,5.0,0.016715295829122182
27446,2020-11-06,Sullivan,9,1891,315,40941,0.02857142857142857,5.0,0.015954991707473522
27447,2020-11-07,Sullivan,3,1894,177,41118,0.01694915254237288,5.0,0.0156295471502083
27448,2020-11-08,Sullivan,6,1900,249,41367,0.024096385542168676,5.0,0.014732916498957069
27449,2020-11-09,Sullivan,20,1920,435,41802,0.04597701149425287,5.0,0.01579641139843553
27450,2020-11-10,Sullivan,12,1932,403,42205,0.02977667493796526,5.0,0.014489250817081401
27451,2020-11-11,Sullivan,8,1940,541,42746,0.014787430683918669,5.0,0.013516275086711957
27452,2020-11-12,Sullivan,16,1956,457,43203,0.0350109409190372,5.0,0.01394064462079601
27453,2020-11-13,Sullivan,13,1969,449,43652,0.028953229398663696,5.0,0.013967916108455661
27454,2020-11-14,Sullivan,10,1979,267,43919,0.03745318352059925,6.0,0.015432489749757543
27455,2020-11-15,Sullivan,2,1981,160,44079,0.0125,5.0,0.014604176496745497
27456,2020-11-16,Sullivan,12,1993,391,44470,0.030690537084398978,5.0,0.013512285467470216
27457,2020-11-17,Sullivan,15,2008,397,44867,0.037783375314861464,5.0,0.014084192637248518
27458,2020-11-18,Sullivan,23,2031,394,45261,0.0583756345177665,6.0,0.01719763576823765
27459,2020-11-19,Sullivan,13,2044,365,45626,0.03561643835616438,6.0,0.017240885585175305
27460,2020-11-20,Sullivan,21,2065,418,46044,0.050239234449760764,6.0,0.018761314517396526
27461,2020-11-21,Sullivan,13,2078,490,46534,0.026530612244897958,7.0,0.01798113085484643
27462,2020-11-22,Sullivan,15,2093,452,46986,0.033185840707964605,8.0,0.01945869090541533
27463,2020-11-23,Sullivan,15,2108,350,47336,0.04285714285714286,8.0,0.020327734174897038
27464,2020-11-24,Sullivan,15,2123,413,47749,0.03631961259079903,8.0,0.02022317969460686
27465,2020-11-25,Sullivan,14,2137,339,48088,0.04129793510324484,7.0,0.019003344022141034
27466,2020-11-26,Sullivan,19,2156,518,48606,0.03667953667953668,8.0,0.01907927961666762
27467,2020-11-27,Sullivan,10,2166,326,48932,0.03067484662576687,7.0,0.0176818233435252
27468,2020-11-28,Sullivan,25,2191,442,49374,0.05656108597285068,8.0,0.01982685718123611
27469,2020-11-29,Sullivan,11,2202,307,49681,0.035830618892508145,7.0,0.020015769908703508
27470,2020-11-30,Sullivan,8,2210,337,50018,0.02373887240356083,7.0,0.018650179162019078
27471,2020-12-01,Sullivan,10,2220,320,50338,0.03125,6.0,0.018288063976962
27472,2020-12-02,Sullivan,18,2238,514,50852,0.03501945525291829,7.0,0.017839601130510106
27473,2020-12-03,Sullivan,23,2261,429,51281,0.053613053613053616,7.0,0.019049138054332747
27474,2020-12-04,Sullivan,27,2288,602,51883,0.044850498338870434,8.0,0.020061684605268717
27475,2020-12-05,Sullivan,14,2302,339,52222,0.04129793510324484,7.0,0.01897145954315401
27476,2020-12-06,Sullivan,13,2315,350,52572,0.037142857142857144,8.0,0.019065190846750367
27477,2020-12-07,Sullivan,11,2326,312,52884,0.035256410256410256,8.0,0.019887872121953896
27478,2020-12-08,Sullivan,21,2347,344,53228,0.061046511627906974,9.0,0.02201619438109011
27479,2020-12-09,Sullivan,29,2376,410,53638,0.07073170731707316,9.0,0.024567069528529745
27480,2020-12-10,Sullivan,31,2407,487,54125,0.06365503080082136,10.0,0.025284353613370298
27481,2020-12-11,Sullivan,28,2435,563,54688,0.0497335701598579,10.0,0.025633144457726544
27482,2020-12-12,Sullivan,20,2455,414,55102,0.04830917874396135,10.0,0.02613394757492058
27483,2020-12-13,Sullivan,14,2469,215,55317,0.06511627906976744,11.0,0.02813204914112846
27484,2020-12-14,Sullivan,14,2483,165,55482,0.08484848484848485,11.0,0.031674340183419504
27485,2020-12-15,Sullivan,27,2510,539,56021,0.05009276437847866,11.0,0.030891929665603196
27486,2020-12-16,Sullivan,41,2551,580,56601,0.0706896551724138,12.0,0.030888925940984666
27487,2020-12-17,Sullivan,50,2601,538,57139,0.09293680297397769,13.0,0.032980481096210115
27488,2020-12-18,Sullivan,38,2639,436,57575,0.0871559633027523,14.0,0.03565350917784543
27489,2020-12-19,Sullivan,58,2697,565,58140,0.10265486725663717,17.0,0.03953534407160799
27490,2020-12-20,Sullivan,17,2714,186,58326,0.0913978494623656,17.0,0.04141259909965071
27491,2020-12-21,Sullivan,27,2741,220,58546,0.12272727272727273,18.0,0.044118226805278424
27492,2020-12-22,Sullivan,56,2797,455,59001,0.12307692307692308,20.0,0.049331380998024456
27493,2020-12-23,Sullivan,52,2849,630,59631,0.08253968253968254,21.0,0.05017781152425794
27494,2020-12-24,Sullivan,34,2883,584,60215,0.05821917808219178,20.0,0.04769798117484466
27495,2020-12-25,Sullivan,28,2911,477,60692,0.05870020964360587,19.0,0.04566542734204849
27496,2020-12-26,Sullivan,21,2932,282,60974,0.07446808510638298,16.0,0.04365208575988747
27497,2020-12-27,Sullivan,48,2980,308,61282,0.15584415584415584,19.0,0.04825539335858677
27498,2020-12-28,Sullivan,34,3014,212,61494,0.16037735849056603,19.0,0.05094468519882201
27499,2020-12-29,Sullivan,59,3073,593,62087,0.09949409780775717,19.0,0.04926019767959588
27500,2020-12-30,Sullivan,33,3106,583,62670,0.05660377358490566,18.0,0.04740763275425467
27501,2020-12-31,Sullivan,63,3169,576,63246,0.109375,20.0,0.05106162003409811
27502,2021-01-01,Sullivan,49,3218,519,63765,0.09441233140655106,21.0,0.05361248587430848
27503,2021-01-02,Sullivan,9,3227,226,63991,0.03982300884955752,21.0,0.05113783757024953
27504,2021-01-03,Sullivan,22,3249,306,64297,0.0718954248366013,19.0,0.045141499641138484
27505,2021-01-04,Sullivan,27,3276,334,64631,0.08083832335329341,18.0,0.03946013998847615
27506,2021-01-05,Sullivan,52,3328,478,65109,0.1087866108786611,18.0,0.040123890922112146
27507,2021-01-06,Sullivan,42,3370,574,65683,0.07317073170731707,18.0,0.041307245073712966
27508,2021-01-07,Sullivan,48,3418,680,66363,0.07058823529411765,17.0,0.03853676188043565
27509,2021-01-08,Sullivan,36,3454,478,66841,0.07531380753138076,16.0,0.03717258160363777
27510,2021-01-09,Sullivan,34,3488,444,67285,0.07657657657657657,18.0,0.039797836441281986
27511,2021-01-10,Sullivan,31,3519,389,67674,0.07969151670951156,19.0,0.04035470014648986
27512,2021-01-11,Sullivan,51,3570,468,68142,0.10897435897435898,21.0,0.042364416976565976
27513,2021-01-12,Sullivan,44,3614,440,68582,0.1,20.0,0.04173680191380447
27514,2021-01-13,Sullivan,40,3654,526,69108,0.07604562737642585,20.0,0.041942151604455094
27515,2021-01-14,Sullivan,59,3713,808,69916,0.07301980198019802,21.0,0.042115834939175124
27516,2021-01-15,Sullivan,38,3751,862,70778,0.04408352668213457,21.0,0.039885100592800406
27517,2021-01-16,Sullivan,14,3765,586,71364,0.023890784982935155,19.0,0.03612182976468315
27518,2021-01-17,Sullivan,33,3798,342,71706,0.09649122807017543,19.0,0.03732180914758771
27519,2021-01-18,Sullivan,43,3841,510,72216,0.08431372549019608,19.0,0.03556033532729037
27520,2021-01-19,Sullivan,46,3887,394,72610,0.116751269035533,19.0,0.036756854544114155
27521,2021-01-20,Sullivan,36,3923,646,73256,0.05572755417956656,19.0,0.03530556360148134
27522,2021-01-21,Sullivan,31,3954,628,73884,0.04936305732484077,17.0,0.033615796126098677
27523,2021-01-22,Sullivan,40,3994,689,74573,0.05805515239477504,17.0,0.03461376939128729
27524,2021-01-23,Sullivan,21,4015,516,75089,0.040697674418604654,17.0,0.035814261493835105
27525,2021-01-24,Sullivan,23,4038,460,75549,0.05,17.0,0.03249345948882258
27526,2021-01-25,Sullivan,30,4068,379,75928,0.079155672823219,16.0,0.03212502715546707
27527,2021-01-26,Sullivan,26,4094,339,76267,0.07669616519174041,14.0,0.02926394830948189
27528,2021-01-27,Sullivan,28,4122,604,76871,0.046357615894039736,14.0,0.028594667003372827
27529,2021-01-28,Sullivan,32,4154,673,77544,0.0475482912332838,14.0,0.028465040853975904
27530,2021-01-29,Sullivan,41,4195,918,78462,0.044662309368191724,14.0,0.027508409209219955
27531,2021-01-30,Sullivan,10,4205,368,78830,0.02717391304347826,13.0,0.026542426253853783
27532,2021-01-31,Sullivan,16,4221,367,79197,0.043596730245231606,13.0,0.026085049842798896
27533,2021-02-01,Sullivan,29,4250,287,79484,0.10104529616724739,13.0,0.027648594367372357
27534,2021-02-02,Sullivan,8,4258,128,79612,0.0625,11.0,0.026634582567962327
27535,2021-02-03,Sullivan,20,4278,296,79908,0.06756756756756757,11.0,0.028149579116071455
27536,2021-02-04,Sullivan,35,4313,711,80619,0.04922644163150492,11.0,0.028269447001658676
27537,2021-02-05,Sullivan,33,4346,544,81163,0.06066176470588235,10.0,0.02941226524006515
27538,2021-02-06,Sullivan,29,4375,492,81655,0.05894308943089431,12.0,0.03168149212488058
27539,2021-02-07,Sullivan,14,4389,490,82145,0.02857142857142857,12.0,0.030608256291037507
27540,2021-02-08,Sullivan,12,4401,279,82424,0.043010752688172046,10.0,0.026462931756817836
27541,2021-02-09,Sullivan,23,4424,370,82794,0.062162162162162166,11.0,0.026438800482686566
27542,2021-02-10,Sullivan,20,4444,639,83433,0.03129890453834116,11.0,0.02384818169488468
27543,2021-02-11,Sullivan,12,4456,607,84040,0.019769357495881382,10.0,0.021744104256625856
27544,2021-02-12,Sullivan,12,4468,448,84488,0.026785714285714284,8.0,0.019324386369470998
27545,2021-02-13,Sullivan,14,4482,545,85033,0.025688073394495414,7.0,0.016949028081156788
27546,2021-02-14,Sullivan,15,4497,281,85314,0.05338078291814947,7.0,0.01872112482020828
27547,2021-02-15,Sullivan,9,4506,224,85538,0.04017857142857143,7.0,0.018518826158808236
27548,2021-02-16,Sullivan,27,4533,298,85836,0.09060402684563758,7.0,0.020550387921913625
27549,2021-02-17,Sullivan,20,4553,527,86363,0.03795066413662239,7.0,0.021025513607505136
27550,2021-02-18,Sullivan,23,4576,423,86786,0.054373522458628844,8.0,0.02349723967627282
27551,2021-02-19,Sullivan,18,4594,548,87334,0.032846715328467155,9.0,0.023930168322183733
27552,2021-02-20,Sullivan,22,4616,433,87767,0.050808314087759814,9.0,0.025724471228845476
27553,2021-02-21,Sullivan,13,4629,259,88026,0.05019305019305019,9.0,0.025496776034195527
27554,2021-02-22,Sullivan,17,4646,217,88243,0.07834101382488479,10.0,0.028222664776789343
27555,2021-02-23,Sullivan,16,4662,371,88614,0.0431266846361186,9.0,0.024831426047537988
27556,2021-02-24,Sullivan,27,4689,640,89254,0.0421875,9.0,0.02513405718063639
27557,2021-02-25,Sullivan,26,4715,508,89762,0.051181102362204724,9.0,0.02490602717374895
27558,2021-02-26,Sullivan,15,4730,471,90233,0.03184713375796178,9.0,0.02483462849014142
27559,2021-02-27,Sullivan,11,4741,520,90753,0.021153846153846155,8.0,0.022716452209147586
27560,2021-02-28,Sullivan,14,4755,360,91113,0.03888888888888889,9.0,0.021909012115993214
27561,2021-03-01,Sullivan,16,4771,272,91385,0.058823529411764705,8.0,0.020514906086484628
27562,2021-03-02,Sullivan,25,4796,356,91741,0.0702247191011236,9.0,0.022450479976842134
27563,2021-03-03,Sullivan,26,4822,608,92349,0.04276315789473684,9.0,0.022491598397894767
27564,2021-03-04,Sullivan,23,4845,473,92822,0.048625792811839326,9.0,0.022309076287154374
27565,2021-03-05,Sullivan,18,4863,612,93434,0.029411764705882353,9.0,0.022135121354862987
27566,2021-03-06,Sullivan,28,4891,620,94054,0.04516129032258064,10.0,0.023849938795486882
27567,2021-03-07,Sullivan,8,4899,331,94385,0.02416918429003021,10.0,0.022798531324139837
27568,2021-03-08,Sullivan,14,4913,317,94702,0.04416403785488959,10.0,0.021751424784363038
27569,2021-03-09,Sullivan,16,4929,365,95067,0.043835616438356165,9.0,0.019866488879879653
27570,2021-03-10,Sullivan,9,4938,524,95591,0.01717557251908397,8.0,0.018038804210190162
27571,2021-03-11,Sullivan,27,4965,660,96251,0.04090909090909091,8.0,0.017487611217136705
27572,2021-03-12,Sullivan,30,4995,520,96771,0.057692307692307696,9.0,0.019507650001881368
27573,2021-03-13,Sullivan,22,5017,430,97201,0.05116279069767442,9.0,0.019936328600102356
27574,2021-03-14,Sullivan,16,5033,235,97436,0.06808510638297872,9.0,0.023073180178170106
27575,2021-03-15,Sullivan,22,5055,347,97783,0.06340057636887608,10.0,0.024447218643454855
27576,2021-03-16,Sullivan,37,5092,423,98206,0.08747044917257683,11.0,0.027563992410184902
27577,2021-03-17,Sullivan,22,5114,694,98900,0.03170028818443804,12.0,0.02860147210056734
27578,2021-03-18,Sullivan,39,5153,560,99460,0.06964285714285715,13.0,0.03065388397440778
27579,2021-03-19,Sullivan,33,5186,568,100028,0.058098591549295774,13.0,0.030682904249906932
27580,2021-03-20,Sullivan,30,5216,543,100571,0.055248618784530384,14.0,0.030974749113253784
27581,2021-03-21,Sullivan,15,5231,303,100874,0.04950495049504951,14.0,0.02964759512125884
27582,2021-03-22,Sullivan,37,5268,409,101283,0.09046454767726161,15.0,0.03158073592900067
27583,2021-03-23,Sullivan,36,5304,417,101700,0.08633093525179857,15.0,0.03149934207751649
27584,2021-03-24,Sullivan,32,5336,538,102238,0.05947955390334572,15.0,0.033483575343152765
27585,2021-03-25,Sullivan,34,5370,683,102921,0.04978038067349927,15.0,0.03206482702391291
27586,2021-03-26,Sullivan,23,5393,616,103537,0.037337662337662336,14.0,0.030581903508796242
27587,2021-03-27,Sullivan,28,5421,560,104097,0.05,14.0,0.030207002167044073
27588,2021-03-28,Sullivan,28,5449,451,104548,0.06208425720620843,15.0,0.031105524074983997
27589,2021-03-29,Sullivan,33,5482,417,104965,0.07913669064748201,15.0,0.030296391429999736
27590,2021-03-30,Sullivan,53,5535,415,105380,0.12771084337349398,16.0,0.033252099152977985
27591,2021-03-31,Sullivan,41,5576,668,106048,0.061377245508982034,17.0,0.033387648553380576
27592,2021-04-01,Sullivan,46,5622,619,106667,0.07431340872374798,18.0,0.03514000769982691
27593,2021-04-02,Sullivan,42,5664,680,107347,0.061764705882352944,19.0,0.03688479652444767
27594,2021-04-03,Sullivan,27,5691,516,107863,0.05232558139534884,19.0,0.0370509094812583
27595,2021-04-04,Sullivan,19,5710,335,108198,0.056716417910447764,18.0,0.03666749238870397
27596,2021-04-05,Sullivan,23,5733,284,108482,0.08098591549295775,17.0,0.03679957987766652
27597,2021-04-06,Sullivan,49,5782,529,109011,0.09262759924385633,17.0,0.03429363386840669
27598,2021-04-07,Sullivan,37,5819,587,109598,0.06303236797274275,17.0,0.03441185690153245
27599,2021-04-08,Sullivan,45,5864,869,110467,0.05178365937859609,17.0,0.03280258909116446
27600,2021-04-09,Sullivan,45,5909,628,111095,0.07165605095541401,17.0,0.03350911373924025
27601,2021-04-10,Sullivan,25,5934,536,111631,0.04664179104477612,17.0,0.03310312871419935
27602,2021-04-11,Sullivan,24,5958,344,111975,0.06976744186046512,17.0,0.034035344710629155
27603,2021-04-12,Sullivan,31,5989,326,112301,0.0950920245398773,18.0,0.035042923928266266
27604,2021-04-13,Sullivan,43,6032,501,112802,0.08582834331337326,17.0,0.03455726279037462
27605,2021-04-14,Sullivan,29,6061,808,113610,0.03589108910891089,17.0,0.03261860001438662
27606,2021-04-15,Sullivan,41,6102,606,114216,0.06765676567656766,17.0,0.0337523933213846
27607,2021-04-16,Sullivan,24,6126,724,114940,0.03314917127071823,15.0,0.031001901915334897
27608,2021-04-17,Sullivan,27,6153,594,115534,0.045454545454545456,15.0,0.030917098658889853
27609,2021-04-18,Sullivan,14,6167,305,115839,0.04590163934426229,14.0,0.02921239847916108
27610,2021-04-19,Sullivan,25,6192,284,116123,0.0880281690140845,14.0,0.028707837370175876
27611,2021-04-20,Sullivan,18,6210,444,116567,0.04054054054054054,12.0,0.02547299431497354
27612,2021-04-21,Sullivan,25,6235,513,117080,0.04873294346978557,12.0,0.026390269626464593
27613,2021-04-22,Sullivan,29,6264,633,117713,0.045813586097946286,11.0,0.024830042513705925
27614,2021-04-23,Sullivan,31,6295,574,118287,0.05400696864111498,12.0,0.026319885183019972
27615,2021-04-24,Sullivan,25,6320,539,118826,0.04638218923933209,11.0,0.026386145453361876
27616,2021-04-25,Sullivan,12,6332,463,119289,0.02591792656587473,11.0,0.024958737397762765
27617,2021-04-26,Sullivan,15,6347,213,119502,0.07042253521126761,11.0,0.023701192126132992
27618,2021-04-27,Sullivan,19,6366,371,119873,0.05121293800539083,11.0,0.024463506230765153
27619,2021-04-28,Sullivan,8,6374,669,120542,0.01195814648729447,9.0,0.021836735017730067
27620,2021-04-29,Sullivan,12,6386,640,121182,0.01875,8.0,0.01990362172501962
27621,2021-04-30,Sullivan,14,6400,570,121752,0.02456140350877193,7.0,0.017800367072709402
27622,2021-05-01,Sullivan,15,6415,496,122248,0.03024193548387097,6.0,0.01664749180446218
27623,2021-05-02,Sullivan,4,6419,224,122472,0.017857142857142856,6.0,0.016071721539552764
27624,2021-05-03,Sullivan,6,6425,187,122659,0.03208556149732621,5.0,0.013333366274271233
27625,2021-05-04,Sullivan,13,6438,348,123007,0.03735632183908046,5.0,0.012343607976677632
27626,2021-05-05,Sullivan,18,6456,517,123524,0.03481624758220503,5.0,0.013976329483456961
27627,2021-05-06,Sullivan,16,6472,543,124067,0.029465930018416207,6.0,0.014741753056200976
27628,2021-05-07,Sullivan,16,6488,584,124651,0.0273972602739726,6.0,0.014944314253715311
27629,2021-05-08,Sullivan,15,6503,407,125058,0.036855036855036855,6.0,0.015416678637370016
27630,2021-05-09,Sullivan,5,6508,276,125334,0.018115942028985508,6.0,0.015435164292501635
27631,2021-05-10,Sullivan,9,6517,250,125584,0.036,6.0,0.01571476704269262
27632,2021-05-11,Sullivan,8,6525,337,125921,0.02373887240356083,6.0,0.014742092083012647
27633,2021-05-12,Sullivan,8,6533,425,126346,0.018823529411764704,5.0,0.013599755070838337
27634,2021-05-13,Sullivan,4,6537,583,126929,0.00686106346483705,4.0,0.011985121745582682
27635,2021-05-14,Sullivan,12,6549,503,127432,0.02385685884691849,4.0,0.011732235929364532
27636,2021-05-15,Sullivan,3,6552,388,127820,0.007731958762886598,3.0,0.009652016065639512
27637,2021-05-16,Sullivan,6,6558,227,128047,0.02643171806167401,3.0,0.010246000067974406
27638,2021-05-17,Sullivan,2,6560,175,128222,0.011428571428571429,3.0,0.00849089802715808
27639,2021-05-18,Sullivan,4,6564,271,128493,0.014760147601476014,2.0,0.007849560541294877
27640,2021-05-19,Sullivan,10,6574,462,128955,0.021645021645021644,2.0,0.00805109570081323
27641,2021-05-20,Sullivan,2,6576,487,129442,0.004106776180698152,2.0,0.007854360894803309
27642,2021-05-21,Sullivan,16,6592,415,129857,0.03855421686746988,3.0,0.008904172181985552
27643,2021-05-22,Sullivan,8,6600,359,130216,0.022284122562674095,3.0,0.009943612453398946
27644,2021-05-23,Sullivan,1,6601,210,130426,0.004761904761904762,3.0,0.00839576864627257
27645,2021-05-24,Sullivan,5,6606,220,130646,0.022727272727272728,3.0,0.00920281873903695
27646,2021-05-25,Sullivan,4,6610,249,130895,0.01606425702811245,3.0,0.009295969412368122
27647,2021-05-26,Sullivan,6,6616,448,131343,0.013392857142857142,3.0,0.008706529090784943
27648,2021-05-27,Sullivan,11,6627,480,131823,0.022916666666666665,3.0,0.010050092696925552
27649,2021-05-28,Sullivan,7,6634,383,132206,0.018276762402088774,3.0,0.008601703092255473
27650,2021-05-29,Sullivan,2,6636,345,132551,0.005797101449275362,2.0,0.007424058727012706
27651,2021-05-30,Sullivan,1,6637,272,132823,0.003676470588235294,2.0,0.007346527714607744
27652,2021-05-31,Sullivan,0,6637,127,132950,0.0,2.0,0.00572315109123112
27653,2021-06-01,Sullivan,1,6638,139,133089,0.007194244604316547,2.0,0.005089578775245698
27654,2021-06-02,Sullivan,3,6641,321,133410,0.009345794392523364,1.0,0.004800502864507572
27655,2021-06-03,Sullivan,7,6648,457,133867,0.015317286652078774,1.0,0.004257690006322723
27656,2021-06-04,Sullivan,6,6654,451,134318,0.013303769401330377,1.0,0.0039024762205542665
27657,2021-06-05,Sullivan,3,6657,235,134553,0.01276595744680851,1.0,0.0044002516489494905
27658,2021-06-06,Sullivan,4,6661,162,134715,0.024691358024691357,1.0,0.005901315037267781
27659,2021-06-07,Sullivan,0,6661,190,134905,0.0,1.0,0.005901315037267781
27660,2021-06-08,Sullivan,5,6666,327,135232,0.01529051987767584,2.0,0.006479620413936301
27661,2021-06-09,Sullivan,2,6668,312,135544,0.00641025641025641,1.0,0.006269939129488662
27662,2021-06-10,Sullivan,2,6670,401,135945,0.004987531172069825,1.0,0.005532099452345166
27663,2021-06-11,Sullivan,0,6670,401,136346,0.0,1.0,0.004581830209392996
27664,2021-06-12,Sullivan,2,6672,299,136645,0.006688963210702341,1.0,0.00414775919252827
27665,2021-06-13,Sullivan,0,6672,128,136773,0.0,0.0,0.002384090762193173
27666,2021-06-14,Sullivan,1,6673,152,136925,0.006578947368421052,0.0,0.0028540155742232476
27667,2021-06-15,Sullivan,1,6674,271,137196,0.0036900369003690036,0.0,0.0020254096472727594
27668,2021-06-16,Sullivan,0,6674,310,137506,0.0,0.0,0.0015675341893973019
27669,2021-06-17,Sullivan,2,6676,401,137907,0.004987531172069825,0.0,0.0015675341893973016
27670,2021-06-18,Sullivan,3,6679,295,138202,0.010169491525423728,0.0,0.0022939264412132824
27671,2021-06-19,Sullivan,2,6681,212,138414,0.009433962264150943,0.0,0.0024899978021738966
27672,2021-06-20,Sullivan,2,6683,128,138542,0.015625,0.0,0.003606069230745325
27673,2021-06-21,Sullivan,1,6684,349,138891,0.0028653295128939827,0.0,0.0033408108124933916
27674,2021-06-22,Sullivan,2,6686,263,139154,0.0076045627376425855,0.0,0.003620419800870076
27675,2021-06-23,Sullivan,0,6686,293,139447,0.0,0.0,0.003620419800870076
27676,2021-06-24,Sullivan,0,6686,346,139793,0.0,0.0,0.00326416757429366
27677,2021-06-25,Sullivan,3,6689,255,140048,0.011764705882352941,0.0,0.003378111456931461
27678,2021-06-26,Sullivan,2,6691,224,140272,0.008928571428571428,0.0,0.003342012111532924
27679,2021-06-27,Sullivan,0,6691,390,140662,0.0,0.0,0.0022259406829614956
27680,2021-06-28,Sullivan,0,6691,515,141177,0.0,0.0,0.002021274289183354
27681,2021-06-29,Sullivan,1,6692,251,141428,0.00398406374501992,0.0,0.001762667218281735
27682,2021-06-30,Sullivan,1,6693,313,141741,0.003194888178913738,0.0,0.0019908735167755735
27683,2021-07-01,Sullivan,0,6693,657,142398,0.0,0.0,0.0019908735167755735
27684,2021-07-02,Sullivan,3,6696,388,142786,0.007731958762886598,0.0,0.001702820151099406
27685,2021-07-03,Sullivan,3,6699,166,142952,0.018072289156626505,0.0,0.002355942845960483
27686,2021-07-04,Sullivan,0,6699,222,143174,0.0,0.0,0.002355942845960483
27687,2021-07-05,Sullivan,0,6699,80,143254,0.0,0.0,0.002355942845960483
27688,2021-07-06,Sullivan,2,6701,153,143407,0.013071895424836602,0.0,0.003005073680233103
27689,2021-07-07,Sullivan,1,6702,264,143671,0.003787878787878788,0.0,0.003047430152302035
27690,2021-07-08,Sullivan,1,6703,313,143984,0.003194888178913738,0.0,0.0032756364507958735
27691,2021-07-09,Sullivan,1,6704,206,144190,0.0048543689320388345,0.0,0.0030700943200210333
27692,2021-07-10,Sullivan,5,6709,141,144331,0.03546099290780142,0.0,0.004312144587962099
27693,2021-07-11,Sullivan,1,6710,147,144478,0.006802721088435374,0.0,0.004798053237136053
27694,2021-07-12,Sullivan,1,6711,140,144618,0.007142857142857143,0.0,0.005308257318768707
27695,2021-07-13,Sullivan,1,6712,194,144812,0.005154639175257732,0.0,0.004742739015227359
27696,2021-07-14,Sullivan,0,6712,156,144968,0.0,0.0,0.0044721762446645885
27697,2021-07-15,Sullivan,1,6713,183,145151,0.00546448087431694,0.0,0.004634290008621961
27698,2021-07-16,Sullivan,2,6715,229,145380,0.008733624454148471,0.0,0.004911379688772649
27699,2021-07-17,Sullivan,2,6717,194,145574,0.010309278350515464,0.0,0.0031148286489665086
27700,2021-07-18,Sullivan,1,6718,269,145843,0.0037174721189591076,0.0,0.002894453722575347
27701,2021-07-19,Sullivan,3,6721,160,146003,0.01875,0.0,0.0037235353552284084
27702,2021-07-20,Sullivan,1,6722,186,146189,0.005376344086021506,0.0,0.003739371420282963
27703,2021-07-21,Sullivan,6,6728,225,146414,0.02666666666666667,1.0,0.0056441333250448695
27704,2021-07-22,Sullivan,0,6728,218,146632,0.0,1.0,0.005253813262593659
27705,2021-07-23,Sullivan,7,6735,236,146868,0.029661016949152543,1.0,0.006748627012236807
27706,2021-07-24,Sullivan,6,6741,210,147078,0.02857142857142857,1.0,0.0080530663137306
27707,2021-07-25,Sullivan,3,6744,113,147191,0.02654867256637168,1.0,0.00968386634568864
27708,2021-07-26,Sullivan,0,6744,138,147329,0.0,1.0,0.008344580631402925
27709,2021-07-27,Sullivan,8,6752,313,147642,0.025559105431309903,2.0,0.00978620644178067
27710,2021-07-28,Sullivan,6,6758,208,147850,0.028846153846153848,2.0,0.009941884097458322
27711,2021-07-29,Sullivan,11,6769,242,148092,0.045454545454545456,2.0,0.013188637344211574
27712,2021-07-30,Sullivan,10,6779,242,148334,0.04132231404958678,3.0,0.014021587137099731
27713,2021-07-31,Sullivan,13,6792,275,148609,0.04727272727272727,3.0,0.015357394187192496
27714,2021-08-01,Sullivan,8,6800,159,148768,0.050314465408805034,4.0,0.01705495081879488
27715,2021-08-02,Sullivan,12,6812,269,149037,0.04460966542750929,4.0,0.020241355492188397
27716,2021-08-03,Sullivan,15,6827,355,149392,0.04225352112676056,5.0,0.021433813756149164
27717,2021-08-04,Sullivan,14,6841,382,149774,0.03664921465968586,5.0,0.021991175242830018
27718,2021-08-05,Sullivan,16,6857,350,150124,0.045714285714285714,6.0,0.02200972811852575
27719,2020-03-01,Tioga,0,0,0,0,,,
27720,2020-03-02,Tioga,0,0,0,0,,,
27721,2020-03-03,Tioga,0,0,0,0,,,
27722,2020-03-04,Tioga,0,0,0,0,,,
27723,2020-03-05,Tioga,0,0,0,0,,,
27724,2020-03-06,Tioga,0,0,0,0,,,
27725,2020-03-07,Tioga,0,0,0,0,,0.0,
27726,2020-03-08,Tioga,0,0,0,0,,0.0,
27727,2020-03-09,Tioga,0,0,0,0,,0.0,
27728,2020-03-10,Tioga,0,0,0,0,,0.0,
27729,2020-03-11,Tioga,0,0,1,1,0.0,0.0,
27730,2020-03-12,Tioga,0,0,0,1,,0.0,
27731,2020-03-13,Tioga,1,1,1,2,1.0,0.0,
27732,2020-03-14,Tioga,0,1,0,2,,0.0,
27733,2020-03-15,Tioga,0,1,1,3,0.0,0.0,
27734,2020-03-16,Tioga,0,1,3,6,0.0,0.0,
27735,2020-03-17,Tioga,0,1,5,11,0.0,0.0,
27736,2020-03-18,Tioga,0,1,0,11,,0.0,
27737,2020-03-19,Tioga,0,1,0,11,,0.0,
27738,2020-03-20,Tioga,0,1,5,16,0.0,0.0,
27739,2020-03-21,Tioga,0,1,4,20,0.0,0.0,
27740,2020-03-22,Tioga,0,1,4,24,0.0,0.0,
27741,2020-03-23,Tioga,0,1,3,27,0.0,0.0,
27742,2020-03-24,Tioga,0,1,1,28,0.0,0.0,
27743,2020-03-25,Tioga,1,2,12,40,0.08333333333333333,0.0,
27744,2020-03-26,Tioga,0,2,10,50,0.0,0.0,0.005952380952380952
27745,2020-03-27,Tioga,2,4,18,68,0.1111111111111111,0.0,0.013888888888888886
27746,2020-03-28,Tioga,0,4,21,89,0.0,0.0,0.013888888888888886
27747,2020-03-29,Tioga,0,4,15,104,0.0,0.0,0.013888888888888886
27748,2020-03-30,Tioga,3,7,21,125,0.14285714285714285,0.0,0.024092970521541947
27749,2020-03-31,Tioga,0,7,15,140,0.0,0.0,0.024092970521541947
27750,2020-04-01,Tioga,0,7,14,154,0.0,0.0,0.018140589569160998
27751,2020-04-02,Tioga,0,7,18,172,0.0,0.0,0.018140589569160998
27752,2020-04-03,Tioga,0,7,9,181,0.0,0.0,0.01020408163265306
27753,2020-04-04,Tioga,0,7,8,189,0.0,0.0,0.01020408163265306
27754,2020-04-05,Tioga,1,8,10,199,0.1,0.0,0.017346938775510204
27755,2020-04-06,Tioga,0,8,10,209,0.0,0.0,0.0071428571428571435
27756,2020-04-07,Tioga,4,12,29,238,0.13793103448275862,0.0,0.016995073891625617
27757,2020-04-08,Tioga,5,17,32,270,0.15625,0.0,0.028155788177339904
27758,2020-04-09,Tioga,1,18,16,286,0.0625,0.0,0.03262007389162562
27759,2020-04-10,Tioga,1,19,10,296,0.1,0.0,0.03976293103448276
27760,2020-04-11,Tioga,0,19,8,304,0.0,0.0,0.03976293103448276
27761,2020-04-12,Tioga,1,20,3,307,0.3333333333333333,0.0,0.05642959770114943
27762,2020-04-13,Tioga,4,24,52,359,0.07692307692307693,1.0,0.061924103195654924
27763,2020-04-14,Tioga,1,25,14,373,0.07142857142857142,0.0,0.05717392726321297
27764,2020-04-15,Tioga,2,27,16,389,0.125,0.0,0.05494178440607012
27765,2020-04-16,Tioga,3,30,13,402,0.23076923076923078,0.0,0.06696101517530088
27766,2020-04-17,Tioga,2,32,16,418,0.125,0.0,0.06874672946101516
27767,2020-04-18,Tioga,3,35,10,428,0.3,1.0,0.0901753008895866
27768,2020-04-19,Tioga,2,37,6,434,0.3333333333333333,1.0,0.0901753008895866
27769,2020-04-20,Tioga,0,37,5,439,0.0,0.0,0.08468079539508111
27770,2020-04-21,Tioga,2,39,10,449,0.2,1.0,0.09386446886446886
27771,2020-04-22,Tioga,1,40,13,462,0.07692307692307693,0.0,0.09043040293040294
27772,2020-04-23,Tioga,0,40,10,472,0.0,0.0,0.07394688644688645
27773,2020-04-24,Tioga,31,71,173,645,0.1791907514450867,2.0,0.07781765440724978
27774,2020-04-25,Tioga,0,71,8,653,0.0,2.0,0.056389082978678354
27775,2020-04-26,Tioga,0,71,8,661,0.0,2.0,0.032579559169154546
27776,2020-04-27,Tioga,11,82,86,747,0.12790697674418605,3.0,0.04171577179373926
27777,2020-04-28,Tioga,2,84,68,815,0.029411764705882353,3.0,0.02953089784415943
27778,2020-04-29,Tioga,4,88,69,884,0.057971014492753624,3.0,0.028177179099136338
27779,2020-04-30,Tioga,2,90,19,903,0.10526315789473684,3.0,0.035695976091617544
27780,2020-05-01,Tioga,0,90,20,923,0.0,1.0,0.022896636702682778
27781,2020-05-02,Tioga,0,90,25,948,0.0,1.0,0.022896636702682778
27782,2020-05-03,Tioga,0,90,50,998,0.0,1.0,0.022896636702682778
27783,2020-05-04,Tioga,2,92,67,1065,0.029850746268656716,0.0,0.015892620240144966
27784,2020-05-05,Tioga,4,96,76,1141,0.05263157894736842,0.0,0.017551178400251114
27785,2020-05-06,Tioga,1,97,40,1181,0.025,0.0,0.015196105936482998
27786,2020-05-07,Tioga,2,99,40,1221,0.05,0.0,0.011248737515430368
27787,2020-05-08,Tioga,5,104,83,1304,0.060240963855421686,1.0,0.015551663505103345
27788,2020-05-09,Tioga,1,105,31,1335,0.03225806451612903,1.0,0.01785581097054113
27789,2020-05-10,Tioga,2,107,40,1375,0.05,1.0,0.021427239541969702
27790,2020-05-11,Tioga,0,107,35,1410,0.0,1.0,0.019295043379922796
27791,2020-05-12,Tioga,1,108,92,1502,0.010869565217391304,0.0,0.016312042399210146
27792,2020-05-13,Tioga,0,108,59,1561,0.0,0.0,0.01452632811349586
27793,2020-05-14,Tioga,2,110,42,1603,0.047619047619047616,0.0,0.014356260086284975
27794,2020-05-15,Tioga,2,112,57,1660,0.03508771929824561,0.0,0.012559599760772396
27795,2020-05-16,Tioga,1,113,59,1719,0.01694915254237288,0.0,0.011466106048361244
27796,2020-05-17,Tioga,0,113,82,1801,0.0,0.0,0.007894677476932673
27797,2020-05-18,Tioga,0,113,113,1914,0.0,0.0,0.007894677476932673
27798,2020-05-19,Tioga,1,114,106,2020,0.009433962264150943,0.0,0.007792134408844076
27799,2020-05-20,Tioga,3,117,89,2109,0.033707865168539325,0.0,0.01019983906373974
27800,2020-05-21,Tioga,1,118,105,2214,0.009523809523809525,0.0,0.007478750628365592
27801,2020-05-22,Tioga,3,121,96,2310,0.03125,0.0,0.007204627821348048
27802,2020-05-23,Tioga,1,122,79,2389,0.012658227848101266,0.0,0.006898133200328648
27803,2020-05-24,Tioga,0,122,54,2443,0.0,0.0,0.006898133200328648
27804,2020-05-25,Tioga,0,122,45,2488,0.0,0.0,0.006898133200328648
27805,2020-05-26,Tioga,2,124,195,2683,0.010256410256410256,0.0,0.006956879485490027
27806,2020-05-27,Tioga,2,126,132,2815,0.015151515151515152,0.0,0.005631425912845441
27807,2020-05-28,Tioga,0,126,110,2925,0.0,0.0,0.004951153804001905
27808,2020-05-29,Tioga,2,128,141,3066,0.014184397163120567,0.0,0.0037321821727962314
27809,2020-05-30,Tioga,2,130,107,3173,0.018691588785046728,0.0,0.004163136525435192
27810,2020-05-31,Tioga,0,130,44,3217,0.0,0.0,0.004163136525435192
27811,2020-06-01,Tioga,1,131,143,3360,0.006993006993006993,0.0,0.004662637024935692
27812,2020-06-02,Tioga,2,133,123,3483,0.016260162601626018,0.0,0.005091476478165389
27813,2020-06-03,Tioga,0,133,101,3584,0.0,0.0,0.004009225395914307
27814,2020-06-04,Tioga,1,134,140,3724,0.007142857142857143,0.0,0.00451942947754696
27815,2020-06-05,Tioga,0,134,302,4026,0.0,0.0,0.003506258251609777
27816,2020-06-06,Tioga,0,134,146,4172,0.0,0.0,0.0021711447669635823
27817,2020-06-07,Tioga,0,134,79,4251,0.0,0.0,0.0021711447669635823
27818,2020-06-08,Tioga,0,134,166,4417,0.0,0.0,0.0016716442674630828
27819,2020-06-09,Tioga,1,135,247,4664,0.004048582995951417,0.0,0.0007993885813434685
27820,2020-06-10,Tioga,0,135,159,4823,0.0,0.0,0.0007993885813434685
27821,2020-06-11,Tioga,2,137,106,4929,0.018867924528301886,0.0,0.0016368933945895216
27822,2020-06-12,Tioga,0,137,162,5091,0.0,0.0,0.0016368933945895216
27823,2020-06-13,Tioga,2,139,71,5162,0.028169014084507043,0.0,0.003648965829197167
27824,2020-06-14,Tioga,0,139,71,5233,0.0,0.0,0.003648965829197167
27825,2020-06-15,Tioga,1,140,174,5407,0.005747126436781609,0.0,0.004059474860395853
27826,2020-06-16,Tioga,0,140,70,5477,0.0,0.0,0.0037702903606850378
27827,2020-06-17,Tioga,0,140,175,5652,0.0,0.0,0.0037702903606850378
27828,2020-06-18,Tioga,0,140,123,5775,0.0,0.0,0.002422581465806332
27829,2020-06-19,Tioga,0,140,77,5852,0.0,0.0,0.002422581465806332
27830,2020-06-20,Tioga,0,140,60,5912,0.0,0.0,0.00041050903119868636
27831,2020-06-21,Tioga,0,140,70,5982,0.0,0.0,0.00041050903119868636
27832,2020-06-22,Tioga,1,141,186,6168,0.005376344086021506,0.0,0.0003840245775729647
27833,2020-06-23,Tioga,0,141,128,6296,0.0,0.0,0.0003840245775729647
27834,2020-06-24,Tioga,0,141,151,6447,0.0,0.0,0.0003840245775729647
27835,2020-06-25,Tioga,0,141,68,6515,0.0,0.0,0.0003840245775729647
27836,2020-06-26,Tioga,1,142,131,6646,0.007633587786259542,0.0,0.0009292808480200748
27837,2020-06-27,Tioga,0,142,77,6723,0.0,0.0,0.0009292808480200748
27838,2020-06-28,Tioga,0,142,51,6774,0.0,0.0,0.0009292808480200748
27839,2020-06-29,Tioga,1,143,175,6949,0.005714285714285714,0.0,0.0009534195357532325
27840,2020-06-30,Tioga,0,143,107,7056,0.0,0.0,0.0009534195357532325
27841,2020-07-01,Tioga,0,143,130,7186,0.0,0.0,0.0009534195357532325
27842,2020-07-02,Tioga,0,143,108,7294,0.0,0.0,0.0009534195357532325
27843,2020-07-03,Tioga,2,145,101,7395,0.019801980198019802,0.0,0.0018225904223075368
27844,2020-07-04,Tioga,1,146,101,7496,0.009900990099009901,0.0,0.0025298040008082437
27845,2020-07-05,Tioga,2,148,126,7622,0.015873015873015872,0.0,0.0036635908488808063
27846,2020-07-06,Tioga,2,150,105,7727,0.01904761904761905,0.0,0.004615971801261759
27847,2020-07-07,Tioga,0,150,61,7788,0.0,0.0,0.004615971801261759
27848,2020-07-08,Tioga,1,151,110,7898,0.00909090909090909,0.0,0.005265322450612409
27849,2020-07-09,Tioga,8,159,160,8058,0.05,1.0,0.00883675102204098
27850,2020-07-10,Tioga,1,160,126,8184,0.007936507936507936,1.0,0.007989217289075846
27851,2020-07-11,Tioga,1,161,151,8335,0.006622516556291391,1.0,0.007755040607453095
27852,2020-07-12,Tioga,0,161,83,8418,0.0,0.0,0.006621253759380533
27853,2020-07-13,Tioga,0,161,121,8539,0.0,0.0,0.005260709541693458
27854,2020-07-14,Tioga,2,163,208,8747,0.009615384615384616,0.0,0.005947522728506646
27855,2020-07-15,Tioga,0,163,165,8912,0.0,0.0,0.005298172079155996
27856,2020-07-16,Tioga,5,168,101,9013,0.04950495049504951,0.0,0.00526281140023096
27857,2020-07-17,Tioga,1,169,141,9154,0.0070921985815602835,0.0,0.005202503589163271
27858,2020-07-18,Tioga,1,170,104,9258,0.009615384615384616,0.0,0.005416279879098503
27859,2020-07-19,Tioga,3,173,131,9389,0.022900763358778626,0.0,0.007052048690439831
27860,2020-07-20,Tioga,1,174,110,9499,0.00909090909090909,0.0,0.007701399339790481
27861,2020-07-21,Tioga,1,175,128,9627,0.0078125,0.0,0.007572621867263009
27862,2020-07-22,Tioga,0,175,129,9756,0.0,0.0,0.007572621867263009
27863,2020-07-23,Tioga,1,176,187,9943,0.0053475935828877,0.0,0.004418524944965737
27864,2020-07-24,Tioga,2,178,131,10074,0.015267175572519083,0.0,0.005002451872891366
27865,2020-07-25,Tioga,1,179,89,10163,0.011235955056179775,0.0,0.005118206904376733
27866,2020-07-26,Tioga,1,180,145,10308,0.006896551724137931,0.0,0.003975048930473827
27867,2020-07-27,Tioga,0,180,85,10393,0.0,0.0,0.003325698281123178
27868,2020-07-28,Tioga,3,183,129,10522,0.023255813953488372,0.0,0.004428792134943776
27869,2020-07-29,Tioga,1,184,118,10640,0.00847457627118644,0.0,0.005034119011457093
27870,2020-07-30,Tioga,3,187,150,10790,0.02,0.0,0.006080719469822257
27871,2020-07-31,Tioga,1,188,133,10923,0.007518796992481203,0.0,0.005527263856962408
27872,2020-08-01,Tioga,1,189,70,10993,0.014285714285714285,0.0,0.005745103801929158
27873,2020-08-02,Tioga,1,190,75,11068,0.013333333333333334,0.0,0.0062048739168716885
27874,2020-08-03,Tioga,1,191,171,11239,0.005847953216374269,0.0,0.006622584860898422
27875,2020-08-04,Tioga,2,193,230,11469,0.008695652173913044,0.0,0.00558257330521447
27876,2020-08-05,Tioga,0,193,100,11569,0.0,0.0,0.004977246428701153
27877,2020-08-06,Tioga,0,193,135,11704,0.0,0.0,0.0035486750001297238
27878,2020-08-07,Tioga,0,193,153,11857,0.0,0.0,0.003011618072095352
27879,2020-08-08,Tioga,0,193,120,11977,0.0,0.0,0.0019912099088300462
27880,2020-08-09,Tioga,0,193,103,12080,0.0,0.0,0.0010388289564490936
27881,2020-08-10,Tioga,1,194,197,12277,0.005076142131979695,0.0,0.0009836995932780528
27882,2020-08-11,Tioga,0,194,124,12401,0.0,0.0,0.0003625815808556925
27883,2020-08-12,Tioga,0,194,160,12561,0.0,0.0,0.0003625815808556925
27884,2020-08-13,Tioga,1,195,204,12765,0.004901960784313725,0.0,0.0007127216368781015
27885,2020-08-14,Tioga,0,195,134,12899,0.0,0.0,0.0007127216368781015
27886,2020-08-15,Tioga,0,195,95,12994,0.0,0.0,0.0007127216368781015
27887,2020-08-16,Tioga,1,196,102,13096,0.00980392156862745,0.0,0.0014130017489229192
27888,2020-08-17,Tioga,2,198,130,13226,0.015384615384615385,0.0,0.002149321266968326
27889,2020-08-18,Tioga,1,199,98,13324,0.01020408163265306,0.0,0.002878184240729259
27890,2020-08-19,Tioga,4,203,165,13489,0.024242424242424242,0.0,0.004609785972330991
27891,2020-08-20,Tioga,0,203,220,13709,0.0,0.0,0.004259645916308581
27892,2020-08-21,Tioga,1,204,205,13914,0.004878048780487805,0.0,0.00460807797205771
27893,2020-08-22,Tioga,2,206,103,14017,0.019417475728155338,0.0,0.005995040524068805
27894,2020-08-23,Tioga,0,206,99,14116,0.0,0.0,0.005294760412023988
27895,2020-08-24,Tioga,0,206,93,14209,0.0,0.0,0.004195859313122889
27896,2020-08-25,Tioga,0,206,110,14319,0.0,0.0,0.003466996339361956
27897,2020-08-26,Tioga,0,206,137,14456,0.0,0.0,0.0017353946077602247
27898,2020-08-27,Tioga,1,207,199,14655,0.005025125628140704,0.0,0.0020943321526274176
27899,2020-08-28,Tioga,1,208,174,14829,0.005747126436781609,0.0,0.002156409128076975
27900,2020-08-29,Tioga,0,208,117,14946,0.0,0.0,0.0007694465760658796
27901,2020-08-30,Tioga,1,209,103,15049,0.009708737864077669,0.0,0.0014629278520714272
27902,2020-08-31,Tioga,0,209,68,15117,0.0,0.0,0.0014629278520714272
27903,2020-09-01,Tioga,0,209,74,15191,0.0,0.0,0.0014629278520714272
27904,2020-09-02,Tioga,1,210,96,15287,0.010416666666666666,0.0,0.0022069754711190465
27905,2020-09-03,Tioga,1,211,118,15405,0.00847457627118644,0.0,0.0024533648027651703
27906,2020-09-04,Tioga,0,211,232,15637,0.0,0.0,0.002042855771566484
27907,2020-09-05,Tioga,1,212,186,15823,0.005376344086021506,0.0,0.002426880349139449
27908,2020-09-06,Tioga,2,214,79,15902,0.02531645569620253,0.0,0.003541717337148367
27909,2020-09-07,Tioga,2,216,133,16035,0.015037593984962405,0.0,0.004615831193217111
27910,2020-09-08,Tioga,1,217,81,16116,0.012345679012345678,0.0,0.005497665408384659
27911,2020-09-09,Tioga,1,218,118,16234,0.00847457627118644,0.0,0.0053589446658503575
27912,2020-09-10,Tioga,0,218,198,16432,0.0,0.0,0.00475361778933704
27913,2020-09-11,Tioga,1,219,267,16699,0.003745318352059925,0.0,0.005021140528769891
27914,2020-09-12,Tioga,0,219,115,16814,0.0,0.0,0.004637115951196927
27915,2020-09-13,Tioga,2,221,118,16932,0.01694915254237288,0.0,0.004039451440209095
27916,2020-09-14,Tioga,0,221,198,17130,0.0,0.0,0.0029653375841403517
27917,2020-09-15,Tioga,0,221,190,17320,0.0,0.0,0.0020835033689728033
27918,2020-09-16,Tioga,0,221,249,17569,0.0,0.0,0.001478176492459486
27919,2020-09-17,Tioga,1,222,249,17818,0.004016064257028112,0.0,0.0017650382251043512
27920,2020-09-18,Tioga,0,222,287,18105,0.0,0.0,0.0014975154856714994
27921,2020-09-19,Tioga,2,224,144,18249,0.013888888888888888,0.0,0.0024895789777349916
27922,2020-09-20,Tioga,0,224,65,18314,0.0,0.0,0.0012789252247083574
27923,2020-09-21,Tioga,1,225,181,18495,0.0055248618784530384,0.0,0.0016735582160264315
27924,2020-09-22,Tioga,0,225,223,18718,0.0,0.0,0.0016735582160264315
27925,2020-09-23,Tioga,4,229,218,18936,0.01834862385321101,0.0,0.0029841742055415036
27926,2020-09-24,Tioga,0,229,346,19282,0.0,0.0,0.0026973124728966384
27927,2020-09-25,Tioga,5,234,271,19553,0.01845018450184502,0.0,0.004015182794456997
27928,2020-09-26,Tioga,1,235,142,19695,0.007042253521126761,0.0,0.0035261374110454164
27929,2020-09-27,Tioga,2,237,101,19796,0.019801980198019802,0.0,0.0049405645680468315
27930,2020-09-28,Tioga,5,242,172,19968,0.029069767441860465,1.0,0.006622343536861647
27931,2020-09-29,Tioga,7,249,283,20251,0.024734982332155476,1.0,0.008389127989158467
27932,2020-09-30,Tioga,7,256,309,20560,0.022653721682847898,1.0,0.008696634976989673
27933,2020-10-01,Tioga,5,261,359,20919,0.013927576601671309,2.0,0.009691461877109052
27934,2020-10-02,Tioga,3,264,342,21261,0.008771929824561403,2.0,0.009000157971588794
27935,2020-10-03,Tioga,10,274,462,21723,0.021645021645021644,2.0,0.010043212837581287
27936,2020-10-04,Tioga,4,278,211,21934,0.018957345971563982,2.0,0.009982881821405871
27937,2020-10-05,Tioga,6,284,105,22039,0.05714285714285714,3.0,0.011988102514334204
27938,2020-10-06,Tioga,7,291,446,22485,0.01569506726457399,3.0,0.011342394295221242
27939,2020-10-07,Tioga,13,304,441,22926,0.02947845804988662,3.0,0.011829875464295436
27940,2020-10-08,Tioga,15,319,439,23365,0.03416856492027335,4.0,0.013275660344195582
27941,2020-10-09,Tioga,14,333,422,23787,0.03317535545023697,4.0,0.015018762174600978
27942,2020-10-10,Tioga,12,345,364,24151,0.03296703296703297,5.0,0.015827477269030357
27943,2020-10-11,Tioga,7,352,204,24355,0.03431372549019608,5.0,0.016924361520361222
27944,2020-10-12,Tioga,6,358,285,24640,0.021052631578947368,5.0,0.014346488265796237
27945,2020-10-13,Tioga,13,371,300,24940,0.043333333333333335,5.0,0.016320650127850476
27946,2020-10-14,Tioga,19,390,442,25382,0.042986425339366516,6.0,0.0172855049342419
27947,2020-10-15,Tioga,23,413,579,25961,0.039723661485319514,6.0,0.01768229754603091
27948,2020-10-16,Tioga,11,424,295,26256,0.03728813559322034,6.0,0.017976067556244008
27949,2020-10-17,Tioga,11,435,370,26626,0.02972972972972973,6.0,0.01774483161072235
27950,2020-10-18,Tioga,13,448,220,26846,0.05909090909090909,6.0,0.019514630439344708
27951,2020-10-19,Tioga,11,459,201,27047,0.05472636815920398,7.0,0.021919897337934462
27952,2020-10-20,Tioga,19,478,297,27344,0.06397306397306397,7.0,0.02339416381220094
27953,2020-10-21,Tioga,24,502,566,27910,0.04240282685512368,8.0,0.023352478206183597
27954,2020-10-22,Tioga,10,512,363,28273,0.027548209366391185,7.0,0.022482803054831572
27955,2020-10-23,Tioga,37,549,664,28937,0.05572289156626506,8.0,0.023799571338620477
27956,2020-10-24,Tioga,23,572,507,29444,0.045364891518737675,9.0,0.0249163686092639
27957,2020-10-25,Tioga,17,589,205,29649,0.08292682926829269,10.0,0.026618934336219875
27958,2020-10-26,Tioga,21,610,374,30023,0.05614973262032086,10.0,0.026720603226299655
27959,2020-10-27,Tioga,19,629,348,30371,0.05459770114942529,10.0,0.026050934453182604
27960,2020-10-28,Tioga,24,653,349,30720,0.06876790830945559,10.0,0.02793415455706345
27961,2020-10-29,Tioga,19,672,446,31166,0.042600896860986545,11.0,0.02900934652096312
27962,2020-10-30,Tioga,17,689,528,31694,0.032196969696969696,10.0,0.02732892353029917
27963,2020-10-31,Tioga,10,699,330,32024,0.030303030303030304,9.0,0.026253076300605784
27964,2020-11-01,Tioga,18,717,221,32245,0.08144796380090498,9.0,0.026147443052935235
27965,2020-11-02,Tioga,15,732,264,32509,0.056818181818181816,8.0,0.026195189424211014
27966,2020-11-03,Tioga,18,750,275,32784,0.06545454545454546,8.0,0.026970678303148175
27967,2020-11-04,Tioga,25,775,419,33203,0.059665871121718374,8.0,0.02632053278973837
27968,2020-11-05,Tioga,17,792,346,33549,0.049132947976878616,8.0,0.026787107869444944
27969,2020-11-06,Tioga,31,823,521,34070,0.05950095969289827,9.0,0.028737392869154128
27970,2020-11-07,Tioga,13,836,379,34449,0.03430079155672823,9.0,0.029022947244418267
27971,2020-11-08,Tioga,10,846,153,34602,0.06535947712418301,9.0,0.027873769624652413
27972,2020-11-09,Tioga,18,864,245,34847,0.07346938775510205,9.0,0.029063141477289573
27973,2020-11-10,Tioga,22,886,300,35147,0.07333333333333333,9.0,0.029625912040060133
27974,2020-11-11,Tioga,27,913,341,35488,0.07917888563049853,9.0,0.031019698790687285
27975,2020-11-12,Tioga,17,930,457,35945,0.037199124726477024,9.0,0.03016728284423003
27976,2020-11-13,Tioga,10,940,337,36282,0.02967359050445104,8.0,0.028036756473626658
27977,2020-11-14,Tioga,11,951,253,36535,0.043478260869565216,8.0,0.02869228999597215
27978,2020-11-15,Tioga,6,957,272,36807,0.022058823529411766,7.0,0.02559938616777421
27979,2020-11-16,Tioga,16,973,204,37011,0.0784313725490196,7.0,0.02595381365305404
27980,2020-11-17,Tioga,11,984,249,37260,0.04417670682730924,7.0,0.023871197474052315
27981,2020-11-18,Tioga,12,996,352,37612,0.03409090909090909,5.0,0.020650627721224498
27982,2020-11-19,Tioga,2,998,230,37842,0.008695652173913044,4.0,0.01861466539604136
27983,2020-11-20,Tioga,15,1013,567,38409,0.026455026455026454,5.0,0.0183847679639396
27984,2020-11-21,Tioga,11,1024,249,38658,0.04417670682730924,5.0,0.018434656960921315
27985,2020-11-22,Tioga,19,1043,467,39125,0.04068522483940043,6.0,0.01976511419734908
27986,2020-11-23,Tioga,12,1055,618,39743,0.019417475728155338,5.0,0.01554983585300163
27987,2020-11-24,Tioga,11,1066,291,40034,0.037800687285223365,5.0,0.015094405885709783
27988,2020-11-25,Tioga,14,1080,432,40466,0.032407407407407406,6.0,0.014974155765459662
27989,2020-11-26,Tioga,15,1095,409,40875,0.03667481662591687,6.0,0.016972667512031366
27990,2020-11-27,Tioga,9,1104,266,41141,0.03383458646616541,6.0,0.017499778941398432
27991,2020-11-28,Tioga,28,1132,491,41632,0.05702647657841141,7.0,0.01841761963790573
27992,2020-11-29,Tioga,17,1149,252,41884,0.06746031746031746,7.0,0.020330126253685517
27993,2020-11-30,Tioga,4,1153,213,42097,0.018779342723004695,7.0,0.020284545324746186
27994,2020-12-01,Tioga,18,1171,405,42502,0.044444444444444446,7.0,0.020759099407547693
27995,2020-12-02,Tioga,22,1193,528,43030,0.041666666666666664,8.0,0.021420475068923354
27996,2020-12-03,Tioga,15,1208,437,43467,0.034324942791762014,8.0,0.021252626937912293
27997,2020-12-04,Tioga,20,1228,692,44159,0.028901734104046242,8.0,0.020900280340618065
27998,2020-12-05,Tioga,23,1251,478,44637,0.04811715481171548,8.0,0.0202639002144255
27999,2020-12-06,Tioga,9,1260,199,44836,0.04522613065326633,7.0,0.01867574401392185
28000,2020-12-07,Tioga,20,1280,195,45031,0.10256410256410256,9.0,0.02466036971685741
28001,2020-12-08,Tioga,15,1295,304,45335,0.049342105263157895,8.0,0.0250102026324798
28002,2020-12-09,Tioga,17,1312,414,45749,0.04106280193236715,8.0,0.024967069437172692
28003,2020-12-10,Tioga,17,1329,685,46434,0.024817518248175182,8.0,0.024287967684059348
28004,2020-12-11,Tioga,16,1345,348,46782,0.04597701149425287,8.0,0.02550763035478839
28005,2020-12-12,Tioga,22,1367,437,47219,0.05034324942791762,8.0,0.025666637113088548
28006,2020-12-13,Tioga,12,1379,333,47552,0.036036036036036036,8.0,0.025010201783286383
28007,2020-12-14,Tioga,10,1389,187,47739,0.053475935828877004,7.0,0.021503904159341697
28008,2020-12-15,Tioga,18,1407,282,48021,0.06382978723404255,8.0,0.02253873858583346
28009,2020-12-16,Tioga,14,1421,468,48489,0.029914529914529916,7.0,0.02174243344170223
28010,2020-12-17,Tioga,18,1439,376,48865,0.047872340425531915,7.0,0.023389206454370565
28011,2020-12-18,Tioga,12,1451,241,49106,0.04979253112033195,7.0,0.023661743570519072
28012,2020-12-19,Tioga,20,1471,323,49429,0.06191950464396285,7.0,0.024488618943093732
28013,2020-12-20,Tioga,9,1480,163,49592,0.05521472392638037,7.0,0.025858525220975464
28014,2020-12-21,Tioga,6,1486,241,49833,0.024896265560165973,6.0,0.02381712020178182
28015,2020-12-22,Tioga,32,1518,313,50146,0.10223642172523961,7.0,0.026560451236867323
28016,2020-12-23,Tioga,25,1543,460,50606,0.05434782608695652,8.0,0.02830568667775494
28017,2020-12-24,Tioga,32,1575,439,51045,0.07289293849658314,9.0,0.030092872254258603
28018,2020-12-25,Tioga,21,1596,279,51324,0.07526881720430108,10.0,0.03191260697454211
28019,2020-12-26,Tioga,5,1601,219,51543,0.0228310502283105,9.0,0.02912057451628123
28020,2020-12-27,Tioga,15,1616,161,51704,0.09316770186335403,9.0,0.031831501511779346
28021,2020-12-28,Tioga,14,1630,197,51901,0.07106598984771574,10.0,0.035129338960890044
28022,2020-12-29,Tioga,25,1655,208,52109,0.1201923076923077,9.0,0.03641190224425205
28023,2020-12-30,Tioga,24,1679,373,52482,0.064343163538874,9.0,0.037125854919389016
28024,2020-12-31,Tioga,32,1711,348,52830,0.09195402298850575,9.0,0.03848736095452634
28025,2021-01-01,Tioga,29,1740,321,53151,0.09034267912772585,10.0,0.03956406537762812
28026,2021-01-02,Tioga,31,1771,199,53350,0.15577889447236182,12.0,0.04906033996648891
28027,2021-01-03,Tioga,21,1792,179,53529,0.11731843575418995,12.0,0.050785392387262915
28028,2021-01-04,Tioga,20,1812,216,53745,0.09259259259259259,13.0,0.05232300686903984
28029,2021-01-05,Tioga,44,1856,518,54263,0.08494208494208494,14.0,0.04980513381545249
28030,2021-01-06,Tioga,45,1901,515,54778,0.08737864077669903,15.0,0.05145052504672571
28031,2021-01-07,Tioga,39,1940,453,55231,0.08609271523178808,16.0,0.05103186020696016
28032,2021-01-08,Tioga,31,1971,381,55612,0.08136482939632546,16.0,0.050390585226145854
28033,2021-01-09,Tioga,28,1999,543,56155,0.05156537753222836,16.0,0.04294676258756489
28034,2021-01-10,Tioga,22,2021,191,56346,0.11518324607329843,16.0,0.042794249038929776
28035,2021-01-11,Tioga,23,2044,318,56664,0.07232704402515723,16.0,0.04134670985554154
28036,2021-01-12,Tioga,38,2082,373,57037,0.10187667560321716,16.0,0.04255632347419384
28037,2021-01-13,Tioga,20,2102,532,57569,0.03759398496240601,14.0,0.039000276630315765
28038,2021-01-14,Tioga,22,2124,550,58119,0.04,13.0,0.03570793982804519
28039,2021-01-15,Tioga,21,2145,472,58591,0.04449152542372881,12.0,0.03307413240143114
28040,2021-01-16,Tioga,22,2167,424,59015,0.05188679245283019,12.0,0.03309709061004556
28041,2021-01-17,Tioga,24,2191,198,59213,0.12121212121212122,12.0,0.0335277245485329
28042,2021-01-18,Tioga,15,2206,225,59438,0.06666666666666667,11.0,0.03312341188006929
28043,2021-01-19,Tioga,22,2228,488,59926,0.045081967213114756,10.0,0.029066646995061975
28044,2021-01-20,Tioga,40,2268,692,60618,0.057803468208092484,11.0,0.030510181512611007
28045,2021-01-21,Tioga,26,2294,553,61171,0.04701627486437613,12.0,0.031011344002923585
28046,2021-01-22,Tioga,19,2313,526,61697,0.03612167300380228,12.0,0.030413497401500265
28047,2021-01-23,Tioga,33,2346,568,62265,0.058098591549295774,12.0,0.030857197336962093
28048,2021-01-24,Tioga,18,2364,253,62518,0.07114624505928854,12.0,0.02728106332604547
28049,2021-01-25,Tioga,16,2380,164,62682,0.0975609756097561,12.0,0.029487799679123294
28050,2021-01-26,Tioga,24,2404,536,63218,0.04477611940298507,12.0,0.029465953406971168
28051,2021-01-27,Tioga,27,2431,624,63842,0.04326923076923077,11.0,0.028427793589909617
28052,2021-01-28,Tioga,10,2441,473,64315,0.021141649048625793,10.0,0.026579606031641733
28053,2021-01-29,Tioga,15,2456,459,64774,0.032679738562091505,10.0,0.026333753571519538
28054,2021-01-30,Tioga,17,2473,497,65271,0.03420523138832998,9.0,0.024627084988593412
28055,2021-01-31,Tioga,7,2480,215,65486,0.03255813953488372,8.0,0.02187079173685021
28056,2021-02-01,Tioga,8,2488,100,65586,0.08,7.0,0.020616436336153347
28057,2021-02-02,Tioga,21,2509,426,66012,0.04929577464788732,7.0,0.020939268853646362
28058,2021-02-03,Tioga,16,2525,429,66441,0.037296037296037296,6.0,0.02051261217698969
28059,2021-02-04,Tioga,20,2545,333,66774,0.06006006006006006,7.0,0.02329249867780642
28060,2021-02-05,Tioga,21,2566,488,67262,0.0430327868852459,7.0,0.024032002129460307
28061,2021-02-06,Tioga,18,2584,489,67751,0.03680981595092025,7.0,0.02421804388393104
28062,2021-02-07,Tioga,15,2599,221,67972,0.06787330316742081,8.0,0.026740555571969405
28063,2021-02-08,Tioga,8,2607,156,68128,0.05128205128205128,8.0,0.02468927352068735
28064,2021-02-09,Tioga,15,2622,436,68564,0.034403669724770644,8.0,0.023625551740464733
28065,2021-02-10,Tioga,9,2631,657,69221,0.0136986301369863,7.0,0.021940022657675372
28066,2021-02-11,Tioga,9,2640,295,69516,0.030508474576271188,6.0,0.01982919512311903
28067,2021-02-12,Tioga,16,2656,540,70056,0.02962962962962963,6.0,0.018871826747717865
28068,2021-02-13,Tioga,17,2673,328,70384,0.051829268292682924,6.0,0.019944644772129483
28069,2021-02-14,Tioga,8,2681,147,70531,0.05442176870748299,5.0,0.018983820882133923
28070,2021-02-15,Tioga,6,2687,178,70709,0.033707865168539325,5.0,0.01772852187402593
28071,2021-02-16,Tioga,8,2695,339,71048,0.02359882005899705,5.0,0.016956746897899243
28072,2021-02-17,Tioga,10,2705,541,71589,0.018484288354898338,5.0,0.0172985796277501
28073,2021-02-18,Tioga,20,2725,384,71973,0.052083333333333336,6.0,0.018839640967540257
28074,2021-02-19,Tioga,15,2740,466,72439,0.032188841201716736,6.0,0.019022441794117908
28075,2021-02-20,Tioga,12,2752,405,72844,0.02962962962962963,5.0,0.01743675331818553
28076,2021-02-21,Tioga,8,2760,151,72995,0.052980132450331126,5.0,0.01733377929981754
28077,2021-02-22,Tioga,6,2766,164,73159,0.036585365853658534,5.0,0.01753931506304034
28078,2021-02-23,Tioga,5,2771,360,73519,0.013888888888888888,5.0,0.016845748550889758
28079,2021-02-24,Tioga,8,2779,538,74057,0.01486988847583643,5.0,0.016587577130956762
28080,2021-02-25,Tioga,9,2788,333,74390,0.02702702702702703,4.0,0.014797840966220598
28081,2021-02-26,Tioga,11,2799,424,74814,0.025943396226415096,4.0,0.014351737753699051
28082,2021-02-27,Tioga,5,2804,462,75276,0.010822510822510822,3.0,0.013008372124619139
28083,2021-02-28,Tioga,2,2806,120,75396,0.016666666666666666,3.0,0.010414553140071678
28084,2021-03-01,Tioga,7,2813,126,75522,0.05555555555555555,3.0,0.011769566690207177
28085,2021-03-02,Tioga,6,2819,417,75939,0.014388489208633094,3.0,0.01180525242733176
28086,2021-03-03,Tioga,7,2826,464,76403,0.015086206896551725,3.0,0.011820703743097141
28087,2021-03-04,Tioga,10,2836,386,76789,0.025906735751295335,3.0,0.011740682937687734
28088,2021-03-05,Tioga,18,2854,481,77270,0.037422037422037424,3.0,0.012560585880232187
28089,2021-03-06,Tioga,10,2864,361,77631,0.027700831024930747,4.0,0.01376618018040504
28090,2021-03-07,Tioga,5,2869,135,77766,0.037037037037037035,4.0,0.015221206635431491
28091,2021-03-08,Tioga,4,2873,168,77934,0.023809523809523808,4.0,0.012953632939286367
28092,2021-03-09,Tioga,9,2882,452,78386,0.01991150442477876,4.0,0.013348134026153919
28093,2021-03-10,Tioga,10,2892,513,78899,0.01949317738791423,4.0,0.013662917632679811
28094,2021-03-11,Tioga,15,2907,364,79263,0.04120879120879121,5.0,0.014755921593929513
28095,2021-03-12,Tioga,18,2925,502,79765,0.035856573705179286,5.0,0.014644102757011076
28096,2021-03-13,Tioga,11,2936,414,80179,0.026570048309178744,5.0,0.01456333256302879
28097,2021-03-14,Tioga,9,2945,127,80306,0.07086614173228346,5.0,0.01697969718411782
28098,2021-03-15,Tioga,2,2947,161,80467,0.012422360248447204,5.0,0.016166328358326633
28099,2021-03-16,Tioga,18,2965,545,81012,0.03302752293577982,5.0,0.017103186823398137
28100,2021-03-17,Tioga,17,2982,424,81436,0.04009433962264151,6.0,0.018574698411592944
28101,2021-03-18,Tioga,14,2996,388,81824,0.03608247422680412,6.0,0.018208532912879584
28102,2021-03-19,Tioga,11,3007,559,82383,0.01967799642218247,5.0,0.017052920249808378
28103,2021-03-20,Tioga,15,3022,492,82875,0.03048780487804878,6.0,0.01733276000472767
28104,2021-03-21,Tioga,5,3027,147,83022,0.034013605442176874,5.0,0.014700435984005769
28105,2021-03-22,Tioga,4,3031,132,83154,0.030303030303030304,6.0,0.015977626702190276
28106,2021-03-23,Tioga,9,3040,510,83664,0.01764705882352941,5.0,0.014879022122743817
28107,2021-03-24,Tioga,15,3055,560,84224,0.026785714285714284,5.0,0.013928406027249016
28108,2021-03-25,Tioga,11,3066,379,84603,0.029023746701846966,5.0,0.013424211204037792
28109,2021-03-26,Tioga,11,3077,719,85322,0.015299026425591099,5.0,0.013111427632852694
28110,2021-03-27,Tioga,20,3097,510,85832,0.0392156862745098,5.0,0.013734847732599911
28111,2021-03-28,Tioga,15,3112,227,86059,0.06607929515418502,6.0,0.01602525414060049
28112,2021-03-29,Tioga,10,3122,163,86222,0.06134969325153374,6.0,0.018242872922636454
28113,2021-03-30,Tioga,6,3128,470,86692,0.01276595744680851,6.0,0.017894222824299248
28114,2021-03-31,Tioga,17,3145,537,87229,0.03165735567970205,6.0,0.018242197209584084
28115,2021-04-01,Tioga,11,3156,404,87633,0.027227722772277228,6.0,0.018113909786043388
28116,2021-04-02,Tioga,15,3171,644,88277,0.023291925465838508,6.0,0.018684831146061065
28117,2021-04-03,Tioga,19,3190,372,88649,0.051075268817204304,6.0,0.019531944184824953
28118,2021-04-04,Tioga,16,3206,186,88835,0.08602150537634409,6.0,0.02095638777212203
28119,2021-04-05,Tioga,7,3213,148,88983,0.0472972972972973,6.0,0.019952645203962286
28120,2021-04-06,Tioga,19,3232,449,89432,0.042316258351893093,7.0,0.022063380982896903
28121,2021-04-07,Tioga,7,3239,443,89875,0.01580135440180587,6.0,0.020930809463047175
28122,2021-04-08,Tioga,31,3270,511,90386,0.060665362035225046,8.0,0.023319212267543445
28123,2021-04-09,Tioga,15,3285,508,90894,0.02952755905511811,8.0,0.023764614666777702
28124,2021-04-10,Tioga,12,3297,476,91370,0.025210084033613446,7.0,0.021917101467949784
28125,2021-04-11,Tioga,7,3304,123,91493,0.056910569105691054,7.0,0.019837748877188848
28126,2021-04-12,Tioga,12,3316,160,91653,0.075,7.0,0.02181651335595333
28127,2021-04-13,Tioga,17,3333,837,92490,0.02031063321385902,7.0,0.020244682988950897
28128,2021-04-14,Tioga,24,3357,529,93019,0.045368620037807186,8.0,0.02235663053437956
28129,2021-04-15,Tioga,13,3370,465,93484,0.02795698924731183,7.0,0.02002031819238576
28130,2021-04-16,Tioga,25,3395,609,94093,0.041050903119868636,7.0,0.020843414197010798
28131,2021-04-17,Tioga,17,3412,525,94618,0.03238095238095238,8.0,0.021355619078963578
28132,2021-04-18,Tioga,11,3423,187,94805,0.058823529411764705,8.0,0.021492259100825983
28133,2021-04-19,Tioga,11,3434,120,94925,0.09166666666666666,8.0,0.02268273529130217
28134,2021-04-20,Tioga,16,3450,653,95578,0.02450229709035222,8.0,0.022982139853908828
28135,2021-04-21,Tioga,12,3462,565,96143,0.021238938053097345,7.0,0.021258591140715266
28136,2021-04-22,Tioga,18,3480,445,96588,0.04044943820224719,7.0,0.022150908923210654
28137,2021-04-23,Tioga,19,3499,629,97217,0.030206677265500796,7.0,0.02137632136218438
28138,2021-04-24,Tioga,17,3516,409,97626,0.04156479217603912,7.0,0.02203230991897629
28139,2021-04-25,Tioga,10,3526,182,97808,0.054945054945054944,7.0,0.02175527602849702
28140,2021-04-26,Tioga,1,3527,163,97971,0.006134969325153374,6.0,0.015645869075531785
28141,2021-04-27,Tioga,10,3537,675,98646,0.014814814814814815,6.0,0.01495390605585054
28142,2021-04-28,Tioga,17,3554,553,99199,0.03074141048824593,6.0,0.015632654086932585
28143,2021-04-29,Tioga,13,3567,408,99607,0.031862745098039214,6.0,0.015019318865203442
28144,2021-04-30,Tioga,11,3578,690,100297,0.015942028985507246,5.0,0.014000415416632472
28145,2021-05-01,Tioga,11,3589,361,100658,0.030470914127423823,5.0,0.013207995556017095
28146,2021-05-02,Tioga,5,3594,179,100837,0.027932960893854747,4.0,0.011278560266645653
28147,2021-05-03,Tioga,7,3601,114,100951,0.06140350877192982,5.0,0.015226313084272542
28148,2021-05-04,Tioga,8,3609,474,101425,0.016877637130801686,5.0,0.015373657535414463
28149,2021-05-05,Tioga,5,3614,645,102070,0.007751937984496124,4.0,0.013731552356575192
28150,2021-05-06,Tioga,4,3618,267,102337,0.0149812734082397,3.0,0.012525732950160939
28151,2021-05-07,Tioga,12,3630,684,103021,0.017543859649122806,3.0,0.012640149426133479
28152,2021-05-08,Tioga,11,3641,422,103443,0.026066350710900472,3.0,0.012325537753524669
28153,2021-05-09,Tioga,4,3645,124,103567,0.03225806451612903,3.0,0.01263447372654426
28154,2021-05-10,Tioga,6,3651,178,103745,0.033707865168539325,3.0,0.010656213469159223
28155,2021-05-11,Tioga,8,3659,592,104337,0.013513513513513514,3.0,0.010415918925067214
28156,2021-05-12,Tioga,12,3671,367,104704,0.0326975476839237,4.0,0.012197748189312041
28157,2021-05-13,Tioga,8,3679,407,105111,0.019656019656019656,4.0,0.012531658635582036
28158,2021-05-14,Tioga,16,3695,631,105742,0.025356576862123614,4.0,0.013089709865082094
28159,2021-05-15,Tioga,7,3702,389,106131,0.017994858611825194,4.0,0.012513174715148146
28160,2021-05-16,Tioga,11,3713,173,106304,0.06358381502890173,4.0,0.01475072832320334
28161,2021-05-17,Tioga,7,3720,126,106430,0.05555555555555555,4.0,0.01631127763656164
28162,2021-05-18,Tioga,6,3726,625,107055,0.0096,4.0,0.01603174095702496
28163,2021-05-19,Tioga,9,3735,356,107411,0.025280898876404494,4.0,0.015501980327916446
28164,2021-05-20,Tioga,12,3747,314,107725,0.03821656050955414,4.0,0.01682773324602605
28165,2021-05-21,Tioga,10,3757,439,108164,0.022779043280182234,4.0,0.01664362370445881
28166,2021-05-22,Tioga,0,3757,252,108416,0.0,3.0,0.01535827666075701
28167,2021-05-23,Tioga,3,3760,99,108515,0.030303030303030304,3.0,0.012981077751766195
28168,2021-05-24,Tioga,2,3762,140,108655,0.014285714285714285,3.0,0.010033231946777533
28169,2021-05-25,Tioga,4,3766,388,109043,0.010309278350515464,2.0,0.010083894686100065
28170,2021-05-26,Tioga,8,3774,296,109339,0.02702702702702703,2.0,0.010208618125430247
28171,2021-05-27,Tioga,5,3779,289,109628,0.01730103806228374,2.0,0.008714652236339503
28172,2021-05-28,Tioga,9,3788,397,110025,0.022670025188916875,2.0,0.008706865229820551
28173,2021-05-29,Tioga,5,3793,222,110247,0.02252252252252252,2.0,0.01031561683857216
28174,2021-05-30,Tioga,1,3794,90,110337,0.011111111111111112,2.0,0.008944765467720788
28175,2021-05-31,Tioga,1,3795,82,110419,0.012195121951219513,2.0,0.008795437443828304
28176,2021-06-01,Tioga,1,3796,133,110552,0.007518796992481203,2.0,0.008596117346825857
28177,2021-06-02,Tioga,3,3799,417,110969,0.007194244604316547,1.0,0.007179490030917965
28178,2021-06-03,Tioga,2,3801,262,111231,0.007633587786259542,1.0,0.0064889578683448084
28179,2021-06-04,Tioga,10,3811,381,111612,0.026246719160104987,1.0,0.006744436009143958
28180,2021-06-05,Tioga,2,3813,223,111835,0.008968609865470852,1.0,0.005776299390783125
28181,2021-06-06,Tioga,2,3815,68,111903,0.029411764705882353,1.0,0.007083488933266785
28182,2021-06-07,Tioga,2,3817,124,112027,0.016129032258064516,1.0,0.007364482526612856
28183,2021-06-08,Tioga,3,3820,416,112443,0.007211538461538462,1.0,0.007342535488688374
28184,2021-06-09,Tioga,1,3821,218,112661,0.0045871559633027525,1.0,0.007156314871473105
28185,2021-06-10,Tioga,6,3827,238,112899,0.025210084033613446,1.0,0.00841177888914124
28186,2021-06-11,Tioga,0,3827,381,113280,0.0,1.0,0.006537013234848027
28187,2021-06-12,Tioga,2,3829,177,113457,0.011299435028248588,1.0,0.006703500746475008
28188,2021-06-13,Tioga,0,3829,61,113518,0.0,1.0,0.004602660410340555
28189,2021-06-14,Tioga,1,3830,115,113633,0.008695652173913044,0.0,0.004071704690044021
28190,2021-06-15,Tioga,0,3830,268,113901,0.0,0.0,0.0035565947999341304
28191,2021-06-16,Tioga,0,3830,257,114158,0.0,0.0,0.0032289408025553625
28192,2021-06-17,Tioga,1,3831,186,114344,0.005376344086021506,0.0,0.0018122450920130813
28193,2021-06-18,Tioga,3,3834,254,114598,0.011811023622047244,0.0,0.002655889636445027
28194,2021-06-19,Tioga,0,3834,114,114712,0.0,0.0,0.001848787134427271
28195,2021-06-20,Tioga,2,3836,56,114768,0.03571428571428571,0.0,0.004399807542590536
28196,2021-06-21,Tioga,1,3837,125,114893,0.008,0.0,0.0043501181015967475
28197,2021-06-22,Tioga,1,3838,188,115081,0.005319148936170213,0.0,0.004730057311323191
28198,2021-06-23,Tioga,1,3839,216,115297,0.004629629629629629,0.0,0.005060745142011021
28199,2021-06-24,Tioga,0,3839,144,115441,0.0,0.0,0.004676720564438057
28200,2021-06-25,Tioga,1,3840,186,115627,0.005376344086021506,0.0,0.004217100597579076
28201,2021-06-26,Tioga,0,3840,150,115777,0.0,0.0,0.004217100597579076
28202,2021-06-27,Tioga,1,3841,66,115843,0.015151515151515152,0.0,0.002748331271666893
28203,2021-06-28,Tioga,1,3842,98,115941,0.01020408163265306,0.0,0.0029057656739992542
28204,2021-06-29,Tioga,0,3842,202,116143,0.0,0.0,0.0025258264642728104
28205,2021-06-30,Tioga,0,3842,165,116308,0.0,0.0,0.0021951386335849797
28206,2021-07-01,Tioga,0,3842,108,116416,0.0,0.0,0.0021951386335849797
28207,2021-07-02,Tioga,0,3842,139,116555,0.0,0.0,0.001811114056012015
28208,2021-07-03,Tioga,1,3843,111,116666,0.009009009009009009,0.0,0.002454614699512659
28209,2021-07-04,Tioga,0,3843,63,116729,0.0,0.0,0.0013723636172615764
28210,2021-07-05,Tioga,0,3843,49,116778,0.0,0.0,0.0006435006435006435
28211,2021-07-06,Tioga,0,3843,80,116858,0.0,0.0,0.0006435006435006435
28212,2021-07-07,Tioga,1,3844,229,117087,0.004366812227074236,0.0,0.0009554158025773746
28213,2021-07-08,Tioga,0,3844,134,117221,0.0,0.0,0.0009554158025773746
28214,2021-07-09,Tioga,1,3845,125,117346,0.008,0.0,0.001526844374005946
28215,2021-07-10,Tioga,0,3845,74,117420,0.0,0.0,0.0008833437305053026
28216,2021-07-11,Tioga,0,3845,50,117470,0.0,0.0,0.0008833437305053026
28217,2021-07-12,Tioga,3,3848,69,117539,0.043478260869565216,0.0,0.003988933792617104
28218,2021-07-13,Tioga,3,3851,188,117727,0.015957446808510637,0.0,0.0051287514217964346
28219,2021-07-14,Tioga,0,3851,143,117870,0.0,0.0,0.004816836262719704
28220,2021-07-15,Tioga,1,3852,105,117975,0.009523809523809525,0.0,0.005497108371563241
28221,2021-07-16,Tioga,0,3852,87,118062,0.0,0.0,0.00492567980013467
28222,2021-07-17,Tioga,0,3852,103,118165,0.0,0.0,0.00492567980013467
28223,2021-07-18,Tioga,0,3852,43,118208,0.0,0.0,0.00492567980013467
28224,2021-07-19,Tioga,2,3854,71,118279,0.028169014084507043,0.0,0.003832162172630514
28225,2021-07-20,Tioga,3,3857,116,118395,0.02586206896551724,0.0,0.0045396351838452725
28226,2021-07-21,Tioga,0,3857,138,118533,0.0,0.0,0.0045396351838452725
28227,2021-07-22,Tioga,1,3858,106,118639,0.009433962264150943,0.0,0.004533217522441088
28228,2021-07-23,Tioga,0,3858,98,118737,0.0,0.0,0.004533217522441088
28229,2021-07-24,Tioga,1,3859,88,118825,0.011363636363636364,0.0,0.0053449058341294
28230,2021-07-25,Tioga,2,3861,51,118876,0.0392156862745098,0.0,0.008146026282308672
28231,2021-07-26,Tioga,1,3862,50,118926,0.02,0.0,0.007562525276272454
28232,2021-07-27,Tioga,4,3866,147,119073,0.027210884353741496,0.0,0.007658869232574186
28233,2021-07-28,Tioga,3,3869,185,119258,0.016216216216216217,0.0,0.008817170390875345
28234,2021-07-29,Tioga,2,3871,116,119374,0.017241379310344827,0.0,0.00937484303703205
28235,2021-07-30,Tioga,5,3876,117,119491,0.042735042735042736,1.0,0.012427346089535104
28236,2021-07-31,Tioga,0,3876,92,119583,0.0,1.0,0.011615657777846792
28237,2021-08-01,Tioga,2,3878,49,119632,0.04081632653061224,1.0,0.011729989224711251
28238,2021-08-02,Tioga,5,3883,79,119711,0.06329113924050633,1.0,0.01482221345617599
28239,2021-08-03,Tioga,0,3883,191,119902,0.0,1.0,0.01287857885948017
28240,2021-08-04,Tioga,11,3894,183,120085,0.060109289617486336,1.0,0.016013798388142323
28241,2021-08-05,Tioga,10,3904,186,120271,0.053763440860215055,2.0,0.018622517070275905
28242,2020-03-01,Tompkins,0,0,0,0,,,
28243,2020-03-02,Tompkins,0,0,0,0,,,
28244,2020-03-03,Tompkins,0,0,0,0,,,
28245,2020-03-04,Tompkins,0,0,0,0,,,
28246,2020-03-05,Tompkins,0,0,0,0,,,
28247,2020-03-06,Tompkins,0,0,0,0,,,
28248,2020-03-07,Tompkins,0,0,0,0,,0.0,
28249,2020-03-08,Tompkins,0,0,0,0,,0.0,
28250,2020-03-09,Tompkins,0,0,1,1,0.0,0.0,
28251,2020-03-10,Tompkins,0,0,0,1,,0.0,
28252,2020-03-11,Tompkins,0,0,2,3,0.0,0.0,
28253,2020-03-12,Tompkins,0,0,2,5,0.0,0.0,
28254,2020-03-13,Tompkins,1,1,5,10,0.2,0.0,
28255,2020-03-14,Tompkins,0,1,1,11,0.0,0.0,
28256,2020-03-15,Tompkins,0,1,4,15,0.0,0.0,
28257,2020-03-16,Tompkins,1,2,17,32,0.058823529411764705,0.0,
28258,2020-03-17,Tompkins,1,3,11,43,0.09090909090909091,0.0,0.024980901451489686
28259,2020-03-18,Tompkins,3,6,18,61,0.16666666666666666,0.0,0.03688566335625159
28260,2020-03-19,Tompkins,1,7,7,68,0.14285714285714285,0.0,0.04708974498890466
28261,2020-03-20,Tompkins,4,11,96,164,0.041666666666666664,0.0,0.035780221179380844
28262,2020-03-21,Tompkins,2,13,76,240,0.02631578947368421,0.0,0.037659920427501145
28263,2020-03-22,Tompkins,2,15,115,355,0.017391304347826087,1.0,0.03890215645234586
28264,2020-03-23,Tompkins,1,16,111,466,0.009009009009009009,1.0,0.0353439764235776
28265,2020-03-24,Tompkins,0,16,2,468,0.0,0.0,0.028850469930071104
28266,2020-03-25,Tompkins,6,22,89,557,0.06741573033707865,1.0,0.02176111733510053
28267,2020-03-26,Tompkins,4,26,109,666,0.03669724770642202,1.0,0.014178267681477617
28268,2020-03-27,Tompkins,19,45,182,848,0.1043956043956044,2.0,0.018658906090687457
28269,2020-03-28,Tompkins,7,52,128,976,0.0546875,2.0,0.020685456842567156
28270,2020-03-29,Tompkins,14,66,157,1133,0.08917197452229299,3.0,0.02581264756931479
28271,2020-03-30,Tompkins,0,66,18,1151,0.0,3.0,0.025169146925814147
28272,2020-03-31,Tompkins,2,68,15,1166,0.13333333333333333,3.0,0.034692956449623676
28273,2020-04-01,Tompkins,6,74,126,1292,0.047619047619047616,3.0,0.03327890768405003
28274,2020-04-02,Tompkins,10,84,160,1452,0.0625,4.0,0.0351219614193056
28275,2020-04-03,Tompkins,1,85,81,1533,0.012345679012345678,2.0,0.028546966749072828
28276,2020-04-04,Tompkins,3,88,52,1585,0.057692307692307696,2.0,0.028761595869951948
28277,2020-04-05,Tompkins,6,94,94,1679,0.06382978723404255,2.0,0.02695143963507692
28278,2020-04-06,Tompkins,3,97,23,1702,0.13043478260869565,2.0,0.03626820982141232
28279,2020-04-07,Tompkins,2,99,85,1787,0.023529411764705882,2.0,0.028425072566510362
28280,2020-04-08,Tompkins,6,105,299,2086,0.020066889632107024,2.0,0.02645706128172889
28281,2020-04-09,Tompkins,0,105,24,2110,0.0,1.0,0.021992775567443175
28282,2020-04-10,Tompkins,3,108,135,2245,0.022222222222222223,1.0,0.02269824293957722
28283,2020-04-11,Tompkins,1,109,77,2322,0.012987012987012988,1.0,0.019505007603484736
28284,2020-04-12,Tompkins,1,110,31,2353,0.03225806451612903,1.0,0.0172498845522052
28285,2020-04-13,Tompkins,2,112,104,2457,0.019230769230769232,1.0,0.00930674073949617
28286,2020-04-14,Tompkins,3,115,44,2501,0.06818181818181818,1.0,0.012496198340718476
28287,2020-04-15,Tompkins,1,116,73,2574,0.0136986301369863,0.0,0.012041322662495569
28288,2020-04-16,Tompkins,1,117,36,2610,0.027777777777777776,0.0,0.014025449646622553
28289,2020-04-17,Tompkins,0,117,44,2654,0.0,0.0,0.012438148059320964
28290,2020-04-18,Tompkins,0,117,41,2695,0.0,0.0,0.011510504274534322
28291,2020-04-19,Tompkins,2,119,47,2742,0.0425531914893617,0.0,0.012245870486908086
28292,2020-04-20,Tompkins,0,119,4,2746,0.0,0.0,0.01087224411328171
28293,2020-04-21,Tompkins,0,119,12,2758,0.0,0.0,0.006002114243151841
28294,2020-04-22,Tompkins,0,119,95,2853,0.0,0.0,0.005023640661938534
28295,2020-04-23,Tompkins,2,121,108,2961,0.018518518518518517,0.0,0.004362265000562872
28296,2020-04-24,Tompkins,5,126,308,3269,0.016233766233766232,0.0,0.005521819731546175
28297,2020-04-25,Tompkins,0,126,44,3313,0.0,0.0,0.005521819731546175
28298,2020-04-26,Tompkins,0,126,47,3360,0.0,0.0,0.002482306053734625
28299,2020-04-27,Tompkins,0,126,13,3373,0.0,0.0,0.002482306053734625
28300,2020-04-28,Tompkins,1,127,119,3492,0.008403361344537815,0.0,0.00308254614977304
28301,2020-04-29,Tompkins,1,128,19,3511,0.05263157894736842,0.0,0.006841944646013642
28302,2020-04-30,Tompkins,0,128,61,3572,0.0,0.0,0.005519193323262319
28303,2020-05-01,Tompkins,0,128,118,3690,0.0,0.0,0.0043596385922790165
28304,2020-05-02,Tompkins,1,129,27,3717,0.037037037037037035,0.0,0.007005141237781662
28305,2020-05-03,Tompkins,0,129,126,3843,0.0,0.0,0.007005141237781662
28306,2020-05-04,Tompkins,0,129,52,3895,0.0,0.0,0.007005141237781662
28307,2020-05-05,Tompkins,0,129,104,3999,0.0,0.0,0.006404901141743247
28308,2020-05-06,Tompkins,1,130,188,4187,0.005319148936170213,0.0,0.003025441855229089
28309,2020-05-07,Tompkins,1,131,187,4374,0.0053475935828877,0.0,0.0034074128254353536
28310,2020-05-08,Tompkins,1,132,619,4993,0.0016155088852988692,0.0,0.0035228063172424154
28311,2020-05-09,Tompkins,0,132,95,5088,0.0,0.0,0.0008773036717397701
28312,2020-05-10,Tompkins,0,132,86,5174,0.0,0.0,0.0008773036717397701
28313,2020-05-11,Tompkins,0,132,91,5265,0.0,0.0,0.0008773036717397701
28314,2020-05-12,Tompkins,4,136,175,5440,0.022857142857142857,0.0,0.00250995673296426
28315,2020-05-13,Tompkins,0,136,103,5543,0.0,0.0,0.0021300175232378165
28316,2020-05-14,Tompkins,0,136,112,5655,0.0,0.0,0.001748046553031552
28317,2020-05-15,Tompkins,2,138,331,5986,0.006042296072507553,0.0,0.002064245637832172
28318,2020-05-16,Tompkins,1,139,421,6407,0.0023752969121140144,0.0,0.002233909702983173
28319,2020-05-17,Tompkins,2,141,412,6819,0.0048543689320388345,0.0,0.0025806503409859472
28320,2020-05-18,Tompkins,1,142,446,7265,0.002242152466367713,0.0,0.0027408040885836408
28321,2020-05-19,Tompkins,3,145,219,7484,0.0136986301369863,0.0,0.002086624608572458
28322,2020-05-20,Tompkins,0,145,199,7683,0.0,0.0,0.002086624608572458
28323,2020-05-21,Tompkins,2,147,291,7974,0.006872852233676976,0.0,0.0025775426252636706
28324,2020-05-22,Tompkins,2,149,410,8384,0.004878048780487805,0.0,0.002494382104405117
28325,2020-05-23,Tompkins,2,151,246,8630,0.008130081300813009,0.0,0.002905438132169331
28326,2020-05-24,Tompkins,3,154,267,8897,0.011235955056179775,0.0,0.003361265712465113
28327,2020-05-25,Tompkins,0,154,48,8945,0.0,0.0,0.003201111964867419
28328,2020-05-26,Tompkins,1,155,264,9209,0.003787878787878788,0.0,0.0024932011542168823
28329,2020-05-27,Tompkins,1,156,110,9319,0.00909090909090909,0.0,0.0031425518035675315
28330,2020-05-28,Tompkins,1,157,425,9744,0.002352941176470588,0.0,0.002819701013767075
28331,2020-05-29,Tompkins,4,161,264,10008,0.015151515151515152,0.0,0.0035535200402690287
28332,2020-05-30,Tompkins,3,164,389,10397,0.007712082262210797,0.0,0.003523662966083157
28333,2020-05-31,Tompkins,0,164,149,10546,0.0,0.0,0.0027210947477846015
28334,2020-06-01,Tompkins,0,164,168,10714,0.0,0.0,0.0027210947477846015
28335,2020-06-02,Tompkins,1,165,203,10917,0.0049261083743842365,0.0,0.0028023968611064188
28336,2020-06-03,Tompkins,0,165,206,11123,0.0,0.0,0.0021530462117557696
28337,2020-06-04,Tompkins,2,167,171,11294,0.011695906432748537,0.0,0.0028204008729184804
28338,2020-06-05,Tompkins,4,171,1067,12361,0.0037488284910965324,0.0,0.00200592325431715
28339,2020-06-06,Tompkins,0,171,518,12879,0.0,0.0,0.0014550602355878075
28340,2020-06-07,Tompkins,0,171,148,13027,0.0,0.0,0.0014550602355878075
28341,2020-06-08,Tompkins,0,171,452,13479,0.0,0.0,0.0014550602355878075
28342,2020-06-09,Tompkins,0,171,333,13812,0.0,0.0,0.0011031953517032192
28343,2020-06-10,Tompkins,0,171,235,14047,0.0,0.0,0.0011031953517032192
28344,2020-06-11,Tompkins,1,172,191,14238,0.005235602094240838,0.0,0.0006417450418098122
28345,2020-06-12,Tompkins,1,173,328,14566,0.003048780487804878,0.0,0.0005917416130032655
28346,2020-06-13,Tompkins,0,173,72,14638,0.0,0.0,0.0005917416130032655
28347,2020-06-14,Tompkins,0,173,61,14699,0.0,0.0,0.0005917416130032655
28348,2020-06-15,Tompkins,0,173,378,15077,0.0,0.0,0.0005917416130032655
28349,2020-06-16,Tompkins,0,173,295,15372,0.0,0.0,0.0005917416130032655
28350,2020-06-17,Tompkins,0,173,210,15582,0.0,0.0,0.0005917416130032655
28351,2020-06-18,Tompkins,0,173,779,16361,0.0,0.0,0.00021777003484320557
28352,2020-06-19,Tompkins,1,174,395,16756,0.002531645569620253,0.0,0.00018083182640144665
28353,2020-06-20,Tompkins,1,175,139,16895,0.007194244604316547,0.0,0.0006947064409954857
28354,2020-06-21,Tompkins,0,175,239,17134,0.0,0.0,0.0006947064409954857
28355,2020-06-22,Tompkins,0,175,267,17401,0.0,0.0,0.0006947064409954857
28356,2020-06-23,Tompkins,0,175,237,17638,0.0,0.0,0.0006947064409954857
28357,2020-06-24,Tompkins,0,175,267,17905,0.0,0.0,0.0006947064409954857
28358,2020-06-25,Tompkins,0,175,170,18075,0.0,0.0,0.0006947064409954857
28359,2020-06-26,Tompkins,0,175,231,18306,0.0,0.0,0.0005138746145940391
28360,2020-06-27,Tompkins,1,176,328,18634,0.003048780487804878,0.0,0.00021777003484320557
28361,2020-06-28,Tompkins,1,177,111,18745,0.009009009009009009,0.0,0.0008612706783438491
28362,2020-06-29,Tompkins,0,177,200,18945,0.0,0.0,0.0008612706783438491
28363,2020-06-30,Tompkins,0,177,238,19183,0.0,0.0,0.0008612706783438491
28364,2020-07-01,Tompkins,1,178,309,19492,0.003236245954692557,0.0,0.0010924311036790318
28365,2020-07-02,Tompkins,0,178,233,19725,0.0,0.0,0.0010924311036790318
28366,2020-07-03,Tompkins,0,178,270,19995,0.0,0.0,0.0010924311036790318
28367,2020-07-04,Tompkins,1,179,103,20098,0.009708737864077669,0.0,0.0015681423448413738
28368,2020-07-05,Tompkins,0,179,179,20277,0.0,0.0,0.0009246417013407304
28369,2020-07-06,Tompkins,0,179,200,20477,0.0,0.0,0.0009246417013407304
28370,2020-07-07,Tompkins,1,180,408,20885,0.0024509803921568627,0.0,0.001099711729351935
28371,2020-07-08,Tompkins,0,180,95,20980,0.0,0.0,0.0008685513040167523
28372,2020-07-09,Tompkins,1,181,340,21320,0.0029411764705882353,0.0,0.0010786353376301976
28373,2020-07-10,Tompkins,2,183,353,21673,0.0056657223796034,0.0,0.0014833297933161548
28374,2020-07-11,Tompkins,3,186,482,22155,0.006224066390041493,0.0,0.0012344246880278565
28375,2020-07-12,Tompkins,0,186,104,22259,0.0,0.0,0.0012344246880278565
28376,2020-07-13,Tompkins,0,186,354,22613,0.0,0.0,0.0012344246880278565
28377,2020-07-14,Tompkins,12,198,438,23051,0.0273972602739726,1.0,0.003016301822443266
28378,2020-07-15,Tompkins,0,198,307,23358,0.0,1.0,0.003016301822443266
28379,2020-07-16,Tompkins,0,198,688,24046,0.0,1.0,0.002806217788829821
28380,2020-07-17,Tompkins,1,199,645,24691,0.0015503875968992248,1.0,0.002512265304350951
28381,2020-07-18,Tompkins,9,208,466,25157,0.019313304721030045,1.0,0.003447210899421562
28382,2020-07-19,Tompkins,1,209,59,25216,0.01694915254237288,1.0,0.0046578646524481964
28383,2020-07-20,Tompkins,0,209,221,25437,0.0,1.0,0.0046578646524481964
28384,2020-07-21,Tompkins,0,209,828,26265,0.0,0.0,0.002700917490021582
28385,2020-07-22,Tompkins,4,213,729,26994,0.0054869684499314125,1.0,0.003092843807873826
28386,2020-07-23,Tompkins,8,221,635,27629,0.012598425196850394,1.0,0.003992731321934569
28387,2020-07-24,Tompkins,2,223,793,28422,0.0025220680958385876,1.0,0.004062137071858808
28388,2020-07-25,Tompkins,1,224,298,28720,0.003355704697986577,1.0,0.0029223084987842754
28389,2020-07-26,Tompkins,1,225,91,28811,0.01098901098901099,1.0,0.0024965841021155686
28390,2020-07-27,Tompkins,0,225,202,29013,0.0,1.0,0.0024965841021155686
28391,2020-07-28,Tompkins,0,225,534,29547,0.0,1.0,0.0024965841021155686
28392,2020-07-29,Tompkins,2,227,740,30287,0.002702702702702703,1.0,0.002297707977313518
28393,2020-07-30,Tompkins,1,228,734,31021,0.0013623978201634877,0.0,0.0014951345932644531
28394,2020-07-31,Tompkins,2,230,589,31610,0.003395585738539898,0.0,0.001557528710600261
28395,2020-08-01,Tompkins,0,230,329,31939,0.0,0.0,0.0013178355178869341
28396,2020-08-02,Tompkins,0,230,42,31981,0.0,0.0,0.0005329061615290063
28397,2020-08-03,Tompkins,0,230,320,32301,0.0,0.0,0.0005329061615290063
28398,2020-08-04,Tompkins,1,231,514,32815,0.0019455252918287938,0.0,0.0006718722538024916
28399,2020-08-05,Tompkins,1,232,721,33536,0.0013869625520110957,0.0,0.0005778908144673767
28400,2020-08-06,Tompkins,1,233,609,34145,0.0016420361247947454,0.0,0.0005978649790838953
28401,2020-08-07,Tompkins,1,234,740,34885,0.0013513513513513514,0.0,0.00045184823714185615
28402,2020-08-08,Tompkins,0,234,405,35290,0.0,0.0,0.00045184823714185615
28403,2020-08-09,Tompkins,0,234,31,35321,0.0,0.0,0.00045184823714185615
28404,2020-08-10,Tompkins,0,234,303,35624,0.0,0.0,0.00045184823714185615
28405,2020-08-11,Tompkins,0,234,610,36234,0.0,0.0,0.0003128821448683709
28406,2020-08-12,Tompkins,0,234,659,36893,0.0,0.0,0.00021381339115329262
28407,2020-08-13,Tompkins,2,236,1099,37992,0.0018198362147406734,0.0,0.00022651339757800176
28408,2020-08-14,Tompkins,2,238,1203,39195,0.0016625103906899418,0.0,0.00024873904324504393
28409,2020-08-15,Tompkins,0,238,433,39628,0.0,0.0,0.00024873904324504393
28410,2020-08-16,Tompkins,0,238,165,39793,0.0,0.0,0.00024873904324504393
28411,2020-08-17,Tompkins,0,238,186,39979,0.0,0.0,0.00024873904324504393
28412,2020-08-18,Tompkins,0,238,749,40728,0.0,0.0,0.00024873904324504393
28413,2020-08-19,Tompkins,2,240,1401,42129,0.0014275517487508922,0.0,0.0003507070252986791
28414,2020-08-20,Tompkins,4,244,2018,44147,0.0019821605550049554,0.0,0.0003623016210318421
28415,2020-08-21,Tompkins,0,244,1364,45511,0.0,0.0,0.0002435508788397034
28416,2020-08-22,Tompkins,0,244,837,46348,0.0,0.0,0.0002435508788397034
28417,2020-08-23,Tompkins,0,244,653,47001,0.0,0.0,0.0002435508788397034
28418,2020-08-24,Tompkins,1,245,1342,48343,0.0007451564828614009,0.0,0.00029677634190123205
28419,2020-08-25,Tompkins,3,248,2713,51056,0.0011057869517139699,0.0,0.0003757611241665156
28420,2020-08-26,Tompkins,1,249,1237,52293,0.0008084074373484236,0.0,0.00033153653049491075
28421,2020-08-27,Tompkins,2,251,906,53199,0.002207505518763797,0.0,0.0003476325993348279
28422,2020-08-28,Tompkins,10,261,1782,54981,0.005611672278338945,1.0,0.0007484663335018954
28423,2020-08-29,Tompkins,3,264,2081,57062,0.0014416146083613647,1.0,0.0008514388055277073
28424,2020-08-30,Tompkins,1,265,829,57891,0.0012062726176115801,1.0,0.000937601135357106
28425,2020-08-31,Tompkins,5,270,236,58127,0.0211864406779661,1.0,0.00239769286357887
28426,2020-09-01,Tompkins,10,280,1707,59834,0.005858230814294083,2.0,0.0027371531394774495
28427,2020-09-02,Tompkins,23,303,480,60314,0.04791666666666667,3.0,0.006102028798714468
28428,2020-09-03,Tompkins,5,308,530,60844,0.009433962264150943,4.0,0.006618204280527835
28429,2020-09-04,Tompkins,13,321,7425,68269,0.001750841750841751,4.0,0.006342430671420893
28430,2020-09-05,Tompkins,11,332,2868,71137,0.0038354253835425384,4.0,0.006513417155362405
28431,2020-09-06,Tompkins,7,339,3091,74228,0.002264639275315432,5.0,0.006589014773769823
28432,2020-09-07,Tompkins,5,344,4157,78385,0.0012027904738994466,5.0,0.005161611187765062
28433,2020-09-08,Tompkins,2,346,3619,82004,0.0005526388505111909,4.0,0.00478264033320914
28434,2020-09-09,Tompkins,15,361,3995,85999,0.0037546933667083854,4.0,0.0016282136689264061
28435,2020-09-10,Tompkins,8,369,4186,90185,0.0019111323459149545,4.0,0.0010908686747666929
28436,2020-09-11,Tompkins,6,375,4884,95069,0.0012285012285012285,3.0,0.0010535586374566554
28437,2020-09-12,Tompkins,6,381,3264,98333,0.001838235294117647,3.0,0.0009109022024977346
28438,2020-09-13,Tompkins,1,382,3013,101346,0.00033189512114171923,3.0,0.0007728490486281837
28439,2020-09-14,Tompkins,2,384,4744,106090,0.00042158516020236085,2.0,0.0007170486690783919
28440,2020-09-15,Tompkins,2,386,5383,111473,0.000371540033438603,2.0,0.0007041130392874928
28441,2020-09-16,Tompkins,2,388,5657,117130,0.00035354428142124803,1.0,0.0004611738189098401
28442,2020-09-17,Tompkins,2,390,5661,122791,0.0003532944709415298,1.0,0.0003498996849831669
28443,2020-09-18,Tompkins,4,394,5411,128202,0.0007392348918868971,1.0,0.0003149520895107146
28444,2020-09-19,Tompkins,3,397,2274,130476,0.0013192612137203166,1.0,0.0002778825123394768
28445,2020-09-20,Tompkins,1,398,1354,131830,0.0007385524372230429,1.0,0.0003069294634881428
28446,2020-09-21,Tompkins,1,399,4504,136334,0.00022202486678507994,1.0,0.0002926751568154798
28447,2020-09-22,Tompkins,6,405,5351,141685,0.0011212857409829938,1.0,0.00034622842164007915
28448,2020-09-23,Tompkins,1,406,4729,146414,0.00021146119687037428,1.0,0.0003360796298864452
28449,2020-09-24,Tompkins,2,408,5548,151962,0.0003604902667627974,1.0,0.0003365936153022501
28450,2020-09-25,Tompkins,1,409,3228,155190,0.0003097893432465923,1.0,0.00030591893325651414
28451,2020-09-26,Tompkins,4,413,2389,157579,0.0016743407283382169,1.0,0.00033128175572922123
28452,2020-09-27,Tompkins,1,414,73,157652,0.0136986301369863,1.0,0.0012570015914265965
28453,2020-09-28,Tompkins,3,417,2631,160283,0.0011402508551881414,1.0,0.0013225891620268152
28454,2020-09-29,Tompkins,4,421,8648,168931,0.00046253469010175765,1.0,0.0012755355155352984
28455,2020-09-30,Tompkins,5,426,10801,179732,0.0004629200999907416,1.0,0.001293496865758182
28456,2020-10-01,Tompkins,6,432,10039,189771,0.0005976690905468672,1.0,0.0013104382103141868
28457,2020-10-02,Tompkins,6,438,9108,198879,0.0006587615283267457,2.0,0.0013353647949627693
28458,2020-10-03,Tompkins,7,445,10828,209707,0.0006464721093461396,2.0,0.0012619456078919067
28459,2020-10-04,Tompkins,6,451,8669,218376,0.0006921213519437074,2.0,0.00033290926610315003
28460,2020-10-05,Tompkins,4,455,4988,223364,0.0008019246190858059,2.0,0.00030874310638155466
28461,2020-10-06,Tompkins,3,458,7336,230700,0.0004089422028353326,2.0,0.00030491507157680997
28462,2020-10-07,Tompkins,7,465,10526,241226,0.000665019950598518,2.0,0.0003193507751916512
28463,2020-10-08,Tompkins,8,473,11929,253155,0.000670634587978875,2.0,0.00032456259643679457
28464,2020-10-09,Tompkins,3,476,11001,264156,0.0002727024815925825,2.0,0.00029698695024149715
28465,2020-10-10,Tompkins,3,479,10409,274565,0.0002882121241233548,2.0,0.0002713969512970126
28466,2020-10-11,Tompkins,2,481,8475,283040,0.00023598820058997051,2.0,0.0002388160119146028
28467,2020-10-12,Tompkins,9,490,2785,285825,0.003231597845601436,2.0,0.00041236409952286204
28468,2020-10-13,Tompkins,17,507,13369,299194,0.0012715984740818312,3.0,0.0004739824046118977
28469,2020-10-14,Tompkins,8,515,11718,310912,0.000682710360129715,3.0,0.00047524600529269756
28470,2020-10-15,Tompkins,8,523,8846,319758,0.0009043635541487678,3.0,0.0004919409314476899
28471,2020-10-16,Tompkins,11,534,7652,327410,0.0014375326711970726,4.0,0.0005751430878480105
28472,2020-10-17,Tompkins,6,540,11388,338798,0.0005268703898840885,4.0,0.0005921901068309202
28473,2020-10-18,Tompkins,8,548,8303,347101,0.0009635071660845478,4.0,0.00064415574722339
28474,2020-10-19,Tompkins,8,556,5324,352425,0.0015026296018031556,4.0,0.0005206580155235127
28475,2020-10-20,Tompkins,7,563,7827,360252,0.0008943401047655552,4.0,0.0004937109891437788
28476,2020-10-21,Tompkins,16,579,11430,371682,0.0013998250218722659,4.0,0.0005449334649825323
28477,2020-10-22,Tompkins,6,585,10011,381693,0.0005993407252022775,4.0,0.000523146120057783
28478,2020-10-23,Tompkins,8,593,11164,392857,0.0007165890361877463,4.0,0.0004716501461285455
28479,2020-10-24,Tompkins,10,603,10288,403145,0.0009720062208398134,4.0,0.000503445562625383
28480,2020-10-25,Tompkins,3,606,8122,411267,0.00036936715094804237,4.0,0.0004610069901156326
28481,2020-10-26,Tompkins,3,609,5741,417008,0.0005225570458108344,3.0,0.0003910018075447525
28482,2020-10-27,Tompkins,10,619,8298,425306,0.001205109664979513,4.0,0.00041319963327432095
28483,2020-10-28,Tompkins,13,632,10597,435903,0.0012267622912144947,3.0,0.0004008380096559087
28484,2020-10-29,Tompkins,7,639,10976,446879,0.0006377551020408163,3.0,0.0004035818937158043
28485,2020-10-30,Tompkins,11,650,9041,455920,0.0012166795708439331,4.0,0.00043930264619124627
28486,2020-10-31,Tompkins,6,656,10948,466868,0.0005480453050785532,3.0,0.0004090197236368705
28487,2020-11-01,Tompkins,3,659,8383,475251,0.00035786711201240607,3.0,0.0004081982922843251
28488,2020-11-02,Tompkins,1,660,5730,480981,0.00017452006980802793,3.0,0.00038333850828412453
28489,2020-11-03,Tompkins,4,664,7999,488980,0.0005000625078134767,3.0,0.00033297799705797913
28490,2020-11-04,Tompkins,11,675,9881,498861,0.0011132476469992915,3.0,0.0003248698081854646
28491,2020-11-05,Tompkins,3,678,9864,508725,0.00030413625304136254,2.0,0.00030103989039978934
28492,2020-11-06,Tompkins,12,690,10328,519053,0.0011618900077459333,2.0,0.0002971263501785037
28493,2020-11-07,Tompkins,12,702,5610,524663,0.0021390374331550803,3.0,0.00041076864504111275
28494,2020-11-08,Tompkins,5,707,8469,533132,0.0005903884756169559,3.0,0.00042737731387000914
28495,2020-11-09,Tompkins,5,712,6862,539994,0.000728650539201399,3.0,0.0004669580616838213
28496,2020-11-10,Tompkins,22,734,6889,546883,0.0031934968790825954,5.0,0.000659346231060187
28497,2020-11-11,Tompkins,31,765,6779,553662,0.004572945862221567,6.0,0.0009064675321474924
28498,2020-11-12,Tompkins,21,786,19656,573318,0.0010683760683760685,7.0,0.0009610560903856858
28499,2020-11-13,Tompkins,13,799,12369,585687,0.0010510146333575876,7.0,0.0009531364207865182
28500,2020-11-14,Tompkins,7,806,1895,587582,0.0036939313984168864,7.0,0.0010642002754480758
28501,2020-11-15,Tompkins,5,811,3853,591435,0.0012976901116013497,7.0,0.0011147218208755324
28502,2020-11-16,Tompkins,9,820,13904,605339,0.000647295742232451,7.0,0.001108910763949179
28503,2020-11-17,Tompkins,8,828,6591,611930,0.0012137763617053557,6.0,0.0009675021555650904
28504,2020-11-18,Tompkins,12,840,8970,620900,0.0013377926421404682,5.0,0.0007364197827021548
28505,2020-11-19,Tompkins,8,848,11548,632448,0.0006927606511950121,4.0,0.000709590110046365
28506,2020-11-20,Tompkins,28,876,13495,645943,0.0020748425342719526,5.0,0.000782720674397391
28507,2020-11-21,Tompkins,28,904,11529,657472,0.0024286581663630845,7.0,0.0006923440149649766
28508,2020-11-22,Tompkins,32,936,7621,665093,0.00419892402571841,8.0,0.0008995750088304811
28509,2020-11-23,Tompkins,17,953,12873,677966,0.0013205934902509127,9.0,0.0009476677051175141
28510,2020-11-24,Tompkins,18,971,5913,683879,0.0030441400304414,10.0,0.0010784079671700886
28511,2020-11-25,Tompkins,29,1000,6582,690461,0.004405955636584625,11.0,0.0012975624667732426
28512,2020-11-26,Tompkins,43,1043,9335,699796,0.004606320299946438,13.0,0.0015771024416840588
28513,2020-11-27,Tompkins,33,1076,553,700349,0.059674502712477394,14.0,0.005691363882984447
28514,2020-11-28,Tompkins,29,1105,1291,701640,0.022463206816421378,14.0,0.007122403072274326
28515,2020-11-29,Tompkins,13,1118,1682,703322,0.0077288941736028535,13.0,0.0073745437971232146
28516,2020-11-30,Tompkins,21,1139,478,703800,0.043933054393305436,13.0,0.010418291004484253
28517,2020-12-01,Tompkins,15,1154,13375,717175,0.0011214953271028037,13.0,0.010280959239960067
28518,2020-12-02,Tompkins,55,1209,4511,721686,0.012192418532476169,14.0,0.010837135161095175
28519,2020-12-03,Tompkins,32,1241,8695,730381,0.0036802760207015526,14.0,0.010770989141149113
28520,2020-12-04,Tompkins,38,1279,7281,737662,0.005219063315478643,14.0,0.006881314898506345
28521,2020-12-05,Tompkins,27,1306,8668,746330,0.0031149053991693584,14.0,0.005499293368702629
28522,2020-12-06,Tompkins,30,1336,10898,757228,0.0027527986786566342,15.0,0.0051438579762064715
28523,2020-12-07,Tompkins,62,1398,637,757865,0.09733124018838304,18.0,0.008958014104426301
28524,2020-12-08,Tompkins,26,1424,4981,762846,0.005219835374422807,19.0,0.009250752679234872
28525,2020-12-09,Tompkins,27,1451,4363,767209,0.00618840247536099,17.0,0.00882189438944093
28526,2020-12-10,Tompkins,26,1477,8517,775726,0.003052718093225314,16.0,0.008777068823192628
28527,2020-12-11,Tompkins,52,1529,7664,783390,0.006784968684759917,17.0,0.00888891920671272
28528,2020-12-12,Tompkins,27,1556,6606,789996,0.004087193460490463,17.0,0.008958368353949942
28529,2020-12-13,Tompkins,37,1593,2153,792149,0.017185322805387832,18.0,0.00998926293443074
28530,2020-12-14,Tompkins,20,1613,11283,803432,0.0017725782150137374,15.0,0.003163644222047218
28531,2020-12-15,Tompkins,24,1637,966,804398,0.024844720496894408,15.0,0.00456542173079519
28532,2020-12-16,Tompkins,34,1671,3178,807576,0.010698552548772814,15.0,0.004887575307467462
28533,2020-12-17,Tompkins,39,1710,8989,816565,0.004338636110802091,16.0,0.004979426594437233
28534,2020-12-18,Tompkins,18,1728,7038,823603,0.0025575447570332483,14.0,0.004677467742456758
28535,2020-12-19,Tompkins,53,1781,8732,832335,0.006069628950984883,16.0,0.004819070277492073
28536,2020-12-20,Tompkins,17,1798,5223,837558,0.003254834386367988,14.0,0.003824035390419227
28537,2020-12-21,Tompkins,18,1816,8942,846500,0.0020129724893759786,14.0,0.0038412064100165296
28538,2020-12-22,Tompkins,30,1846,1469,847969,0.02042205582028591,14.0,0.0035253017902587796
28539,2020-12-23,Tompkins,32,1878,2672,850641,0.011976047904191617,14.0,0.00361655145850298
28540,2020-12-24,Tompkins,43,1921,7601,858242,0.005657150374950665,15.0,0.0037107310487993067
28541,2020-12-25,Tompkins,32,1953,3912,862154,0.0081799591002045,16.0,0.004112332073311539
28542,2020-12-26,Tompkins,8,1961,2098,864252,0.0038131553860819827,12.0,0.003951155390104189
28543,2020-12-27,Tompkins,20,1981,855,865107,0.023391812865497075,13.0,0.005389510995756267
28544,2020-12-28,Tompkins,12,1993,1149,866256,0.010443864229765013,12.0,0.005991717548641197
28545,2020-12-29,Tompkins,40,2033,3826,870082,0.010454783063251438,13.0,0.0052797694945673065
28546,2020-12-30,Tompkins,46,2079,1695,871777,0.027138643067846607,14.0,0.006362812006256949
28547,2020-12-31,Tompkins,35,2114,1843,873620,0.018990775908844276,13.0,0.007315213830106492
28548,2021-01-01,Tompkins,19,2133,1341,874961,0.014168530947054437,12.0,0.007742968962024345
28549,2021-01-02,Tompkins,5,2138,200,875161,0.025,12.0,0.009256315005875633
28550,2021-01-03,Tompkins,14,2152,6083,881244,0.0023014959723820483,12.0,0.007749863799224558
28551,2021-01-04,Tompkins,14,2166,3572,884816,0.003919372900335946,12.0,0.00728382870426534
28552,2021-01-05,Tompkins,59,2225,4907,889723,0.012023639698390055,13.0,0.007395889892489527
28553,2021-01-06,Tompkins,53,2278,2619,892342,0.020236731576937762,14.0,0.006902896214567467
28554,2021-01-07,Tompkins,40,2318,4849,897191,0.008249123530624871,14.0,0.006135635330408938
28555,2021-01-08,Tompkins,56,2374,5508,902699,0.010167029774872912,17.0,0.005849813818110257
28556,2021-01-09,Tompkins,22,2396,8040,910739,0.002736318407960199,18.0,0.004259550847250272
28557,2021-01-10,Tompkins,18,2414,3798,914537,0.004739336492890996,18.0,0.00443368231300091
28558,2021-01-11,Tompkins,10,2424,3190,917727,0.003134796238244514,18.0,0.004377641122851522
28559,2021-01-12,Tompkins,39,2463,2596,920323,0.015023112480739599,17.0,0.004591889178733633
28560,2021-01-13,Tompkins,21,2484,3005,923328,0.006988352745424293,14.0,0.003645576405054099
28561,2021-01-14,Tompkins,44,2528,6419,929747,0.006854650257049385,15.0,0.003545971171227278
28562,2021-01-15,Tompkins,44,2572,4829,934576,0.009111617312072893,14.0,0.003470584566741563
28563,2021-01-16,Tompkins,41,2613,6224,940800,0.006587403598971722,15.0,0.0037456620803852435
28564,2021-01-17,Tompkins,28,2641,4187,944987,0.006687365655600669,16.0,0.0038848070205787914
28565,2021-01-18,Tompkins,16,2657,822,945809,0.019464720194647202,16.0,0.005051230160321841
28566,2021-01-19,Tompkins,50,2707,3275,949084,0.015267175572519083,17.0,0.005068663238306089
28567,2021-01-20,Tompkins,45,2752,5504,954588,0.008175872093023256,19.0,0.005153486048848873
28568,2021-01-21,Tompkins,27,2779,6255,960843,0.004316546762589928,17.0,0.004972192942101769
28569,2021-01-22,Tompkins,32,2811,8727,969570,0.0036667812535808413,17.0,0.004583276080780908
28570,2021-01-23,Tompkins,20,2831,7079,976649,0.0028252578047746855,15.0,0.004314551381195404
28571,2021-01-24,Tompkins,14,2845,4711,981360,0.0029717682020802376,14.0,0.004049151563086802
28572,2021-01-25,Tompkins,19,2864,4334,985694,0.004383940932164283,14.0,0.0029719530443380222
28573,2021-01-26,Tompkins,26,2890,7143,992837,0.003639927201455971,13.0,0.0021414353035478
28574,2021-01-27,Tompkins,27,2917,5878,998715,0.004593399115345355,11.0,0.0018855443765708072
28575,2021-01-28,Tompkins,27,2944,10640,1009355,0.0025375939849624062,11.0,0.0017584763210259841
28576,2021-01-29,Tompkins,18,2962,7963,1017318,0.0022604546025367326,10.0,0.0016580244173799766
28577,2021-01-30,Tompkins,25,2987,10739,1028057,0.002327963497532359,11.0,0.001622503395434096
28578,2021-01-31,Tompkins,28,3015,6335,1034392,0.004419889502762431,12.0,0.00172594063119711
28579,2021-02-01,Tompkins,29,3044,7419,1041811,0.003908882598732983,12.0,0.0016920078930948742
28580,2021-02-02,Tompkins,13,3057,7514,1049325,0.0017301038062283738,11.0,0.0015555919362929028
28581,2021-02-03,Tompkins,43,3100,8030,1057355,0.005354919053549191,13.0,0.0016099862175931769
28582,2021-02-04,Tompkins,37,3137,12494,1069849,0.0029614214823115094,13.0,0.0016402596102609698
28583,2021-02-05,Tompkins,28,3165,12811,1082660,0.0021856217313246428,14.0,0.0016349144051743922
28584,2021-02-06,Tompkins,36,3201,13889,1096549,0.0025919792641658865,15.0,0.0016537726742196443
28585,2021-02-07,Tompkins,25,3226,14373,1110922,0.0017393724344256592,15.0,0.001462307169338446
28586,2021-02-08,Tompkins,6,3232,12146,1123068,0.0004939897908776552,13.0,0.0012183862544916369
28587,2021-02-09,Tompkins,15,3247,8156,1131224,0.0018391368317802845,13.0,0.0012261743277453448
28588,2021-02-10,Tompkins,27,3274,12849,1144073,0.002101330842867149,12.0,0.0009937751698394848
28589,2021-02-11,Tompkins,26,3300,11353,1155426,0.002290143574385625,11.0,0.0009458267478447787
28590,2021-02-12,Tompkins,16,3316,11169,1166595,0.0014325364849136,10.0,0.0008920349445297042
28591,2021-02-13,Tompkins,9,3325,14363,1180958,0.0006266100396853026,8.0,0.000751651428495377
28592,2021-02-14,Tompkins,10,3335,12272,1193230,0.0008148631029986962,7.0,0.0006856150476791652
28593,2021-02-15,Tompkins,5,3340,3193,1196423,0.0015659254619480112,7.0,0.0007621818813270478
28594,2021-02-16,Tompkins,5,3345,10699,1207122,0.00046733339564445275,7.0,0.0006641959216030598
28595,2021-02-17,Tompkins,5,3350,19684,1226806,0.00025401341190814874,5.0,0.0005322446765345598
28596,2021-02-18,Tompkins,17,3367,16601,1243407,0.0010240346967050177,4.0,0.00044180832812880204
28597,2021-02-19,Tompkins,9,3376,15712,1259119,0.0005728105906313645,4.0,0.000380399335680071
28598,2021-02-20,Tompkins,13,3389,14983,1274102,0.0008676500033371154,4.0,0.00039761647594091477
28599,2021-02-21,Tompkins,9,3398,4054,1278156,0.002220029600394672,4.0,0.0004979855114691988
28600,2021-02-22,Tompkins,10,3408,22271,1300427,0.00044901441336266893,4.0,0.00041820615085596
28601,2021-02-23,Tompkins,6,3414,10806,1311233,0.000555247084952804,4.0,0.0004244857000922708
28602,2021-02-24,Tompkins,13,3427,11490,1322723,0.0011314186248912097,5.0,0.0004871575010196323
28603,2021-02-25,Tompkins,8,3435,16265,1338988,0.0004918536735321242,4.0,0.0004491445707929971
28604,2021-02-26,Tompkins,6,3441,16089,1355077,0.00037292560134253216,4.0,0.00043486707155808045
28605,2021-02-27,Tompkins,11,3452,16684,1371761,0.0006593143131143611,4.0,0.0004199859508278837
28606,2021-02-28,Tompkins,5,3457,14241,1386002,0.00035109893968120215,4.0,0.00028649090363406436
28607,2021-03-01,Tompkins,4,3461,13016,1399018,0.00030731407498463427,3.0,0.00027636945089277624
28608,2021-03-02,Tompkins,11,3472,13715,1412733,0.0008020415603353991,4.0,0.00029399762770581874
28609,2021-03-03,Tompkins,17,3489,11520,1424253,0.0014756944444444444,4.0,0.000318588757673907
28610,2021-03-04,Tompkins,11,3500,16204,1440457,0.0006788447296963713,4.0,0.0003319452616856389
28611,2021-03-05,Tompkins,9,3509,16158,1456615,0.0005569996286669142,4.0,0.0003450934064945233
28612,2021-03-06,Tompkins,14,3523,14724,1471339,0.0009508285791904374,5.0,0.0003659158540713859
28613,2021-03-07,Tompkins,6,3529,10335,1481674,0.0005805515239477503,5.0,0.00038230532437613944
28614,2021-03-08,Tompkins,7,3536,14581,1496255,0.00048007681228996637,5.0,0.0003946455198979488
28615,2021-03-09,Tompkins,16,3552,11669,1507924,0.0013711543405604593,5.0,0.0004352964327711674
28616,2021-03-10,Tompkins,19,3571,13194,1521118,0.0014400485068970744,5.0,0.0004327502943749267
28617,2021-03-11,Tompkins,15,3586,16877,1537995,0.0008887835515790721,6.0,0.00044774592450940533
28618,2021-03-12,Tompkins,15,3601,14004,1551999,0.0010711225364181663,6.0,0.00048446898934878047
28619,2021-03-13,Tompkins,13,3614,16386,1568385,0.000793360185524228,6.0,0.0004732212469440512
28620,2021-03-14,Tompkins,8,3622,4142,1572527,0.001931434089811685,6.0,0.0005697128587914751
28621,2021-03-15,Tompkins,12,3634,21948,1594475,0.0005467468562055768,7.0,0.0005744750047854474
28622,2021-03-16,Tompkins,22,3656,12541,1607016,0.0017542460728809505,7.0,0.0006018386999511967
28623,2021-03-17,Tompkins,24,3680,11578,1618594,0.002072896873380549,7.0,0.0006470421547000162
28624,2021-03-18,Tompkins,19,3699,18381,1636975,0.001033676078559382,8.0,0.0006573916209128957
28625,2021-03-19,Tompkins,19,3718,16109,1653084,0.0011794648954000868,8.0,0.0006651303608401756
28626,2021-03-20,Tompkins,12,3730,17812,1670896,0.0006737031214911295,8.0,0.0006565834276949544
28627,2021-03-21,Tompkins,6,3736,14452,1685348,0.00041516745087185166,8.0,0.0005482786677706805
28628,2021-03-22,Tompkins,6,3742,9786,1695134,0.0006131207847946045,7.0,0.0005530196626698967
28629,2021-03-23,Tompkins,15,3757,13592,1708726,0.0011035903472630959,7.0,0.0005065442536971929
28630,2021-03-24,Tompkins,20,3777,12316,1721042,0.0016239038648911985,6.0,0.000474473324519382
28631,2021-03-25,Tompkins,30,3807,16454,1737496,0.0018232648596086059,7.0,0.0005308725231657552
28632,2021-03-26,Tompkins,24,3831,16298,1753794,0.0014725733218799854,8.0,0.0005518088393428909
28633,2021-03-27,Tompkins,21,3852,15722,1769516,0.0013357079252003562,8.0,0.0005990948967506927
28634,2021-03-28,Tompkins,14,3866,11284,1780800,0.0012406947890818859,9.0,0.0006580611351942666
28635,2021-03-29,Tompkins,12,3878,17311,1798111,0.0006932008549477211,9.0,0.0006637811402052036
28636,2021-03-30,Tompkins,16,3894,13370,1811481,0.0011967090501121915,9.0,0.0006704324761229961
28637,2021-03-31,Tompkins,19,3913,10168,1821649,0.001868607395751377,9.0,0.000687911299755866
28638,2021-04-01,Tompkins,12,3925,16543,1838192,0.0007253823369400955,8.0,0.0006094911195652581
28639,2021-04-02,Tompkins,7,3932,16951,1855143,0.0004129549879063182,7.0,0.0005338040957099961
28640,2021-04-03,Tompkins,12,3944,15166,1870309,0.0007912435711459844,6.0,0.0004949137847061124
28641,2021-04-04,Tompkins,7,3951,8673,1878982,0.0008071025020177562,6.0,0.00046394290705867455
28642,2021-04-05,Tompkins,5,3956,9727,1888709,0.0005140331037318803,5.0,0.0004511452105432573
28643,2021-04-06,Tompkins,9,3965,19570,1908279,0.00045988758303525806,5.0,0.0003985151057520478
28644,2021-04-07,Tompkins,6,3971,8665,1916944,0.0006924408540103866,4.0,0.0003145032099134056
28645,2021-04-08,Tompkins,9,3980,13655,1930599,0.0006590992310508971,3.0,0.0003097687023498915
28646,2021-04-09,Tompkins,8,3988,11989,1942588,0.0006672783384769372,4.0,0.0003279346559620786
28647,2021-04-10,Tompkins,9,3997,12624,1955212,0.0007129277566539924,3.0,0.0003223406692126506
28648,2021-04-11,Tompkins,3,4000,11035,1966247,0.00027186225645672857,3.0,0.00028410922310114856
28649,2021-04-12,Tompkins,3,4003,9414,1975661,0.00031867431485022306,3.0,0.0002701550238953159
28650,2021-04-13,Tompkins,16,4019,11566,1987227,0.0013833650354487291,3.0,0.00033611769906770675
28651,2021-04-14,Tompkins,15,4034,10425,1997652,0.0014388489208633094,4.0,0.0003894325609857726
28652,2021-04-15,Tompkins,6,4040,11088,2008740,0.0005411255411255411,4.0,0.00038100586884824716
28653,2021-04-16,Tompkins,10,4050,12830,2021570,0.000779423226812159,4.0,0.0003890162180150487
28654,2021-04-17,Tompkins,8,4058,12925,2034495,0.0006189555125725338,4.0,0.00038230391486637316
28655,2021-04-18,Tompkins,6,4064,11087,2045582,0.0005411743483358888,4.0,0.00040154049285774174
28656,2021-04-19,Tompkins,2,4066,12096,2057678,0.00016534391534391533,4.0,0.00039058832146443405
28657,2021-04-20,Tompkins,11,4077,11573,2069251,0.0009504882053054523,4.0,0.0003596685478827714
28658,2021-04-21,Tompkins,10,4087,9210,2078461,0.0010857763300760044,3.0,0.0003344490771122496
28659,2021-04-22,Tompkins,9,4096,12388,2090849,0.0007265095253471101,4.0,0.00034769079027093317
28660,2021-04-23,Tompkins,13,4109,12327,2103176,0.0010545956031475622,4.0,0.0003673459600091762
28661,2021-04-24,Tompkins,4,4113,10671,2113847,0.00037484771811451597,3.0,0.00034990968897646065
28662,2021-04-25,Tompkins,2,4115,8395,2122242,0.00023823704586063132,3.0,0.00032827131022822797
28663,2021-04-26,Tompkins,1,4116,9775,2132017,0.00010230179028132993,3.0,0.00032376830129518617
28664,2021-04-27,Tompkins,7,4123,10822,2142839,0.000646830530401035,3.0,0.00030207846737344203
28665,2021-04-28,Tompkins,12,4135,9295,2152134,0.0012910166756320601,3.0,0.00031673849205601746
28666,2021-04-29,Tompkins,5,4140,9336,2161470,0.0005355612682090831,3.0,0.00030309933083187267
28667,2021-04-30,Tompkins,11,4151,11140,2172610,0.0009874326750448834,3.0,0.00029830197882453846
28668,2021-05-01,Tompkins,7,4158,9264,2181874,0.0007556131260794474,3.0,0.0003254995079648907
28669,2021-05-02,Tompkins,2,4160,3480,2185354,0.0005747126436781609,3.0,0.0003495334792375714
28670,2021-05-03,Tompkins,0,4160,6874,2192228,0.0,3.0,0.0003422262085031907
28671,2021-05-04,Tompkins,18,4178,9047,2201275,0.001989609815408423,3.0,0.00043813901457514696
28672,2021-05-05,Tompkins,6,4184,10492,2211767,0.000571864277544796,3.0,0.0003867709861403424
28673,2021-05-06,Tompkins,9,4193,9336,2221103,0.0009640102827763496,3.0,0.0004173744871808615
28674,2021-05-07,Tompkins,7,4200,11303,2232406,0.0006193046093957357,3.0,0.0003910796253487795
28675,2021-05-08,Tompkins,9,4209,9224,2241630,0.0009757155247181266,3.0,0.0004068012252515423
28676,2021-05-09,Tompkins,1,4210,5602,2247232,0.0001785076758300607,3.0,0.00037850087040524943
28677,2021-05-10,Tompkins,4,4214,10233,2257465,0.0003908922114726864,3.0,0.0004064217426532984
28678,2021-05-11,Tompkins,2,4216,6717,2264182,0.0002977519726068185,2.0,0.0002855747538817553
28679,2021-05-12,Tompkins,5,4221,7345,2271527,0.0006807351940095302,2.0,0.0002933512479149506
28680,2021-05-13,Tompkins,9,4230,9354,2280881,0.0009621552277100705,2.0,0.00029321874398164494
28681,2021-05-14,Tompkins,11,4241,8320,2289201,0.0013221153846153847,2.0,0.0003434195136401913
28682,2021-05-15,Tompkins,9,4250,7321,2296522,0.0012293402540636525,2.0,0.0003615355657363002
28683,2021-05-16,Tompkins,6,4256,6186,2302708,0.0009699321047526673,3.0,0.000418065882087915
28684,2021-05-17,Tompkins,0,4256,4317,2307025,0.0,3.0,0.000390145009839866
28685,2021-05-18,Tompkins,18,4274,6989,2314014,0.0025754757476033766,4.0,0.000552839565196763
28686,2021-05-19,Tompkins,9,4283,7917,2321931,0.0011367942402425162,4.0,0.000585415211356262
28687,2021-05-20,Tompkins,6,4289,7864,2329795,0.000762970498474059,4.0,0.0005711877306965468
28688,2021-05-21,Tompkins,5,4294,5927,2335722,0.0008435970980259828,3.0,0.0005370078530830181
28689,2021-05-22,Tompkins,5,4299,6653,2342375,0.0007515406583496167,3.0,0.0005028793105320156
28690,2021-05-23,Tompkins,1,4300,1524,2343899,0.0006561679790026247,3.0,0.00048046758726415543
28691,2021-05-24,Tompkins,0,4300,2570,2346469,0.0,3.0,0.00048046758726415543
28692,2021-05-25,Tompkins,3,4303,4963,2351432,0.0006044731009470078,2.0,0.00033968168393155764
28693,2021-05-26,Tompkins,3,4306,5771,2357203,0.0005198405822214521,1.0,0.00029561356550148165
28694,2021-05-27,Tompkins,1,4307,5174,2362377,0.00019327406262079628,1.0,0.00025492096294053434
28695,2021-05-28,Tompkins,3,4310,4861,2367238,0.0006171569635877391,1.0,0.0002387466676235169
28696,2021-05-29,Tompkins,8,4318,3916,2371154,0.0020429009193054137,1.0,0.0003309866862632167
28697,2021-05-30,Tompkins,4,4322,2671,2373825,0.001497566454511419,1.0,0.0003910865773709877
28698,2021-05-31,Tompkins,1,4323,2259,2376084,0.0004426737494466578,1.0,0.00042270613090289184
28699,2021-06-01,Tompkins,2,4325,169,2376253,0.011834319526627219,1.0,0.0012248380184514784
28700,2021-06-02,Tompkins,6,4331,2738,2378991,0.002191380569758948,1.0,0.0013442337318470138
28701,2021-06-03,Tompkins,3,4334,1082,2380073,0.0027726432532347504,1.0,0.001528474388319439
28702,2021-06-04,Tompkins,2,4336,2119,2382192,0.0009438414346389807,1.0,0.0015518089933945279
28703,2021-06-05,Tompkins,2,4338,899,2383091,0.002224694104560623,1.0,0.001564794220912757
28704,2021-06-06,Tompkins,3,4341,717,2383808,0.0041841004184100415,1.0,0.001756689504048373
28705,2021-06-07,Tompkins,0,4341,568,2384376,0.0,1.0,0.0017250699505164688
28706,2021-06-08,Tompkins,3,4344,817,2385193,0.0036719706242350062,1.0,0.001142045028917025
28707,2021-06-09,Tompkins,0,4344,933,2386126,0.0,0.0,0.0009855178453628145
28708,2021-06-10,Tompkins,0,4344,1178,2387304,0.0,0.0,0.0007874718987031894
28709,2021-06-11,Tompkins,2,4346,1010,2388314,0.0019801980198019802,0.0,0.0008614973690719752
28710,2021-06-12,Tompkins,0,4346,769,2389083,0.0,0.0,0.0007025906473176449
28711,2021-06-13,Tompkins,0,4346,146,2389229,0.0,0.0,0.00040372633171692756
28712,2021-06-14,Tompkins,0,4346,175,2389404,0.0,0.0,0.00040372633171692756
28713,2021-06-15,Tompkins,0,4346,588,2389992,0.0,0.0,0.00014144271570014144
28714,2021-06-16,Tompkins,3,4349,1180,2391172,0.002542372881355932,0.0,0.0003230407786541366
28715,2021-06-17,Tompkins,1,4350,589,2391761,0.001697792869269949,0.0,0.0004443116978877044
28716,2021-06-18,Tompkins,0,4350,571,2392332,0.0,0.0,0.00030286898218756297
28717,2021-06-19,Tompkins,0,4350,257,2392589,0.0,0.0,0.00030286898218756297
28718,2021-06-20,Tompkins,1,4351,107,2392696,0.009345794392523364,0.0,0.0009704257245106604
28719,2021-06-21,Tompkins,1,4352,164,2392860,0.006097560975609756,0.0,0.0014059657941970713
28720,2021-06-22,Tompkins,1,4353,376,2393236,0.0026595744680851063,0.0,0.0015959353990602934
28721,2021-06-23,Tompkins,3,4356,706,2393942,0.00424929178470255,0.0,0.0017178581778707661
28722,2021-06-24,Tompkins,1,4357,432,2394374,0.0023148148148148147,0.0,0.0017619311739811136
28723,2021-06-25,Tompkins,0,4357,475,2394849,0.0,0.0,0.0017619311739811136
28724,2021-06-26,Tompkins,1,4358,346,2395195,0.002890173410404624,0.0,0.0019683721318671586
28725,2021-06-27,Tompkins,0,4358,107,2395302,0.0,0.0,0.001300815389544061
28726,2021-06-28,Tompkins,0,4358,159,2395461,0.0,0.0,0.0008652753198576497
28727,2021-06-29,Tompkins,0,4358,441,2395902,0.0,0.0,0.0006753057149944278
28728,2021-06-30,Tompkins,1,4359,399,2396301,0.002506265664160401,0.0,0.0005508038492414172
28729,2021-07-01,Tompkins,1,4360,459,2396760,0.002178649237472767,0.0,0.000541077736574128
28730,2021-07-02,Tompkins,1,4361,379,2397139,0.002638522427440633,0.0,0.0007295436242484591
28731,2021-07-03,Tompkins,0,4361,287,2397426,0.0,0.0,0.0005231026663624144
28732,2021-07-04,Tompkins,3,4364,124,2397550,0.024193548387096774,0.0,0.0022512132654407555
28733,2021-07-05,Tompkins,1,4365,76,2397626,0.013157894736842105,0.0,0.003191062889500906
28734,2021-07-06,Tompkins,0,4365,103,2397729,0.0,0.0,0.003191062889500906
28735,2021-07-07,Tompkins,0,4365,547,2398276,0.0,0.0,0.003012043913489449
28736,2021-07-08,Tompkins,1,4366,419,2398695,0.002386634844868735,0.0,0.0030269000283034463
28737,2021-07-09,Tompkins,2,4368,440,2399135,0.004545454545454545,0.0,0.0031631094653044403
28738,2021-07-10,Tompkins,0,4368,228,2399363,0.0,0.0,0.0031631094653044403
28739,2021-07-11,Tompkins,1,4369,106,2399469,0.009433962264150943,0.0,0.002108853313665452
28740,2021-07-12,Tompkins,1,4370,90,2399559,0.011111111111111112,0.0,0.0019626544832560956
28741,2021-07-13,Tompkins,2,4372,413,2399972,0.004842615012106538,0.0,0.0023085555555494197
28742,2021-07-14,Tompkins,1,4373,333,2400305,0.003003003003003003,0.0,0.002523055770049634
28743,2021-07-15,Tompkins,2,4375,336,2400641,0.005952380952380952,0.0,0.0027777519205862207
28744,2021-07-16,Tompkins,2,4377,362,2401003,0.0055248618784530384,0.0,0.0028477095872289702
28745,2021-07-17,Tompkins,0,4377,238,2401241,0.0,0.0,0.0028477095872289702
28746,2021-07-18,Tompkins,0,4377,107,2401348,0.0,0.0,0.002173855139789617
28747,2021-07-19,Tompkins,0,4377,107,2401455,0.0,0.0,0.0013802043461388237
28748,2021-07-20,Tompkins,2,4379,442,2401897,0.004524886877828055,0.0,0.0013575094794046462
28749,2021-07-21,Tompkins,1,4380,351,2402248,0.002849002849002849,0.0,0.0013465094684046352
28750,2021-07-22,Tompkins,4,4384,504,2402752,0.007936507936507936,0.0,0.0014882328244137054
28751,2021-07-23,Tompkins,7,4391,439,2403191,0.015945330296127564,1.0,0.002232551997104743
28752,2021-07-24,Tompkins,2,4393,309,2403500,0.006472491909385114,1.0,0.002694872847775108
28753,2021-07-25,Tompkins,0,4393,29,2403529,0.0,1.0,0.002694872847775108
28754,2021-07-26,Tompkins,3,4396,161,2403690,0.018633540372670808,1.0,0.004025840017251594
28755,2021-07-27,Tompkins,12,4408,539,2404229,0.022263450834879406,2.0,0.005292880299898119
28756,2021-07-28,Tompkins,20,4428,526,2404755,0.03802281368821293,3.0,0.007805295359841697
28757,2021-07-29,Tompkins,13,4441,554,2405309,0.023465703971119134,4.0,0.008914523648028212
28758,2021-07-30,Tompkins,11,4452,690,2405999,0.015942028985507246,4.0,0.008914287840126761
28759,2021-07-31,Tompkins,7,4459,621,2406620,0.011272141706924315,4.0,0.009257119968522418
28760,2021-08-01,Tompkins,6,4465,92,2406712,0.06521739130434782,5.0,0.013915505061690118
28761,2021-08-02,Tompkins,4,4469,259,2406971,0.015444015444015444,5.0,0.013687681852500449
28762,2021-08-03,Tompkins,19,4488,899,2407870,0.021134593993325918,5.0,0.013607049220960914
28763,2021-08-04,Tompkins,7,4495,731,2408601,0.009575923392612859,4.0,0.011575128485560911
28764,2021-08-05,Tompkins,12,4507,655,2409256,0.0183206106870229,4.0,0.01120762182241118
28765,2020-03-01,Ulster,0,0,0,0,,,
28766,2020-03-02,Ulster,0,0,0,0,,,
28767,2020-03-03,Ulster,0,0,0,0,,,
28768,2020-03-04,Ulster,0,0,0,0,,,
28769,2020-03-05,Ulster,0,0,1,1,0.0,,
28770,2020-03-06,Ulster,0,0,0,1,,,
28771,2020-03-07,Ulster,0,0,0,1,,0.0,
28772,2020-03-08,Ulster,1,1,1,2,1.0,0.0,
28773,2020-03-09,Ulster,0,1,0,2,,0.0,
28774,2020-03-10,Ulster,0,1,2,4,0.0,0.0,
28775,2020-03-11,Ulster,1,2,1,5,1.0,0.0,
28776,2020-03-12,Ulster,3,5,6,11,0.5,0.0,
28777,2020-03-13,Ulster,0,5,3,14,0.0,0.0,
28778,2020-03-14,Ulster,0,5,30,44,0.0,0.0,
28779,2020-03-15,Ulster,2,7,16,60,0.125,0.0,
28780,2020-03-16,Ulster,1,8,12,72,0.08333333333333333,0.0,0.12202380952380952
28781,2020-03-17,Ulster,1,9,15,87,0.06666666666666667,0.0,0.12678571428571428
28782,2020-03-18,Ulster,1,10,41,128,0.024390243902439025,0.0,0.0570993031358885
28783,2020-03-19,Ulster,2,12,62,190,0.03225806451612903,0.0,0.023689164887040575
28784,2020-03-20,Ulster,6,18,70,260,0.08571428571428572,0.0,0.029811613866632412
28785,2020-03-21,Ulster,8,26,145,405,0.05517241379310345,1.0,0.0337525005661398
28786,2020-03-22,Ulster,9,35,54,459,0.16666666666666666,2.0,0.03672869104233028
28787,2020-03-23,Ulster,12,47,117,576,0.10256410256410256,2.0,0.03810231741595665
28788,2020-03-24,Ulster,18,65,81,657,0.2222222222222222,4.0,0.04921342852706776
28789,2020-03-25,Ulster,13,78,71,728,0.18309859154929578,4.0,0.06054973907327181
28790,2020-03-26,Ulster,21,99,83,811,0.25301204819277107,6.0,0.07631788076446053
28791,2020-03-27,Ulster,29,128,124,935,0.23387096774193547,7.0,0.08690050090929266
28792,2020-03-28,Ulster,18,146,82,1017,0.21951219512195122,8.0,0.09863905671849608
28793,2020-03-29,Ulster,44,190,194,1211,0.2268041237113402,11.0,0.10293458936454417
28794,2020-03-30,Ulster,21,211,123,1334,0.17073170731707318,11.0,0.10780370398975636
28795,2020-03-31,Ulster,10,221,51,1385,0.19607843137254902,11.0,0.10593629035763685
28796,2020-04-01,Ulster,19,240,118,1503,0.16101694915254236,11.0,0.10435903018644019
28797,2020-04-02,Ulster,23,263,125,1628,0.184,11.0,0.09942959817267082
28798,2020-04-03,Ulster,27,290,141,1769,0.19148936170212766,11.0,0.09640234059839883
28799,2020-04-04,Ulster,42,332,188,1957,0.22340425531914893,13.0,0.09668034489819867
28800,2020-04-05,Ulster,40,372,182,2139,0.21978021978021978,13.0,0.0961786374745472
28801,2020-04-06,Ulster,26,398,117,2256,0.2222222222222222,13.0,0.09985653139634355
28802,2020-04-07,Ulster,24,422,108,2364,0.2222222222222222,14.0,0.10172394502846308
28803,2020-04-08,Ulster,38,460,227,2591,0.16740088105726872,15.0,0.10217994016451495
28804,2020-04-09,Ulster,70,530,436,3027,0.16055045871559634,19.0,0.1005049729299147
28805,2020-04-10,Ulster,59,589,358,3385,0.164804469273743,21.0,0.09859890918503009
28806,2020-04-11,Ulster,23,612,239,3624,0.09623430962343096,20.0,0.08951534163533593
28807,2020-04-12,Ulster,18,630,242,3866,0.0743801652892562,18.0,0.07912962345740997
28808,2020-04-13,Ulster,60,690,424,4290,0.14150943396226415,20.0,0.0733644242959844
28809,2020-04-14,Ulster,43,733,259,4549,0.16602316602316602,22.0,0.06935020599605181
28810,2020-04-15,Ulster,28,761,189,4738,0.14814814814814814,21.0,0.06797501078825749
28811,2020-04-16,Ulster,27,788,142,4880,0.19014084507042253,18.0,0.07008860981360221
28812,2020-04-17,Ulster,32,820,239,5119,0.13389121338912133,16.0,0.06788052010755781
28813,2020-04-18,Ulster,34,854,170,5289,0.2,17.0,0.0752923551344556
28814,2020-04-19,Ulster,23,877,167,5456,0.1377245508982036,17.0,0.07981695410652327
28815,2020-04-20,Ulster,16,893,85,5541,0.18823529411764706,14.0,0.08315451554619348
28816,2020-04-21,Ulster,20,913,110,5651,0.18181818181818182,12.0,0.08428273096012319
28817,2020-04-22,Ulster,29,942,152,5803,0.19078947368421054,12.0,0.08732853992698476
28818,2020-04-23,Ulster,34,976,208,6011,0.16346153846153846,13.0,0.08542287516920734
28819,2020-04-24,Ulster,190,1166,928,6939,0.20474137931034483,24.0,0.0904836013064376
28820,2020-04-25,Ulster,24,1190,207,7146,0.11594202898550725,24.0,0.08447946051968812
28821,2020-04-26,Ulster,29,1219,198,7344,0.14646464646464646,24.0,0.08510375306014831
28822,2020-04-27,Ulster,11,1230,94,7438,0.11702127659574468,24.0,0.08001703752286958
28823,2020-04-28,Ulster,22,1252,335,7773,0.06567164179104477,24.0,0.07172085609235979
28824,2020-04-29,Ulster,27,1279,309,8082,0.08737864077669903,24.0,0.06433436802753753
28825,2020-04-30,Ulster,19,1298,336,8418,0.05654761904761905,23.0,0.05669765949797186
28826,2020-05-01,Ulster,29,1327,362,8780,0.08011049723756906,11.0,0.04779545363563074
28827,2020-05-02,Ulster,14,1341,256,9036,0.0546875,10.0,0.04342013013666594
28828,2020-05-03,Ulster,13,1354,198,9234,0.06565656565656566,9.0,0.03764812436466016
28829,2020-05-04,Ulster,3,1357,104,9338,0.028846153846153848,9.0,0.031349901311117964
28830,2020-05-05,Ulster,26,1383,272,9610,0.09558823529411764,9.0,0.03348680084705174
28831,2020-05-06,Ulster,33,1416,298,9908,0.11073825503355705,9.0,0.035155344722541594
28832,2020-05-07,Ulster,13,1429,276,10184,0.04710144927536232,9.0,0.03448061831023754
28833,2020-05-08,Ulster,11,1440,195,10379,0.05641025641025641,8.0,0.032787743965429494
28834,2020-05-09,Ulster,10,1450,210,10589,0.047619047619047616,7.0,0.032282854509647185
28835,2020-05-10,Ulster,4,1454,135,10724,0.02962962962962963,7.0,0.029709501936294607
28836,2020-05-11,Ulster,11,1465,96,10820,0.11458333333333333,7.0,0.03583358618537886
28837,2020-05-12,Ulster,16,1481,314,11134,0.050955414012738856,7.0,0.03264552752242323
28838,2020-05-13,Ulster,14,1495,536,11670,0.026119402985074626,5.0,0.026601323804674483
28839,2020-05-14,Ulster,16,1511,431,12101,0.037122969837587005,5.0,0.02588857527340482
28840,2020-05-15,Ulster,26,1537,398,12499,0.06532663316582915,6.0,0.0265254593273743
28841,2020-05-16,Ulster,15,1552,345,12844,0.043478260869565216,7.0,0.026229688845268412
28842,2020-05-17,Ulster,5,1557,227,13071,0.022026431718061675,7.0,0.025686603280156418
28843,2020-05-18,Ulster,8,1565,177,13248,0.04519774011299435,7.0,0.020730489478703634
28844,2020-05-19,Ulster,6,1571,284,13532,0.02112676056338028,6.0,0.01859987137517802
28845,2020-05-20,Ulster,13,1584,799,14331,0.016270337922403004,6.0,0.017896366727844337
28846,2020-05-21,Ulster,11,1595,552,14883,0.019927536231884056,6.0,0.016668121470294124
28847,2020-05-22,Ulster,11,1606,418,15301,0.02631578947368421,4.0,0.013881632635140915
28848,2020-05-23,Ulster,11,1617,470,15771,0.023404255319148935,4.0,0.012447775095825465
28849,2020-05-24,Ulster,15,1632,590,16361,0.025423728813559324,5.0,0.012690439174075297
28850,2020-05-25,Ulster,6,1638,162,16523,0.037037037037037035,5.0,0.012107531811506918
28851,2020-05-26,Ulster,7,1645,355,16878,0.01971830985915493,5.0,0.012006928189776537
28852,2020-05-27,Ulster,13,1658,556,17434,0.023381294964028777,5.0,0.012514853692749805
28853,2020-05-28,Ulster,5,1663,683,18117,0.007320644216691069,4.0,0.011614361405950305
28854,2020-05-29,Ulster,15,1678,746,18863,0.020107238605898123,5.0,0.011170893486822731
28855,2020-05-30,Ulster,7,1685,529,19392,0.013232514177693762,4.0,0.010444340548147357
28856,2020-05-31,Ulster,6,1691,538,19930,0.011152416356877323,4.0,0.009424961086955787
28857,2020-06-01,Ulster,5,1696,327,20257,0.01529051987767584,4.0,0.0078716384327157
28858,2020-06-02,Ulster,5,1701,504,20761,0.00992063492063492,4.0,0.007171804508535702
28859,2020-06-03,Ulster,3,1704,617,21378,0.004862236628849271,3.0,0.005849014627451451
28860,2020-06-04,Ulster,7,1711,1121,22499,0.006244424620874219,3.0,0.005772141799178819
28861,2020-06-05,Ulster,3,1714,776,23275,0.003865979381443299,2.0,0.004612051854574902
28862,2020-06-06,Ulster,4,1718,600,23875,0.006666666666666667,2.0,0.004143062746644396
28863,2020-06-07,Ulster,3,1721,644,24519,0.004658385093167702,2.0,0.0036792033706651364
28864,2020-06-08,Ulster,3,1724,403,24922,0.007444168734491315,2.0,0.003118749717580528
28865,2020-06-09,Ulster,2,1726,402,25324,0.004975124378109453,1.0,0.002765498964542995
28866,2020-06-10,Ulster,3,1729,609,25933,0.0049261083743842365,1.0,0.0027700612320812066
28867,2020-06-11,Ulster,5,1734,731,26664,0.006839945280437756,1.0,0.0028125984220500307
28868,2020-06-12,Ulster,5,1739,666,27330,0.0075075075075075074,1.0,0.00307270757391176
28869,2020-06-13,Ulster,2,1741,506,27836,0.003952569169960474,1.0,0.0028788434670041748
28870,2020-06-14,Ulster,0,1741,502,28338,0.0,1.0,0.0025461016746350534
28871,2020-06-15,Ulster,1,1742,546,28884,0.0018315018315018315,1.0,0.00214519689585009
28872,2020-06-16,Ulster,2,1744,578,29462,0.0034602076124567475,1.0,0.002036988555446325
28873,2020-06-17,Ulster,2,1746,740,30202,0.002702702702702703,1.0,0.00187817386461193
28874,2020-06-18,Ulster,3,1749,820,31022,0.003658536585365854,1.0,0.0016509303863925084
28875,2020-06-19,Ulster,1,1750,560,31582,0.0017857142857142857,0.0,0.0012422308705501354
28876,2020-06-20,Ulster,4,1754,706,32288,0.0056657223796034,0.0,0.0013645989569532016
28877,2020-06-21,Ulster,2,1756,583,32871,0.003430531732418525,1.0,0.001609636937840239
28878,2020-06-22,Ulster,1,1757,312,33183,0.003205128205128205,1.0,0.00170775310738498
28879,2020-06-23,Ulster,3,1760,262,33445,0.011450381679389313,1.0,0.0022784798264515915
28880,2020-06-24,Ulster,5,1765,762,34207,0.006561679790026247,1.0,0.002554121046974702
28881,2020-06-25,Ulster,3,1768,715,34922,0.004195804195804196,1.0,0.002592497304863155
28882,2020-06-26,Ulster,5,1773,902,35824,0.005543237250554324,1.0,0.0028608918023517297
28883,2020-06-27,Ulster,5,1778,541,36365,0.009242144177449169,1.0,0.0031163505021978557
28884,2020-06-28,Ulster,0,1778,359,36724,0.0,1.0,0.0028713125213108183
28885,2020-06-29,Ulster,3,1781,367,37091,0.008174386920980926,1.0,0.003226259572443155
28886,2020-06-30,Ulster,1,1782,617,37708,0.0016207455429497568,1.0,0.0025241427055546157
28887,2020-07-01,Ulster,8,1790,581,38289,0.013769363166953529,1.0,0.003038977232477993
28888,2020-07-02,Ulster,25,1815,768,39057,0.032552083333333336,3.0,0.005064425742301502
28889,2020-07-03,Ulster,10,1825,564,39621,0.01773049645390071,3.0,0.005934944256826245
28890,2020-07-04,Ulster,9,1834,698,40319,0.012893982808022923,4.0,0.006195789873295799
28891,2020-07-05,Ulster,6,1840,507,40826,0.011834319526627219,4.0,0.007041098410912029
28892,2020-07-06,Ulster,3,1843,472,41298,0.006355932203389831,4.0,0.00691120878822695
28893,2020-07-07,Ulster,2,1845,371,41669,0.005390835579514825,4.0,0.007180500933695884
28894,2020-07-08,Ulster,6,1851,690,42359,0.008695652173913044,4.0,0.006818093005621564
28895,2020-07-09,Ulster,2,1853,659,43018,0.0030349013657056147,2.0,0.004709722865076726
28896,2020-07-10,Ulster,2,1855,636,43654,0.0031446540880503146,2.0,0.003667876981801698
28897,2020-07-11,Ulster,4,1859,430,44084,0.009302325581395349,1.0,0.0034113300370425853
28898,2020-07-12,Ulster,3,1862,447,44531,0.006711409395973154,1.0,0.0030454078848530094
28899,2020-07-13,Ulster,10,1872,525,45056,0.01904761904761905,2.0,0.003951956945155097
28900,2020-07-14,Ulster,16,1888,823,45879,0.019441069258809233,3.0,0.004955545065104697
28901,2020-07-15,Ulster,6,1894,658,46537,0.00911854103343465,3.0,0.004985751412213383
28902,2020-07-16,Ulster,4,1898,734,47271,0.005449591280653951,3.0,0.005158229263281121
28903,2020-07-17,Ulster,2,1900,817,48088,0.0024479804161566705,3.0,0.0051084668581458615
28904,2020-07-18,Ulster,1,1901,345,48433,0.002898550724637681,3.0,0.004651054368377456
28905,2020-07-19,Ulster,0,1901,444,48877,0.0,2.0,0.004171667982950802
28906,2020-07-20,Ulster,5,1906,626,49503,0.007987220447284345,2.0,0.003381639511498324
28907,2020-07-21,Ulster,3,1909,540,50043,0.005555555555555556,1.0,0.002389817104123061
28908,2020-07-22,Ulster,2,1911,586,50629,0.0034129692832764505,1.0,0.0019822762648260468
28909,2020-07-23,Ulster,1,1912,598,51227,0.0016722408026755853,1.0,0.0017124655163990208
28910,2020-07-24,Ulster,4,1916,579,51806,0.0069084628670120895,1.0,0.002031071405745836
28911,2020-07-25,Ulster,9,1925,540,52346,0.016666666666666666,1.0,0.0030145082587479063
28912,2020-07-26,Ulster,1,1926,423,52769,0.002364066193853428,1.0,0.003183370129737437
28913,2020-07-27,Ulster,16,1942,796,53565,0.020100502512562814,2.0,0.004048604562971614
28914,2020-07-28,Ulster,31,1973,644,54209,0.04813664596273292,4.0,0.007090111020627139
28915,2020-07-29,Ulster,37,2010,967,55176,0.038262668045501554,7.0,0.009579375217928931
28916,2020-07-30,Ulster,11,2021,851,56027,0.012925969447708578,7.0,0.01038321297828843
28917,2020-07-31,Ulster,5,2026,642,56669,0.00778816199376947,7.0,0.010446048630199673
28918,2020-08-01,Ulster,2,2028,394,57063,0.005076142131979695,7.0,0.009618154020579178
28919,2020-08-02,Ulster,3,2031,440,57503,0.006818181818181818,7.0,0.009936305136602633
28920,2020-08-03,Ulster,8,2039,526,58029,0.015209125475285171,6.0,0.009586921062511373
28921,2020-08-04,Ulster,0,2039,407,58436,0.0,4.0,0.00614858920803045
28922,2020-08-05,Ulster,6,2045,663,59099,0.00904977375565611,2.0,0.004061953901612917
28923,2020-08-06,Ulster,4,2049,637,59736,0.006279434850863423,2.0,0.003587201430409692
28924,2020-08-07,Ulster,8,2057,577,60313,0.01386481802426343,2.0,0.00402124828973069
28925,2020-08-08,Ulster,5,2062,669,60982,0.007473841554559043,2.0,0.004192512534200643
28926,2020-08-09,Ulster,10,2072,480,61462,0.020833333333333332,2.0,0.005193594785282894
28927,2020-08-10,Ulster,4,2076,479,61941,0.008350730688935281,2.0,0.004703709443400759
28928,2020-08-11,Ulster,1,2077,409,62350,0.0024449877750611247,2.0,0.004878351427333697
28929,2020-08-12,Ulster,4,2081,654,63004,0.0061162079510703364,2.0,0.004668811012720426
28930,2020-08-13,Ulster,5,2086,595,63599,0.008403361344537815,2.0,0.004820520047982883
28931,2020-08-14,Ulster,3,2089,981,64580,0.0030581039755351682,2.0,0.00404861190164515
28932,2020-08-15,Ulster,6,2095,715,65295,0.008391608391608392,2.0,0.004114166675720103
28933,2020-08-16,Ulster,3,2098,345,65640,0.008695652173913044,1.0,0.003247189450047226
28934,2020-08-17,Ulster,2,2100,489,66129,0.00408997955010225,1.0,0.002942850082987724
28935,2020-08-18,Ulster,6,2106,729,66858,0.00823045267489712,2.0,0.0033560975758331517
28936,2020-08-19,Ulster,7,2113,663,67521,0.010558069381598794,2.0,0.00367337339229947
28937,2020-08-20,Ulster,2,2115,741,68262,0.002699055330634278,2.0,0.0032659229627349314
28938,2020-08-21,Ulster,11,2126,563,68825,0.019538188277087035,2.0,0.004443071841417208
28939,2020-08-22,Ulster,1,2127,593,69418,0.0016863406408094434,2.0,0.003964124144931569
28940,2020-08-23,Ulster,7,2134,482,69900,0.014522821576763486,2.0,0.004380350530849458
28941,2020-08-24,Ulster,3,2137,530,70430,0.005660377358490566,2.0,0.004492521802877195
28942,2020-08-25,Ulster,4,2141,581,71011,0.0068846815834767644,2.0,0.004396395296347169
28943,2020-08-26,Ulster,11,2152,937,71948,0.011739594450373533,2.0,0.004480789944116792
28944,2020-08-27,Ulster,3,2155,692,72640,0.004335260115606936,2.0,0.004597661714471983
28945,2020-08-28,Ulster,7,2162,899,73539,0.00778642936596218,2.0,0.0037582503636773507
28946,2020-08-29,Ulster,6,2168,973,74512,0.006166495375128468,2.0,0.004078261416128709
28947,2020-08-30,Ulster,7,2175,608,75120,0.011513157894736841,2.0,0.003863285438841092
28948,2020-08-31,Ulster,1,2176,619,75739,0.0016155088852988692,2.0,0.0035743662621845417
28949,2020-09-01,Ulster,2,2178,865,76604,0.0023121387283236996,2.0,0.0032477560582450373
28950,2020-09-02,Ulster,12,2190,1057,77661,0.011352885525070956,2.0,0.0032201339921519964
28951,2020-09-03,Ulster,6,2196,679,78340,0.008836524300441826,2.0,0.0035416528624973463
28952,2020-09-04,Ulster,3,2199,722,79062,0.004155124653739612,2.0,0.0032822739544814484
28953,2020-09-05,Ulster,2,2201,762,79824,0.0026246719160104987,2.0,0.0030292865645444506
28954,2020-09-06,Ulster,2,2203,534,80358,0.003745318352059925,2.0,0.002474440882924671
28955,2020-09-07,Ulster,0,2203,292,80650,0.0,1.0,0.0023590473911176088
28956,2020-09-08,Ulster,0,2203,469,81119,0.0,1.0,0.002193894624808773
28957,2020-09-09,Ulster,1,2204,529,81648,0.001890359168241966,1.0,0.0015179998850352733
28958,2020-09-10,Ulster,5,2209,811,82459,0.006165228113440197,0.0,0.001327193014535157
28959,2020-09-11,Ulster,6,2215,677,83136,0.008862629246676515,1.0,0.0016634433426020788
28960,2020-09-12,Ulster,3,2218,730,83866,0.00410958904109589,1.0,0.0017695088515367492
28961,2020-09-13,Ulster,1,2219,487,84353,0.002053388090349076,1.0,0.0016486566899859747
28962,2020-09-14,Ulster,6,2225,453,84806,0.013245033112582781,1.0,0.002594730483741887
28963,2020-09-15,Ulster,4,2229,481,85287,0.008316008316008316,1.0,0.0031887310777424815
28964,2020-09-16,Ulster,2,2231,661,85948,0.0030257186081694403,1.0,0.003269828180594444
28965,2020-09-17,Ulster,4,2235,597,86545,0.006700167504187605,1.0,0.0033080381370764016
28966,2020-09-18,Ulster,4,2239,729,87274,0.0054869684499314125,1.0,0.0030669195087374658
28967,2020-09-19,Ulster,3,2242,677,87951,0.004431314623338257,1.0,0.003089899907469064
28968,2020-09-20,Ulster,0,2242,445,88396,0.0,1.0,0.002943229329586987
28969,2020-09-21,Ulster,2,2244,500,88896,0.004,1.0,0.0022828698215453594
28970,2020-09-22,Ulster,0,2244,426,89322,0.0,1.0,0.0016888692275447653
28971,2020-09-23,Ulster,10,2254,708,90030,0.014124293785310734,1.0,0.002481624597340572
28972,2020-09-24,Ulster,1,2255,632,90662,0.0015822784810126582,1.0,0.0021160610956852187
28973,2020-09-25,Ulster,1,2256,810,91472,0.0012345679012345679,1.0,0.00181231819934973
28974,2020-09-26,Ulster,4,2260,631,92103,0.006339144215530904,1.0,0.0019485917416492047
28975,2020-09-27,Ulster,4,2264,406,92509,0.009852216748768473,1.0,0.0026523215094183816
28976,2020-09-28,Ulster,8,2272,837,93346,0.009557945041816009,2.0,0.0030493175838338105
28977,2020-09-29,Ulster,8,2280,516,93862,0.015503875968992248,2.0,0.004156737295904685
28978,2020-09-30,Ulster,2,2282,839,94701,0.0023837902264600714,2.0,0.0033181298988439233
28979,2020-10-01,Ulster,11,2293,867,95568,0.012687427912341407,2.0,0.004111354858224549
28980,2020-10-02,Ulster,10,2303,720,96288,0.013888888888888888,3.0,0.005015234928771285
28981,2020-10-03,Ulster,12,2315,975,97263,0.012307692307692308,3.0,0.0054415597924971
28982,2020-10-04,Ulster,9,2324,512,97775,0.017578125,4.0,0.00599341038187078
28983,2020-10-05,Ulster,5,2329,508,98283,0.00984251968503937,4.0,0.006013737142101021
28984,2020-10-06,Ulster,6,2335,840,99123,0.007142857142857143,3.0,0.005416521511662799
28985,2020-10-07,Ulster,8,2343,1182,100305,0.00676818950930626,4.0,0.005729692889008956
28986,2020-10-08,Ulster,6,2349,1100,101405,0.005454545454545455,4.0,0.005213058427737816
28987,2020-10-09,Ulster,6,2355,919,102324,0.006528835690968444,3.0,0.004687340342172069
28988,2020-10-10,Ulster,3,2358,1077,103401,0.002785515320334262,3.0,0.004007184843075067
28989,2020-10-11,Ulster,8,2366,985,104386,0.008121827411167513,3.0,0.003331735015301318
28990,2020-10-12,Ulster,11,2377,537,104923,0.020484171322160148,3.0,0.004091852989381374
28991,2020-10-13,Ulster,9,2386,612,105535,0.014705882352941176,3.0,0.004632069075815947
28992,2020-10-14,Ulster,6,2392,1140,106675,0.005263157894736842,3.0,0.004524566817632418
28993,2020-10-15,Ulster,3,2395,921,107596,0.003257328990228013,3.0,0.004367622784466886
28994,2020-10-16,Ulster,7,2402,1242,108838,0.005636070853462158,3.0,0.004303853867502151
28995,2020-10-17,Ulster,9,2411,896,109734,0.010044642857142858,3.0,0.004822362977274193
28996,2020-10-18,Ulster,4,2415,979,110713,0.0040858018386108275,3.0,0.004534075436377288
28997,2020-10-19,Ulster,4,2419,773,111486,0.00517464424320828,3.0,0.0034405377878807255
28998,2020-10-20,Ulster,9,2428,502,111988,0.017928286852589643,3.0,0.003670709537855616
28999,2020-10-21,Ulster,8,2436,996,112984,0.008032128514056224,3.0,0.0038684931535212857
29000,2020-10-22,Ulster,14,2450,947,113931,0.014783526927138331,3.0,0.004691793006157736
29001,2020-10-23,Ulster,9,2459,963,114894,0.009345794392523364,4.0,0.0049567732589478235
29002,2020-10-24,Ulster,12,2471,781,115675,0.015364916773367477,4.0,0.005336792824392439
29003,2020-10-25,Ulster,29,2500,545,116220,0.05321100917431193,6.0,0.008845736205513946
29004,2020-10-26,Ulster,15,2515,1100,117320,0.013636363636363636,6.0,0.009450144733596472
29005,2020-10-27,Ulster,3,2518,583,117903,0.005145797598627788,6.0,0.00853710978688491
29006,2020-10-28,Ulster,13,2531,1156,119059,0.01124567474048443,6.0,0.008766648803058354
29007,2020-10-29,Ulster,7,2538,836,119895,0.008373205741626795,6.0,0.008308768718378958
29008,2020-10-30,Ulster,9,2547,1054,120949,0.008538899430740038,6.0,0.008251133363965863
29009,2020-10-31,Ulster,9,2556,1277,122226,0.007047768206734534,6.0,0.007657051323492083
29010,2020-11-01,Ulster,3,2559,844,123070,0.0035545023696682463,4.0,0.004110157980303247
29011,2020-11-02,Ulster,9,2568,782,123852,0.011508951406649617,3.0,0.003958199963895103
29012,2020-11-03,Ulster,7,2575,782,124634,0.008951406649616368,4.0,0.0042300291818228595
29013,2020-11-04,Ulster,13,2588,960,125594,0.013541666666666667,4.0,0.00439402860512159
29014,2020-11-05,Ulster,11,2599,1074,126668,0.010242085661080074,4.0,0.004527520027939683
29015,2020-11-06,Ulster,8,2607,866,127534,0.009237875288683603,4.0,0.004577446874935651
29016,2020-11-07,Ulster,19,2626,1632,129166,0.011642156862745098,5.0,0.0049056174932221195
29017,2020-11-08,Ulster,21,2647,1262,130428,0.01664025356576862,6.0,0.0058403140072292884
29018,2020-11-09,Ulster,23,2670,1130,131558,0.020353982300884955,7.0,0.0064721019282461
29019,2020-11-10,Ulster,24,2694,1192,132750,0.020134228187919462,8.0,0.00727087489526775
29020,2020-11-11,Ulster,23,2717,1191,133941,0.019311502938706968,9.0,0.007683006057556342
29021,2020-11-12,Ulster,21,2738,1167,135108,0.017994858611825194,9.0,0.008236775554038135
29022,2020-11-13,Ulster,30,2768,1752,136860,0.017123287671232876,11.0,0.008800019295648798
29023,2020-11-14,Ulster,20,2788,724,137584,0.027624309392265192,11.0,0.009941601619185947
29024,2020-11-15,Ulster,12,2800,1133,138717,0.01059135039717564,10.0,0.009509537107143593
29025,2020-11-16,Ulster,35,2835,1449,140166,0.024154589371980676,11.0,0.009781009040793287
29026,2020-11-17,Ulster,30,2865,1015,141181,0.029556650246305417,12.0,0.010454039187820856
29027,2020-11-18,Ulster,72,2937,1669,142850,0.04313960455362492,15.0,0.012156046446029281
29028,2020-11-19,Ulster,32,2969,1223,144073,0.02616516762060507,16.0,0.012739639946656417
29029,2020-11-20,Ulster,35,3004,2320,146393,0.015086206896551725,16.0,0.012594134177036333
29030,2020-11-21,Ulster,19,3023,1752,148145,0.010844748858447488,16.0,0.011395594138906496
29031,2020-11-22,Ulster,50,3073,2193,150338,0.022799817601459188,19.0,0.012267627510641034
29032,2020-11-23,Ulster,36,3109,1178,151516,0.030560271646859084,19.0,0.01272517624456092
29033,2020-11-24,Ulster,32,3141,955,152471,0.033507853403141365,19.0,0.013007405041477776
29034,2020-11-25,Ulster,39,3180,1759,154230,0.022171688459351906,17.0,0.011509696749029701
29035,2020-11-26,Ulster,58,3238,2492,156722,0.023274478330658106,19.0,0.011303218942604918
29036,2020-11-27,Ulster,38,3276,1049,157771,0.03622497616777884,19.0,0.012813131033406856
29037,2020-11-28,Ulster,49,3325,918,158689,0.05337690631808279,21.0,0.015851142280523662
29038,2020-11-29,Ulster,56,3381,1287,159976,0.04351204351204351,22.0,0.017330586988422544
29039,2020-11-30,Ulster,53,3434,1074,161050,0.049348230912476726,23.0,0.018672584078823804
29040,2020-12-01,Ulster,65,3499,1402,162452,0.046362339514978604,25.0,0.01959076165824075
29041,2020-12-02,Ulster,107,3606,1548,164000,0.06912144702842377,30.0,0.02294431584174588
29042,2020-12-03,Ulster,91,3697,1823,165823,0.049917718047174986,32.0,0.024847404392925654
29043,2020-12-04,Ulster,76,3773,1796,167619,0.042316258351893093,35.0,0.025282495977505252
29044,2020-12-05,Ulster,85,3858,1433,169052,0.05931612002791347,38.0,0.02570672552820744
29045,2020-12-06,Ulster,39,3897,1057,170109,0.036896877956480605,36.0,0.025234213702810086
29046,2020-12-07,Ulster,77,3974,1213,171322,0.06347897774113767,38.0,0.026243552762000157
29047,2020-12-08,Ulster,55,4029,1180,172502,0.046610169491525424,37.0,0.026261254903182072
29048,2020-12-09,Ulster,74,4103,1256,173758,0.0589171974522293,35.0,0.0255323799334539
29049,2020-12-10,Ulster,73,4176,1792,175550,0.040736607142857144,34.0,0.024876586297431193
29050,2020-12-11,Ulster,75,4251,1679,177229,0.04466944609886837,34.0,0.025044671136500853
29051,2020-12-12,Ulster,76,4327,1444,178673,0.05263157894736842,33.0,0.024567203916461923
29052,2020-12-13,Ulster,66,4393,1315,179988,0.050190114068441066,35.0,0.02551672078160196
29053,2020-12-14,Ulster,92,4485,1589,181577,0.0578980490874764,36.0,0.02511808302062615
29054,2020-12-15,Ulster,62,4547,1143,182720,0.0542432195975503,37.0,0.025663300885342213
29055,2020-12-16,Ulster,67,4614,1216,183936,0.055098684210526314,36.0,0.025390549939506287
29056,2020-12-17,Ulster,122,4736,1901,185837,0.06417674907943188,40.0,0.027064845792118767
29057,2020-12-18,Ulster,55,4791,1169,187006,0.04704875962360992,38.0,0.027234796758171732
29058,2020-12-19,Ulster,59,4850,1232,188238,0.04788961038961039,37.0,0.02689608471833188
29059,2020-12-20,Ulster,76,4926,1227,189465,0.06193969030154849,38.0,0.027735340163553838
29060,2020-12-21,Ulster,75,5001,1245,190710,0.060240963855421686,36.0,0.027902691218407074
29061,2020-12-22,Ulster,78,5079,1073,191783,0.07269338303821063,38.0,0.029220560035597094
29062,2020-12-23,Ulster,85,5164,1417,193200,0.05998588567395907,39.0,0.02956964585441372
29063,2020-12-24,Ulster,77,5241,1727,194927,0.044585987261146494,36.0,0.02817030572453619
29064,2020-12-25,Ulster,87,5328,1407,196334,0.06183368869936034,38.0,0.02922637208708979
29065,2020-12-26,Ulster,52,5380,1099,197433,0.047315741583257506,37.0,0.029185381458064586
29066,2020-12-27,Ulster,56,5436,865,198298,0.06473988439306358,36.0,0.02938539532174423
29067,2020-12-28,Ulster,62,5498,1022,199320,0.060665362035225046,35.0,0.029415709477444478
29068,2020-12-29,Ulster,74,5572,919,200239,0.08052230685527748,35.0,0.02997491832152068
29069,2020-12-30,Ulster,107,5679,1352,201591,0.07914201183431953,36.0,0.03134321304726071
29070,2020-12-31,Ulster,137,5816,1639,203230,0.0835875533862111,41.0,0.03412903919905104
29071,2021-01-01,Ulster,119,5935,1685,204915,0.07062314540059347,43.0,0.03475685753485341
29072,2021-01-02,Ulster,84,6019,1111,206026,0.07560756075607561,45.0,0.036777701761483275
29073,2021-01-03,Ulster,70,6089,847,206873,0.08264462809917356,46.0,0.03805661202620541
29074,2021-01-04,Ulster,97,6186,1011,207884,0.09594460929772503,49.0,0.04057655825924113
29075,2021-01-05,Ulster,118,6304,1431,209315,0.08245981830887492,52.0,0.04071495193449809
29076,2021-01-06,Ulster,113,6417,1801,211116,0.06274292059966685,52.0,0.03954358827488004
29077,2021-01-07,Ulster,140,6557,1934,213050,0.07238883143743537,52.0,0.038743679564253196
29078,2021-01-08,Ulster,120,6677,1658,214708,0.07237635705669482,53.0,0.03886890896826044
29079,2021-01-09,Ulster,158,6835,2050,216758,0.07707317073170732,58.0,0.03897359539509127
29080,2021-01-10,Ulster,92,6927,1376,218134,0.06686046511627906,59.0,0.037846155182027386
29081,2021-01-11,Ulster,111,7038,1401,219535,0.07922912205567452,60.0,0.03665219180759521
29082,2021-01-12,Ulster,69,7107,1043,220578,0.06615532118887824,57.0,0.03548758487045258
29083,2021-01-13,Ulster,74,7181,1558,222136,0.04749679075738126,54.0,0.034398575596003615
29084,2021-01-14,Ulster,156,7337,2312,224448,0.06747404844290658,55.0,0.03404751966782298
29085,2021-01-15,Ulster,111,7448,2110,226558,0.05260663507109005,55.0,0.03263539666885122
29086,2021-01-16,Ulster,100,7548,1589,228147,0.06293266205160478,50.0,0.03162536033455818
29087,2021-01-17,Ulster,94,7642,1704,229851,0.05516431924882629,51.0,0.030789921344025833
29088,2021-01-18,Ulster,103,7745,1249,231100,0.08246597277822258,50.0,0.031021124967064984
29089,2021-01-19,Ulster,77,7822,1123,232223,0.06856634016028496,51.0,0.03119334060787975
29090,2021-01-20,Ulster,79,7901,1749,233972,0.04516866781017725,51.0,0.03102704611165089
29091,2021-01-21,Ulster,116,8017,2411,236383,0.04811281625881377,48.0,0.029644100955644265
29092,2021-01-22,Ulster,112,8129,1748,238131,0.06407322654462243,48.0,0.030463143203753724
29093,2021-01-23,Ulster,98,8227,1708,239839,0.05737704918032787,48.0,0.03006631371294823
29094,2021-01-24,Ulster,74,8301,1820,241659,0.04065934065934066,47.0,0.02903024381369925
29095,2021-01-25,Ulster,87,8388,1151,242810,0.07558644656820157,45.0,0.028538849084412034
29096,2021-01-26,Ulster,54,8442,1210,244020,0.04462809917355372,44.0,0.026828974728216947
29097,2021-01-27,Ulster,91,8533,1871,245891,0.04863709246392304,45.0,0.027076719346341645
29098,2021-01-28,Ulster,82,8615,1842,247733,0.04451682953311618,42.0,0.026819863151648964
29099,2021-01-29,Ulster,101,8716,1916,249649,0.05271398747390397,41.0,0.02600848893231193
29100,2021-01-30,Ulster,62,8778,2351,252000,0.026371756699276903,39.0,0.02379382518366543
29101,2021-01-31,Ulster,80,8858,1386,253386,0.05772005772005772,39.0,0.025012447830859506
29102,2021-02-01,Ulster,41,8899,1056,254442,0.038825757575757576,36.0,0.02238668433139922
29103,2021-02-02,Ulster,10,8909,585,255027,0.017094017094017096,33.0,0.02041996418286089
29104,2021-02-03,Ulster,46,8955,1002,256029,0.04590818363273453,30.0,0.020225042123490283
29105,2021-02-04,Ulster,59,9014,1459,257488,0.04043865661411926,28.0,0.019933744057847647
29106,2021-02-05,Ulster,50,9064,1998,259486,0.025025025025025027,24.0,0.017955961025784863
29107,2021-02-06,Ulster,57,9121,1791,261277,0.031825795644891124,24.0,0.01834553523618588
29108,2021-02-07,Ulster,49,9170,1462,262739,0.033515731874145006,22.0,0.016616654818620687
29109,2021-02-08,Ulster,46,9216,1311,264050,0.03508771929824561,22.0,0.016349652084512688
29110,2021-02-09,Ulster,60,9276,1148,265198,0.05226480836236934,26.0,0.018861851460823562
29111,2021-02-10,Ulster,69,9345,2532,267730,0.027251184834123223,27.0,0.017529208689494185
29112,2021-02-11,Ulster,37,9382,1361,269091,0.02718589272593681,26.0,0.01658258269748115
29113,2021-02-12,Ulster,44,9426,1901,270992,0.023145712782745922,25.0,0.016448346108746934
29114,2021-02-13,Ulster,38,9464,1917,272909,0.0198226395409494,24.0,0.015590977815608236
29115,2021-02-14,Ulster,34,9498,1368,274277,0.024853801169590642,23.0,0.01497226847956864
29116,2021-02-15,Ulster,43,9541,813,275090,0.05289052890528905,23.0,0.0162438977372146
29117,2021-02-16,Ulster,28,9569,1208,276298,0.023178807947019868,20.0,0.014166326278975351
29118,2021-02-17,Ulster,35,9604,1110,277408,0.03153153153153153,18.0,0.014472065328790232
29119,2021-02-18,Ulster,54,9658,1641,279049,0.03290676416819013,19.0,0.014880699003236896
29120,2021-02-19,Ulster,40,9698,3156,282205,0.012674271229404309,19.0,0.014132738892283924
29121,2021-02-20,Ulster,56,9754,2910,285115,0.019243986254295534,20.0,0.014091406514665792
29122,2021-02-21,Ulster,26,9780,1067,286182,0.02436738519212746,20.0,0.014056662516275563
29123,2021-02-22,Ulster,32,9812,970,287152,0.032989690721649485,19.0,0.012635174074587021
29124,2021-02-23,Ulster,42,9854,1349,288501,0.031134173461823574,20.0,0.013203414468501571
29125,2021-02-24,Ulster,44,9898,2230,290731,0.019730941704035873,21.0,0.012360515195109027
29126,2021-02-25,Ulster,42,9940,2199,292930,0.019099590723055934,20.0,0.011374288520456582
29127,2021-02-26,Ulster,41,9981,2227,295157,0.018410417602155366,20.0,0.011784013261367373
29128,2021-02-27,Ulster,56,10037,3760,298917,0.014893617021276596,20.0,0.01147327260186602
29129,2021-02-28,Ulster,32,10069,1151,300068,0.02780191138140747,20.0,0.011718595901100306
29130,2021-03-01,Ulster,27,10096,862,300930,0.031322505800464036,20.0,0.011599511263872774
29131,2021-03-02,Ulster,50,10146,1470,302400,0.034013605442176874,20.0,0.011805184976755154
29132,2021-03-03,Ulster,60,10206,1448,303848,0.04143646408839779,22.0,0.013355579432781003
29133,2021-03-04,Ulster,32,10238,2100,305948,0.015238095238095238,21.0,0.013079758326712381
29134,2021-03-05,Ulster,41,10279,2555,308503,0.01604696673189824,21.0,0.012910940407408302
29135,2021-03-06,Ulster,52,10331,2813,311316,0.01848560255954497,21.0,0.0131675108029989
29136,2021-03-07,Ulster,26,10357,964,312280,0.026970954356846474,20.0,0.013108156729815973
29137,2021-03-08,Ulster,68,10425,1324,313604,0.0513595166163142,23.0,0.014539371788090987
29138,2021-03-09,Ulster,49,10474,1307,314911,0.03749043611323642,23.0,0.01478771683602381
29139,2021-03-10,Ulster,49,10523,2153,317064,0.02275894101254064,22.0,0.013453608044891156
29140,2021-03-11,Ulster,96,10619,2043,319107,0.04698972099853157,27.0,0.01572158131349375
29141,2021-03-12,Ulster,71,10690,2690,321797,0.026394052044609664,29.0,0.016460658835830283
29142,2021-03-13,Ulster,57,10747,1095,322892,0.052054794520547946,29.0,0.018858458261616213
29143,2021-03-14,Ulster,37,10784,1671,324563,0.022142429682824656,30.0,0.018513563642043224
29144,2021-03-15,Ulster,58,10842,1358,325921,0.042709867452135494,29.0,0.0178957315588876
29145,2021-03-16,Ulster,51,10893,860,326781,0.05930232558139535,29.0,0.019453723663756094
29146,2021-03-17,Ulster,80,10973,1742,328523,0.045924225028702644,32.0,0.021108386807767665
29147,2021-03-18,Ulster,64,11037,3001,331524,0.021326224591802733,29.0,0.019275279921572748
29148,2021-03-19,Ulster,86,11123,2063,333587,0.04168686379059622,30.0,0.020367623617714648
29149,2021-03-20,Ulster,80,11203,2218,335805,0.03606853020739405,32.0,0.01922574759534651
29150,2021-03-21,Ulster,71,11274,1803,337608,0.03937881308929562,35.0,0.020456917838665867
29151,2021-03-22,Ulster,80,11354,1376,338984,0.05813953488372093,36.0,0.021559036940921966
29152,2021-03-23,Ulster,91,11445,1442,340426,0.06310679611650485,39.0,0.021830784836286928
29153,2021-03-24,Ulster,83,11528,2327,342753,0.035668242372152985,39.0,0.021098214646533383
29154,2021-03-25,Ulster,63,11591,1688,344441,0.037322274881516584,39.0,0.02224078966722723
29155,2021-03-26,Ulster,92,11683,2602,347043,0.035357417371252885,40.0,0.02178868635155985
29156,2021-03-27,Ulster,104,11787,2753,349796,0.03777697057755176,41.0,0.021910717806571115
29157,2021-03-28,Ulster,72,11859,1298,351094,0.05546995377503852,41.0,0.02306008499840989
29158,2021-03-29,Ulster,59,11918,1485,352579,0.03973063973063973,40.0,0.021745163916046955
29159,2021-03-30,Ulster,61,11979,1607,354186,0.037958929682638455,38.0,0.019948887742199353
29160,2021-03-31,Ulster,79,12058,1529,355715,0.051667756703727925,37.0,0.021091710194454705
29161,2021-04-01,Ulster,68,12126,1890,357605,0.03597883597883598,38.0,0.020995750272834658
29162,2021-04-02,Ulster,79,12205,1775,359380,0.044507042253521124,37.0,0.02164929490728239
29163,2021-04-03,Ulster,66,12271,1552,360932,0.04252577319587629,34.0,0.021988495094305567
29164,2021-04-04,Ulster,51,12322,1294,362226,0.03941267387944358,33.0,0.020841546530334508
29165,2021-04-05,Ulster,56,12378,1113,363339,0.050314465408805034,32.0,0.021597534078774884
29166,2021-04-06,Ulster,59,12437,1247,364586,0.04731355252606255,32.0,0.022265721424733747
29167,2021-04-07,Ulster,65,12502,1913,366499,0.03397804495556717,31.0,0.021002170585579412
29168,2021-04-08,Ulster,86,12588,2299,368798,0.037407568508046975,33.0,0.021104222909094483
29169,2021-04-09,Ulster,76,12664,1872,370670,0.0405982905982906,32.0,0.0208250263622923
29170,2021-04-10,Ulster,48,12712,1829,372499,0.026243849097867686,31.0,0.019662031783863113
29171,2021-04-11,Ulster,43,12755,905,373404,0.04751381215469613,30.0,0.020240684517809724
29172,2021-04-12,Ulster,36,12791,930,374334,0.03870967741935484,29.0,0.019411771089991852
29173,2021-04-13,Ulster,44,12835,1525,375859,0.028852459016393443,28.0,0.018093121553586916
29174,2021-04-14,Ulster,47,12882,2616,378475,0.017966360856269112,27.0,0.016949429832208485
29175,2021-04-15,Ulster,37,12919,1193,379668,0.03101424979044426,23.0,0.016492764209522576
29176,2021-04-16,Ulster,53,12972,1190,380858,0.04453781512605042,22.0,0.01677415881864828
29177,2021-04-17,Ulster,67,13039,2350,383208,0.02851063829787234,23.0,0.016936072332934322
29178,2021-04-18,Ulster,43,13082,1346,384554,0.03194650817236255,23.0,0.015824122048481926
29179,2021-04-19,Ulster,34,13116,850,385404,0.04,23.0,0.015916287947099438
29180,2021-04-20,Ulster,43,13159,1460,386864,0.02945205479452055,23.0,0.01595911621696566
29181,2021-04-21,Ulster,46,13205,1579,388443,0.029132362254591513,23.0,0.01675668774541726
29182,2021-04-22,Ulster,46,13251,1504,389947,0.030585106382978722,23.0,0.016726034644884008
29183,2021-04-23,Ulster,36,13287,1724,391671,0.02088167053364269,22.0,0.015036310031140598
29184,2021-04-24,Ulster,36,13323,1893,393564,0.01901743264659271,20.0,0.014358223913192053
29185,2021-04-25,Ulster,36,13359,954,394518,0.03773584905660377,19.0,0.014771748262066425
29186,2021-04-26,Ulster,28,13387,896,395414,0.03125,19.0,0.014146748262066425
29187,2021-04-27,Ulster,25,13412,1523,396937,0.016414970453053186,18.0,0.013215527951961615
29188,2021-04-28,Ulster,34,13446,1435,398372,0.023693379790940768,17.0,0.01282702920455799
29189,2021-04-29,Ulster,34,13480,1511,399883,0.022501654533421574,16.0,0.01224963978673248
29190,2021-04-30,Ulster,37,13517,1852,401735,0.01997840172786177,16.0,0.012185120586319554
29191,2021-05-01,Ulster,20,13537,1645,403380,0.0121580547112462,15.0,0.011695165019509091
29192,2021-05-02,Ulster,22,13559,1017,404397,0.021632251720747297,14.0,0.010544908066947913
29193,2021-05-03,Ulster,17,13576,612,405009,0.027777777777777776,13.0,0.01029689219393204
29194,2021-05-04,Ulster,20,13596,1249,406258,0.016012810248198558,13.0,0.010268166465013854
29195,2021-05-05,Ulster,24,13620,1285,407543,0.01867704280155642,12.0,0.009909856680057828
29196,2021-05-06,Ulster,18,13638,1451,408994,0.012405237767057202,11.0,0.009188684053888946
29197,2021-05-07,Ulster,25,13663,1659,410653,0.015069318866787222,10.0,0.008838035278097905
29198,2021-05-08,Ulster,16,13679,1213,411866,0.013190436933223413,10.0,0.008911776865381993
29199,2021-05-09,Ulster,12,13691,987,412853,0.0121580547112462,9.0,0.008235048507560485
29200,2021-05-10,Ulster,14,13705,895,413748,0.01564245810055866,9.0,0.0073682399591876915
29201,2021-05-11,Ulster,12,13717,987,414735,0.0121580547112462,8.0,0.007092900277976808
29202,2021-05-12,Ulster,16,13733,1463,416198,0.010936431989063569,8.0,0.006539999505655891
29203,2021-05-13,Ulster,14,13747,1113,417311,0.012578616352201259,7.0,0.006552383690309038
29204,2021-05-14,Ulster,15,13762,1205,418516,0.012448132780082987,7.0,0.006365156112687307
29205,2021-05-15,Ulster,15,13777,1259,419775,0.011914217633042097,7.0,0.006273997591245784
29206,2021-05-16,Ulster,11,13788,574,420349,0.01916376306620209,6.0,0.00677440533088549
29207,2021-05-17,Ulster,7,13795,652,421001,0.010736196319018405,6.0,0.006423958060775471
29208,2021-05-18,Ulster,6,13801,896,421897,0.006696428571428571,6.0,0.006033841907931355
29209,2021-05-19,Ulster,12,13813,1088,422985,0.011029411764705883,5.0,0.006040483320477234
29210,2021-05-20,Ulster,8,13821,1289,424274,0.0062063615205585725,5.0,0.005585322261074186
29211,2021-05-21,Ulster,4,13825,1104,425378,0.0036231884057971015,4.0,0.004954969091482337
29212,2021-05-22,Ulster,13,13838,1038,426416,0.012524084778420038,4.0,0.004998531030437904
29213,2021-05-23,Ulster,6,13844,533,426949,0.01125703564727955,4.0,0.004433764786229152
29214,2021-05-24,Ulster,7,13851,666,427615,0.010510510510510511,4.0,0.0044176443713357305
29215,2021-05-25,Ulster,1,13852,766,428381,0.0013054830287206266,3.0,0.004032576832570877
29216,2021-05-26,Ulster,2,13854,999,429380,0.002002002002002002,2.0,0.0033877618495206006
29217,2021-05-27,Ulster,7,13861,977,430357,0.007164790174002047,2.0,0.003456221039052277
29218,2021-05-28,Ulster,3,13864,673,431030,0.004457652303120356,2.0,0.0035158256031467944
29219,2021-05-29,Ulster,3,13867,969,431999,0.0030959752321981426,2.0,0.002842389206988088
29220,2021-05-30,Ulster,5,13872,493,432492,0.010141987829614604,2.0,0.002762742934297735
29221,2021-05-31,Ulster,1,13873,313,432805,0.003194888178913738,1.0,0.0022401984820408227
29222,2021-06-01,Ulster,3,13876,319,433124,0.009404388714733543,1.0,0.00281869174532746
29223,2021-06-02,Ulster,4,13880,886,434010,0.004514672686230248,1.0,0.0029981682227723343
29224,2021-06-03,Ulster,1,13881,1438,435448,0.0006954102920723226,1.0,0.0025360696597773536
29225,2021-06-04,Ulster,4,13885,807,436255,0.004956629491945477,1.0,0.002571710887550577
29226,2021-06-05,Ulster,1,13886,918,437173,0.0010893246187363835,1.0,0.0024283787008747373
29227,2021-06-06,Ulster,3,13889,536,437709,0.005597014925373134,1.0,0.0021037377791432036
29228,2021-06-07,Ulster,2,13891,620,438329,0.0032258064516129032,1.0,0.002105946227193144
29229,2021-06-08,Ulster,2,13893,947,439276,0.0021119324181626186,1.0,0.001585056491723792
29230,2021-06-09,Ulster,1,13894,998,440274,0.001002004008016032,1.0,0.0013341515861370623
29231,2021-06-10,Ulster,3,13897,898,441172,0.0033407572383073497,1.0,0.001523104939439564
29232,2021-06-11,Ulster,6,13903,836,442008,0.007177033492822967,1.0,0.0016817052252165279
29233,2021-06-12,Ulster,2,13905,936,442944,0.002136752136752137,1.0,0.0017565214765033672
29234,2021-06-13,Ulster,2,13907,416,443360,0.004807692307692308,1.0,0.0017001412895261657
29235,2021-06-14,Ulster,1,13908,357,443717,0.0028011204481792717,1.0,0.0016698065749951917
29236,2021-06-15,Ulster,3,13911,772,444489,0.0038860103626943004,1.0,0.001796526428176026
29237,2021-06-16,Ulster,1,13912,867,445356,0.0011534025374855825,1.0,0.0018073406088524224
29238,2021-06-17,Ulster,3,13915,806,446162,0.0037220843672456576,1.0,0.0018345782609194444
29239,2021-06-18,Ulster,1,13916,704,446866,0.0014204545454545455,0.0,0.0014233940503931286
29240,2021-06-19,Ulster,0,13916,456,447322,0.0,0.0,0.001270768897767976
29241,2021-06-20,Ulster,0,13916,354,447676,0.0,0.0,0.0009273623043613827
29242,2021-06-21,Ulster,1,13917,437,448113,0.002288329519450801,0.0,0.0008907343808807778
29243,2021-06-22,Ulster,1,13918,621,448734,0.001610305958132045,0.0,0.000728184066269188
29244,2021-06-23,Ulster,3,13921,825,449559,0.0036363636363636364,0.0,0.0009055384304747634
29245,2021-06-24,Ulster,3,13924,526,450085,0.005703422053231939,0.0,0.0010470625509023548
29246,2021-06-25,Ulster,1,13925,587,450672,0.0017035775127768314,0.0,0.0010672856199968037
29247,2021-06-26,Ulster,1,13926,410,451082,0.0024390243902439024,0.0,0.0012415016478713682
29248,2021-06-27,Ulster,0,13926,305,451387,0.0,0.0,0.0012415016478713682
29249,2021-06-28,Ulster,1,13927,493,451880,0.002028397565922921,0.0,0.001222935079762234
29250,2021-06-29,Ulster,0,13927,697,452577,0.0,0.0,0.0011079132256099449
29251,2021-06-30,Ulster,2,13929,653,453230,0.0030627871362940277,0.0,0.001066943475604973
29252,2021-07-01,Ulster,3,13932,406,453636,0.007389162561576354,0.0,0.0011873535119152883
29253,2021-07-02,Ulster,0,13932,549,454185,0.0,0.0,0.0010656694038598004
29254,2021-07-03,Ulster,1,13933,349,454534,0.0028653295128939827,0.0,0.0010961197697633774
29255,2021-07-04,Ulster,3,13936,332,454866,0.009036144578313253,0.0,0.0017415586682143244
29256,2021-07-05,Ulster,1,13937,226,455092,0.004424778761061947,0.0,0.0019127287535813976
29257,2021-07-06,Ulster,2,13939,266,455358,0.007518796992481203,0.0,0.0024497856816157694
29258,2021-07-07,Ulster,9,13948,697,456055,0.01291248206599713,1.0,0.003153335319451705
29259,2021-07-08,Ulster,2,13950,486,456541,0.00411522633744856,1.0,0.0029194827320140056
29260,2021-07-09,Ulster,8,13958,941,457482,0.008501594048884165,1.0,0.003526739449791446
29261,2021-07-10,Ulster,8,13966,461,457943,0.01735357917570499,2.0,0.004561614425706517
29262,2021-07-11,Ulster,1,13967,381,458324,0.0026246719160104987,2.0,0.004103652092684892
29263,2021-07-12,Ulster,6,13973,285,458609,0.021052631578947368,2.0,0.005291355865390994
29264,2021-07-13,Ulster,2,13975,790,459399,0.002531645569620253,2.0,0.004935130763758069
29265,2021-07-14,Ulster,5,13980,467,459866,0.010706638115631691,2.0,0.004777570481589109
29266,2021-07-15,Ulster,2,13982,539,460405,0.0037105751391465678,2.0,0.004748666824567538
29267,2021-07-16,Ulster,11,13993,684,461089,0.01608187134502924,2.0,0.0052901152028636145
29268,2021-07-17,Ulster,6,13999,515,461604,0.011650485436893204,2.0,0.004882751364377059
29269,2021-07-18,Ulster,2,14001,266,461870,0.007518796992481203,2.0,0.005232331726982109
29270,2021-07-19,Ulster,3,14004,364,462234,0.008241758241758242,2.0,0.004317269345754314
29271,2021-07-20,Ulster,9,14013,586,462820,0.015358361774744027,2.0,0.005233463360406012
29272,2021-07-21,Ulster,7,14020,551,463371,0.012704174228675136,2.0,0.005376144511337687
29273,2021-07-22,Ulster,11,14031,593,463964,0.01854974704890388,3.0,0.006436085362034638
29274,2021-07-23,Ulster,12,14043,692,464656,0.017341040462427744,3.0,0.006526026013277388
29275,2021-07-24,Ulster,12,14055,530,465186,0.022641509433962263,4.0,0.007311099155925179
29276,2021-07-25,Ulster,5,14060,365,465551,0.0136986301369863,4.0,0.0077525158091041125
29277,2021-07-26,Ulster,14,14074,350,465901,0.04,5.0,0.010020961648978524
29278,2021-07-27,Ulster,10,14084,531,466432,0.018832391713747645,5.0,0.010269106644621643
29279,2021-07-28,Ulster,12,14096,523,466955,0.022944550669216062,5.0,0.011000562104660277
29280,2021-07-29,Ulster,15,14111,525,467480,0.02857142857142857,5.0,0.011716396499126328
29281,2021-07-30,Ulster,20,14131,675,468155,0.02962962962962963,6.0,0.012594152868212177
29282,2021-07-31,Ulster,17,14148,1037,469192,0.01639344262295082,6.0,0.012147862381711361
29283,2021-08-01,Ulster,16,14164,448,469640,0.03571428571428571,7.0,0.013720409208661317
29284,2021-08-02,Ulster,22,14186,385,470025,0.05714285714285714,8.0,0.014944899004579685
29285,2021-08-03,Ulster,16,14202,841,470866,0.019024970273483946,8.0,0.01495865461598942
29286,2021-08-04,Ulster,27,14229,1058,471924,0.02551984877126654,9.0,0.015142604480421599
29287,2021-08-05,Ulster,30,14259,896,472820,0.033482142857142856,10.0,0.015493369786544047
29288,2020-03-01,Warren,0,0,0,0,,,
29289,2020-03-02,Warren,0,0,0,0,,,
29290,2020-03-03,Warren,0,0,0,0,,,
29291,2020-03-04,Warren,0,0,0,0,,,
29292,2020-03-05,Warren,0,0,0,0,,,
29293,2020-03-06,Warren,0,0,0,0,,,
29294,2020-03-07,Warren,0,0,1,1,0.0,0.0,
29295,2020-03-08,Warren,0,0,0,1,,0.0,
29296,2020-03-09,Warren,0,0,0,1,,0.0,
29297,2020-03-10,Warren,0,0,2,3,0.0,0.0,
29298,2020-03-11,Warren,0,0,1,4,0.0,0.0,
29299,2020-03-12,Warren,0,0,0,4,,0.0,
29300,2020-03-13,Warren,0,0,2,6,0.0,0.0,
29301,2020-03-14,Warren,0,0,13,19,0.0,0.0,
29302,2020-03-15,Warren,0,0,12,31,0.0,0.0,
29303,2020-03-16,Warren,0,0,14,45,0.0,0.0,
29304,2020-03-17,Warren,1,1,16,61,0.0625,0.0,
29305,2020-03-18,Warren,0,1,8,69,0.0,0.0,
29306,2020-03-19,Warren,0,1,17,86,0.0,0.0,0.004464285714285714
29307,2020-03-20,Warren,0,1,31,117,0.0,0.0,0.004464285714285714
29308,2020-03-21,Warren,0,1,28,145,0.0,0.0,0.004464285714285714
29309,2020-03-22,Warren,1,2,81,226,0.012345679012345678,0.0,0.0053461199294532625
29310,2020-03-23,Warren,0,2,8,234,0.0,0.0,0.0053461199294532625
29311,2020-03-24,Warren,0,2,52,286,0.0,0.0,0.0008818342151675485
29312,2020-03-25,Warren,0,2,16,302,0.0,0.0,0.0008818342151675485
29313,2020-03-26,Warren,6,8,54,356,0.1111111111111111,0.0,0.008818342151675485
29314,2020-03-27,Warren,5,13,59,415,0.0847457627118644,0.0,0.014871610916808655
29315,2020-03-28,Warren,5,18,38,453,0.13157894736842105,1.0,0.02427010715741016
29316,2020-03-29,Warren,0,18,3,456,0.0,1.0,0.023388272942242612
29317,2020-03-30,Warren,0,18,6,462,0.0,1.0,0.023388272942242612
29318,2020-03-31,Warren,0,18,7,469,0.0,1.0,0.023388272942242612
29319,2020-04-01,Warren,0,18,9,478,0.0,1.0,0.023388272942242612
29320,2020-04-02,Warren,1,19,11,489,0.09090909090909091,0.0,0.021945271499241168
29321,2020-04-03,Warren,1,20,7,496,0.14285714285714285,0.0,0.026096084366761058
29322,2020-04-04,Warren,5,25,13,509,0.38461538461538464,0.0,0.04417011559868703
29323,2020-04-05,Warren,1,26,12,521,0.08333333333333333,0.0,0.050122496551067985
29324,2020-04-06,Warren,5,31,15,536,0.3333333333333333,0.0,0.07393202036059178
29325,2020-04-07,Warren,2,33,14,550,0.14285714285714285,1.0,0.08413610199324484
29326,2020-04-08,Warren,7,40,31,581,0.22580645161290322,1.0,0.10026513425130935
29327,2020-04-09,Warren,3,43,21,602,0.14285714285714285,1.0,0.10397570939045593
29328,2020-04-10,Warren,1,44,17,619,0.058823529411764705,1.0,0.09797330843007178
29329,2020-04-11,Warren,2,46,20,639,0.1,1.0,0.07764363810040144
29330,2020-04-12,Warren,2,48,18,657,0.1111111111111111,1.0,0.07962776508452843
29331,2020-04-13,Warren,29,77,67,724,0.43283582089552236,3.0,0.0867350856246848
29332,2020-04-14,Warren,0,77,7,731,0.0,3.0,0.07653100399203173
29333,2020-04-15,Warren,4,81,35,766,0.11428571428571428,2.0,0.06856523704008967
29334,2020-04-16,Warren,10,91,41,807,0.24390243902439024,3.0,0.07578275819489307
29335,2020-04-17,Warren,3,94,38,845,0.07894736842105263,3.0,0.07722017526698506
29336,2020-04-18,Warren,2,96,27,872,0.07407407407407407,3.0,0.0753683234151332
29337,2020-04-19,Warren,5,101,20,892,0.25,3.0,0.08528895833576812
29338,2020-04-20,Warren,1,102,13,905,0.07692307692307693,1.0,0.05986661948059344
29339,2020-04-21,Warren,6,108,33,938,0.18181818181818182,2.0,0.07285363246760643
29340,2020-04-22,Warren,11,119,40,978,0.275,2.0,0.08433322430434112
29341,2020-04-23,Warren,3,122,38,1016,0.07894736842105263,2.0,0.07255071926124557
29342,2020-04-24,Warren,10,132,94,1110,0.10638297872340426,2.0,0.07451040571141355
29343,2020-04-25,Warren,3,135,61,1171,0.04918032786885246,2.0,0.07273228098246916
29344,2020-04-26,Warren,12,147,60,1231,0.2,3.0,0.06916085241104057
29345,2020-04-27,Warren,3,150,25,1256,0.12,3.0,0.07223777548796365
29346,2020-04-28,Warren,2,152,12,1268,0.16666666666666666,3.0,0.07115552440571257
29347,2020-04-29,Warren,24,176,105,1373,0.22857142857142856,4.0,0.06783919787510033
29348,2020-04-30,Warren,6,182,94,1467,0.06382978723404255,4.0,0.06675937064745675
29349,2020-05-01,Warren,3,185,66,1533,0.045454545454545456,3.0,0.06240733969968112
29350,2020-05-02,Warren,3,188,43,1576,0.06976744186046512,3.0,0.06387784784193917
29351,2020-05-03,Warren,4,192,53,1629,0.07547169811320754,3.0,0.054982969135739704
29352,2020-05-04,Warren,0,192,34,1663,0.0,3.0,0.046411540564311134
29353,2020-05-05,Warren,1,193,22,1685,0.045454545454545456,2.0,0.03775353190630248
29354,2020-05-06,Warren,0,193,44,1729,0.0,1.0,0.02142700129405758
29355,2020-05-07,Warren,6,199,72,1801,0.08333333333333333,1.0,0.022820111729721208
29356,2020-05-08,Warren,3,202,97,1898,0.030927835051546393,1.0,0.021782489558078415
29357,2020-05-09,Warren,5,207,149,2047,0.03355704697986577,1.0,0.019196032780892748
29358,2020-05-10,Warren,10,217,90,2137,0.1111111111111111,1.0,0.021741705137885863
29359,2020-05-11,Warren,4,221,40,2177,0.1,2.0,0.028884562280743004
29360,2020-05-12,Warren,2,223,127,2304,0.015748031496062992,2.0,0.026762668426565685
29361,2020-05-13,Warren,4,227,192,2496,0.020833333333333332,2.0,0.02825076366466092
29362,2020-05-14,Warren,1,228,137,2633,0.0072992700729927005,2.0,0.022819759146065165
29363,2020-05-15,Warren,0,228,116,2749,0.0,1.0,0.02061062807095471
29364,2020-05-16,Warren,4,232,205,2954,0.01951219512195122,1.0,0.019607424366817953
29365,2020-05-17,Warren,2,234,130,3084,0.015384615384615385,1.0,0.012769817529211117
29366,2020-05-18,Warren,1,235,52,3136,0.019230769230769232,1.0,0.007000586759980347
29367,2020-05-19,Warren,0,235,102,3238,0.0,0.0,0.005875727367404419
29368,2020-05-20,Warren,6,241,213,3451,0.028169014084507043,1.0,0.006399704563916828
29369,2020-05-21,Warren,5,246,234,3685,0.021367521367521368,1.0,0.00740457965638316
29370,2020-05-22,Warren,3,249,114,3799,0.02631578947368421,1.0,0.009284278904503462
29371,2020-05-23,Warren,1,250,159,3958,0.006289308176100629,1.0,0.008339786979799847
29372,2020-05-24,Warren,1,251,65,4023,0.015384615384615385,1.0,0.008339786979799849
29373,2020-05-25,Warren,0,251,56,4079,0.0,1.0,0.006966160606173474
29374,2020-05-26,Warren,1,252,111,4190,0.009009009009009009,1.0,0.0076096612496741175
29375,2020-05-27,Warren,1,253,116,4306,0.008620689655172414,0.0,0.006213352361864502
29376,2020-05-28,Warren,1,254,205,4511,0.004878048780487805,0.0,0.005035532891362104
29377,2020-05-29,Warren,1,255,235,4746,0.00425531914893617,0.0,0.0034597850110229577
29378,2020-05-30,Warren,0,255,255,5001,0.0,0.0,0.003010548712730056
29379,2020-05-31,Warren,0,255,112,5113,0.0,0.0,0.0019116476138289569
29380,2020-06-01,Warren,0,255,139,5252,0.0,0.0,0.0019116476138289569
29381,2020-06-02,Warren,1,256,156,5408,0.00641025641025641,0.0,0.0017260224282037715
29382,2020-06-03,Warren,0,256,344,5752,0.0,0.0,0.0011102588814057418
29383,2020-06-04,Warren,0,256,235,5987,0.0,0.0,0.0007618268256566129
29384,2020-06-05,Warren,1,257,137,6124,0.0072992700729927005,0.0,0.0009792518916606507
29385,2020-06-06,Warren,0,257,256,6380,0.0,0.0,0.0009792518916606507
29386,2020-06-07,Warren,0,257,204,6584,0.0,0.0,0.0009792518916606507
29387,2020-06-08,Warren,0,257,12,6596,0.0,0.0,0.0009792518916606507
29388,2020-06-09,Warren,0,257,189,6785,0.0,0.0,0.0005213764337851929
29389,2020-06-10,Warren,0,257,234,7019,0.0,0.0,0.0005213764337851929
29390,2020-06-11,Warren,0,257,344,7363,0.0,0.0,0.0005213764337851929
29391,2020-06-12,Warren,0,257,135,7498,0.0,0.0,0.0
29392,2020-06-13,Warren,0,257,86,7584,0.0,0.0,0.0
29393,2020-06-14,Warren,0,257,195,7779,0.0,0.0,0.0
29394,2020-06-15,Warren,0,257,62,7841,0.0,0.0,0.0
29395,2020-06-16,Warren,0,257,177,8018,0.0,0.0,0.0
29396,2020-06-17,Warren,1,258,225,8243,0.0044444444444444444,0.0,0.00031746031746031746
29397,2020-06-18,Warren,3,261,193,8436,0.015544041450777202,0.0,0.0014277489925158318
29398,2020-06-19,Warren,0,261,175,8611,0.0,0.0,0.0014277489925158318
29399,2020-06-20,Warren,0,261,155,8766,0.0,0.0,0.0014277489925158318
29400,2020-06-21,Warren,1,262,141,8907,0.0070921985815602835,0.0,0.0019343346054844237
29401,2020-06-22,Warren,0,262,62,8969,0.0,0.0,0.0019343346054844237
29402,2020-06-23,Warren,0,262,177,9146,0.0,0.0,0.0019343346054844237
29403,2020-06-24,Warren,1,263,138,9284,0.007246376811594203,0.0,0.0021344726317094062
29404,2020-06-25,Warren,0,263,101,9385,0.0,0.0,0.0010241839566538919
29405,2020-06-26,Warren,0,263,210,9595,0.0,0.0,0.0010241839566538919
29406,2020-06-27,Warren,0,263,153,9748,0.0,0.0,0.0010241839566538919
29407,2020-06-28,Warren,0,263,144,9892,0.0,0.0,0.0005175983436853002
29408,2020-06-29,Warren,0,263,51,9943,0.0,0.0,0.0005175983436853002
29409,2020-06-30,Warren,0,263,137,10080,0.0,0.0,0.0005175983436853002
29410,2020-07-01,Warren,1,264,174,10254,0.005747126436781609,0.0,0.00041050903119868636
29411,2020-07-02,Warren,2,266,117,10371,0.017094017094017096,0.0,0.0016315102521999075
29412,2020-07-03,Warren,2,268,134,10505,0.014925373134328358,0.0,0.002697608333223362
29413,2020-07-04,Warren,1,269,131,10636,0.007633587786259542,0.0,0.003242864603670472
29414,2020-07-05,Warren,3,272,164,10800,0.018292682926829267,0.0,0.004549484812729705
29415,2020-07-06,Warren,1,273,62,10862,0.016129032258064516,0.0,0.005701558545448598
29416,2020-07-07,Warren,0,273,193,11055,0.0,0.0,0.005701558545448598
29417,2020-07-08,Warren,0,273,133,11188,0.0,0.0,0.0052910495142499125
29418,2020-07-09,Warren,1,274,247,11435,0.004048582995951417,0.0,0.004359232792959507
29419,2020-07-10,Warren,0,274,157,11592,0.0,0.0,0.0032931347119360527
29420,2020-07-11,Warren,3,277,264,11856,0.011363636363636364,0.0,0.0035595667531772546
29421,2020-07-12,Warren,3,280,219,12075,0.0136986301369863,0.0,0.0032314201253313283
29422,2020-07-13,Warren,0,280,77,12152,0.0,0.0,0.0020793463926124345
29423,2020-07-14,Warren,4,284,194,12346,0.020618556701030927,0.0,0.0035521004426860717
29424,2020-07-15,Warren,1,285,85,12431,0.011764705882352941,0.0,0.004392436577139854
29425,2020-07-16,Warren,1,286,220,12651,0.004545454545454545,0.0,0.004427927402104363
29426,2020-07-17,Warren,0,286,302,12953,0.0,0.0,0.004427927402104363
29427,2020-07-18,Warren,1,287,192,13145,0.005208333333333333,0.0,0.003988262899939861
29428,2020-07-19,Warren,0,287,135,13280,0.0,0.0,0.0030097893187265535
29429,2020-07-20,Warren,1,288,199,13479,0.005025125628140704,0.0,0.0033687268635937467
29430,2020-07-21,Warren,0,288,265,13744,0.0,0.0,0.0018959728135201086
29431,2020-07-22,Warren,2,290,215,13959,0.009302325581395349,0.0,0.001720088506308852
29432,2020-07-23,Warren,2,292,234,14193,0.008547008547008548,0.0,0.002005913792134138
29433,2020-07-24,Warren,1,293,340,14533,0.0029411764705882353,0.0,0.0022159978257475835
29434,2020-07-25,Warren,1,294,375,14908,0.0026666666666666666,0.0,0.002034450206699964
29435,2020-07-26,Warren,0,294,268,15176,0.0,0.0,0.002034450206699964
29436,2020-07-27,Warren,4,298,141,15317,0.028368794326241134,0.0,0.003701855113707138
29437,2020-07-28,Warren,0,298,166,15483,0.0,0.0,0.003701855113707138
29438,2020-07-29,Warren,0,298,129,15612,0.0,0.0,0.003037403286464613
29439,2020-07-30,Warren,2,300,228,15840,0.008771929824561403,0.0,0.0030534690920041027
29440,2020-07-31,Warren,0,300,238,16078,0.0,0.0,0.0028433850583906572
29441,2020-08-01,Warren,0,300,159,16237,0.0,0.0,0.002652908867914467
29442,2020-08-02,Warren,0,300,151,16388,0.0,0.0,0.002652908867914467
29443,2020-08-03,Warren,2,302,353,16741,0.0056657223796034,0.0,0.0010312608717260572
29444,2020-08-04,Warren,2,304,201,16942,0.009950248756218905,0.0,0.0017419929257416933
29445,2020-08-05,Warren,0,304,108,17050,0.0,0.0,0.0017419929257416933
29446,2020-08-06,Warren,3,307,270,17320,0.011111111111111112,0.0,0.0019090773033523867
29447,2020-08-07,Warren,1,308,150,17470,0.006666666666666667,0.0,0.0023852677795428634
29448,2020-08-08,Warren,0,308,211,17681,0.0,0.0,0.0023852677795428634
29449,2020-08-09,Warren,4,312,206,17887,0.019417475728155338,0.0,0.0037722303315539593
29450,2020-08-10,Warren,0,312,148,18035,0.0,0.0,0.003367535875868002
29451,2020-08-11,Warren,0,312,155,18190,0.0,0.0,0.002656803821852366
29452,2020-08-12,Warren,0,312,322,18512,0.0,0.0,0.002656803821852366
29453,2020-08-13,Warren,0,312,301,18813,0.0,0.0,0.001863153028201572
29454,2020-08-14,Warren,0,312,283,19096,0.0,0.0,0.0013869625520110955
29455,2020-08-15,Warren,0,312,223,19319,0.0,0.0,0.0013869625520110955
29456,2020-08-16,Warren,0,312,188,19507,0.0,0.0,0.0
29457,2020-08-17,Warren,1,313,209,19716,0.004784688995215311,0.0,0.00034176349965823647
29458,2020-08-18,Warren,0,313,135,19851,0.0,0.0,0.00034176349965823647
29459,2020-08-19,Warren,0,313,174,20025,0.0,0.0,0.00034176349965823647
29460,2020-08-20,Warren,1,314,202,20227,0.0049504950495049506,0.0,0.0006953702889085901
29461,2020-08-21,Warren,1,315,260,20487,0.0038461538461538464,0.0,0.000970095563633865
29462,2020-08-22,Warren,0,315,192,20679,0.0,0.0,0.000970095563633865
29463,2020-08-23,Warren,0,315,147,20826,0.0,0.0,0.000970095563633865
29464,2020-08-24,Warren,1,316,163,20989,0.006134969325153374,0.0,0.0010665441586294407
29465,2020-08-25,Warren,0,316,95,21084,0.0,0.0,0.0010665441586294407
29466,2020-08-26,Warren,2,318,172,21256,0.011627906976744186,0.0,0.001897108942682597
29467,2020-08-27,Warren,2,320,180,21436,0.011111111111111112,0.0,0.002337152947083037
29468,2020-08-28,Warren,1,321,353,21789,0.0028328611898017,0.0,0.002264774900200741
29469,2020-08-29,Warren,0,321,155,21944,0.0,0.0,0.002264774900200741
29470,2020-08-30,Warren,0,321,144,22088,0.0,0.0,0.002264774900200741
29471,2020-08-31,Warren,1,322,158,22246,0.006329113924050633,0.0,0.002278642371550545
29472,2020-09-01,Warren,0,322,281,22527,0.0,0.0,0.002278642371550545
29473,2020-09-02,Warren,1,323,164,22691,0.006097560975609756,0.0,0.0018836176571838
29474,2020-09-03,Warren,1,324,190,22881,0.005263157894736842,0.0,0.0014659067131570665
29475,2020-09-04,Warren,1,325,134,23015,0.007462686567164179,0.0,0.001796608525825815
29476,2020-09-05,Warren,1,326,199,23214,0.005025125628140704,0.0,0.0021555460706930082
29477,2020-09-06,Warren,0,326,115,23329,0.0,0.0,0.0021555460706930082
29478,2020-09-07,Warren,5,331,203,23532,0.024630541871921183,0.0,0.003462790924112333
29479,2020-09-08,Warren,0,331,203,23735,0.0,0.0,0.003462790924112333
29480,2020-09-09,Warren,1,332,131,23866,0.007633587786259542,0.0,0.0035725071248730324
29481,2020-09-10,Warren,9,341,274,24140,0.032846715328467155,1.0,0.005542761227282339
29482,2020-09-11,Warren,7,348,244,24384,0.028688524590163935,1.0,0.007058892514639465
29483,2020-09-12,Warren,0,348,230,24614,0.0,1.0,0.006699954969772272
29484,2020-09-13,Warren,0,348,188,24802,0.0,1.0,0.006699954969772272
29485,2020-09-14,Warren,0,348,105,24907,0.0,1.0,0.004940630550349331
29486,2020-09-15,Warren,3,351,174,25081,0.017241379310344827,1.0,0.006172157643945389
29487,2020-09-16,Warren,1,352,177,25258,0.005649717514124294,1.0,0.006030452624507158
29488,2020-09-17,Warren,2,354,230,25488,0.008695652173913044,0.0,0.004305376684896151
29489,2020-09-18,Warren,2,356,221,25709,0.00904977375565611,0.0,0.0029026087681455906
29490,2020-09-19,Warren,4,360,314,26023,0.012738853503184714,0.0,0.0038125268755159277
29491,2020-09-20,Warren,3,363,196,26219,0.015306122448979591,1.0,0.004905821336157327
29492,2020-09-21,Warren,0,363,547,26766,0.0,1.0,0.004905821336157327
29493,2020-09-22,Warren,3,366,258,27024,0.011627906976744186,1.0,0.004504859026614424
29494,2020-09-23,Warren,3,369,278,27302,0.01079136690647482,1.0,0.004872119697496604
29495,2020-09-24,Warren,2,371,322,27624,0.006211180124223602,1.0,0.004694657408233072
29496,2020-09-25,Warren,6,377,284,27908,0.02112676056338028,1.0,0.005557299323070514
29497,2020-09-26,Warren,4,381,453,28361,0.008830022075055188,1.0,0.005278097078204119
29498,2020-09-27,Warren,2,383,206,28567,0.009708737864077669,1.0,0.004878283893568268
29499,2020-09-28,Warren,3,386,232,28799,0.01293103448275862,1.0,0.005801929213765313
29500,2020-09-29,Warren,5,391,283,29082,0.0176678445229682,1.0,0.006233353324209884
29501,2020-09-30,Warren,0,391,344,29426,0.0,1.0,0.005462541402318825
29502,2020-10-01,Warren,4,395,278,29704,0.014388489208633094,1.0,0.006046634908348075
29503,2020-10-02,Warren,12,407,519,30223,0.023121387283236993,2.0,0.006189108245480697
29504,2020-10-03,Warren,6,413,269,30492,0.022304832713754646,2.0,0.007151594719673515
29505,2020-10-04,Warren,3,416,182,30674,0.016483516483516484,2.0,0.007635507478204859
29506,2020-10-05,Warren,3,419,296,30970,0.010135135135135136,2.0,0.007435800381946039
29507,2020-10-06,Warren,6,425,411,31381,0.014598540145985401,2.0,0.0072165643550186976
29508,2020-10-07,Warren,2,427,356,31737,0.0056179775280898875,2.0,0.007617848464167974
29509,2020-10-08,Warren,2,429,463,32200,0.004319654427645789,2.0,0.006898645979811739
29510,2020-10-09,Warren,0,429,361,32561,0.0,1.0,0.005247118316723381
29511,2020-10-10,Warren,0,429,542,33103,0.0,1.0,0.003653915980026621
29512,2020-10-11,Warren,1,430,234,33337,0.004273504273504274,1.0,0.0027817722507400347
29513,2020-10-12,Warren,1,431,332,33669,0.0030120481927710845,0.0,0.00227298032628546
29514,2020-10-13,Warren,1,432,223,33892,0.004484304932735426,0.0,0.0015505349539104616
29515,2020-10-14,Warren,2,434,334,34226,0.005988023952095809,0.0,0.0015769668413394557
29516,2020-10-15,Warren,3,437,358,34584,0.008379888268156424,0.0,0.0018669835442330725
29517,2020-10-16,Warren,0,437,443,35027,0.0,0.0,0.0018669835442330725
29518,2020-10-17,Warren,1,438,280,35307,0.0035714285714285713,0.0,0.0021220855850493992
29519,2020-10-18,Warren,0,438,293,35600,0.0,0.0,0.0018168352797990936
29520,2020-10-19,Warren,1,439,276,35876,0.0036231884057971015,0.0,0.0018604881521580951
29521,2020-10-20,Warren,2,441,204,36080,0.00980392156862745,0.0,0.0022404607690075253
29522,2020-10-21,Warren,3,444,393,36473,0.007633587786259542,0.0,0.0023580010428763637
29523,2020-10-22,Warren,1,445,355,36828,0.0028169014084507044,0.0,0.0019606448386116694
29524,2020-10-23,Warren,3,448,612,37440,0.004901960784313725,0.0,0.002310784894634078
29525,2020-10-24,Warren,2,450,263,37703,0.0076045627376425855,0.0,0.0025988659065065076
29526,2020-10-25,Warren,2,452,229,37932,0.008733624454148471,1.0,0.0032226962246599705
29527,2020-10-26,Warren,5,457,359,38291,0.013927576601671309,1.0,0.003958723952936699
29528,2020-10-27,Warren,2,459,285,38576,0.007017543859649123,1.0,0.003759696973723962
29529,2020-10-28,Warren,2,461,278,38854,0.007194244604316547,1.0,0.003728315317870891
29530,2020-10-29,Warren,0,461,379,39233,0.0,1.0,0.003527108074410126
29531,2020-10-30,Warren,6,467,490,39723,0.012244897959183673,1.0,0.004051603586900836
29532,2020-10-31,Warren,1,468,348,40071,0.0028735632183908046,1.0,0.0037136750498114233
29533,2020-11-01,Warren,1,469,222,40293,0.0045045045045045045,1.0,0.0034115950534082825
29534,2020-11-02,Warren,1,470,291,40584,0.003436426116838488,0.0,0.00266222716163451
29535,2020-11-03,Warren,1,471,264,40848,0.003787878787878788,0.0,0.0024315367993652
29536,2020-11-04,Warren,3,474,409,41257,0.007334963325183374,0.0,0.0024415881365699734
29537,2020-11-05,Warren,1,475,276,41533,0.0036231884057971015,1.0,0.002700387308412624
29538,2020-11-06,Warren,5,480,344,41877,0.014534883720930232,0.0,0.002863957719965949
29539,2020-11-07,Warren,3,483,487,42364,0.006160164271047228,1.0,0.003098714938012837
29540,2020-11-08,Warren,2,485,139,42503,0.014388489208633094,1.0,0.0038047138454505936
29541,2020-11-09,Warren,2,487,392,42895,0.00510204081632653,1.0,0.003923686323985453
29542,2020-11-10,Warren,6,493,484,43379,0.012396694214876033,1.0,0.004538601711628114
29543,2020-11-11,Warren,2,495,279,43658,0.007168458781362007,1.0,0.004526708529926587
29544,2020-11-12,Warren,8,503,440,44098,0.01818181818181818,2.0,0.005566610656785236
29545,2020-11-13,Warren,4,507,521,44619,0.007677543186180422,1.0,0.00507680061858882
29546,2020-11-14,Warren,0,507,207,44826,0.0,1.0,0.00463678888494259
29547,2020-11-15,Warren,0,507,121,44947,0.0,1.0,0.003609039655754512
29548,2020-11-16,Warren,8,515,482,45429,0.016597510373443983,2.0,0.004430144624120045
29549,2020-11-17,Warren,3,518,353,45782,0.0084985835694051,1.0,0.004151708149443549
29550,2020-11-18,Warren,7,525,572,46354,0.012237762237762238,2.0,0.004513801253472137
29551,2020-11-19,Warren,5,530,270,46624,0.018518518518518517,1.0,0.004537851277522161
29552,2020-11-20,Warren,7,537,561,47185,0.012477718360071301,2.0,0.004880720932800081
29553,2020-11-21,Warren,5,542,646,47831,0.007739938080495356,2.0,0.005433573652835463
29554,2020-11-22,Warren,1,543,352,48183,0.002840909090909091,2.0,0.005636495730757542
29555,2020-11-23,Warren,4,547,495,48678,0.00808080808080808,2.0,0.0050281598527121205
29556,2020-11-24,Warren,13,560,468,49146,0.027777777777777776,3.0,0.006405245153310168
29557,2020-11-25,Warren,9,569,483,49629,0.018633540372670808,3.0,0.006862086448660781
29558,2020-11-26,Warren,2,571,363,49992,0.005509641873278237,2.0,0.005932880974000762
29559,2020-11-27,Warren,4,575,276,50268,0.014492753623188406,2.0,0.006076812064223411
29560,2020-11-28,Warren,2,577,498,50766,0.004016064257028112,2.0,0.005810821076832893
29561,2020-11-29,Warren,6,583,332,51098,0.018072289156626505,2.0,0.006898776795812709
29562,2020-11-30,Warren,12,595,519,51617,0.023121387283236993,3.0,0.00797310388170049
29563,2020-12-01,Warren,8,603,481,52098,0.016632016632016633,3.0,0.007176978085574693
29564,2020-12-02,Warren,11,614,472,52570,0.023305084745762712,3.0,0.007510659826509828
29565,2020-12-03,Warren,17,631,398,52968,0.04271356783919598,4.0,0.010168083109789668
29566,2020-12-04,Warren,15,646,628,53596,0.02388535031847134,5.0,0.010838982873738448
29567,2020-12-05,Warren,11,657,341,53937,0.03225806451612903,5.0,0.01285626860653137
29568,2020-12-06,Warren,5,662,269,54206,0.01858736059479554,5.0,0.012893059423543443
29569,2020-12-07,Warren,18,680,626,54832,0.02875399361022364,6.0,0.013295388446899634
29570,2020-12-08,Warren,6,686,339,55171,0.017699115044247787,5.0,0.013371609762059002
29571,2020-12-09,Warren,24,710,575,55746,0.04173913043478261,6.0,0.014688327311274707
29572,2020-12-10,Warren,14,724,695,56441,0.02014388489208633,6.0,0.013076207100766875
29573,2020-12-11,Warren,22,746,602,57043,0.036544850498338874,7.0,0.013980457113614559
29574,2020-12-12,Warren,8,754,384,57427,0.020833333333333332,6.0,0.013164404886272007
29575,2020-12-13,Warren,2,756,405,57832,0.0049382716049382715,6.0,0.012189469958425061
29576,2020-12-14,Warren,8,764,380,58212,0.021052631578947368,6.0,0.011639372670476754
29577,2020-12-15,Warren,11,775,367,58579,0.02997275204359673,6.0,0.012516061027573107
29578,2020-12-16,Warren,29,804,493,59072,0.058823529411764705,6.0,0.013736375240214687
29579,2020-12-17,Warren,8,812,458,59530,0.017467248908296942,6.0,0.013545186955658301
29580,2020-12-18,Warren,21,833,487,60017,0.043121149897330596,6.0,0.014014922627014854
29581,2020-12-19,Warren,3,836,485,60502,0.006185567010309278,5.0,0.012968653603941708
29582,2020-12-20,Warren,7,843,394,60896,0.017766497461928935,6.0,0.013884955450869612
29583,2020-12-21,Warren,35,878,478,61374,0.07322175732217573,8.0,0.017611321575385922
29584,2020-12-22,Warren,19,897,247,61621,0.07692307692307693,8.0,0.020964916209634508
29585,2020-12-23,Warren,64,961,683,62304,0.09370424597364568,11.0,0.023456395964054574
29586,2020-12-24,Warren,18,979,360,62664,0.05,11.0,0.025780163899176225
29587,2020-12-25,Warren,61,1040,812,63476,0.07512315270935961,14.0,0.028066021242892585
29588,2020-12-26,Warren,9,1049,467,63943,0.019271948608137045,15.0,0.029000762785594568
29589,2020-12-27,Warren,27,1076,297,64240,0.09090909090909091,16.0,0.034225233746106136
29590,2020-12-28,Warren,18,1094,648,64888,0.027777777777777776,15.0,0.030979235207220568
29591,2020-12-29,Warren,47,1141,464,65352,0.10129310344827586,17.0,0.03271995138759192
29592,2020-12-30,Warren,15,1156,411,65763,0.0364963503649635,13.0,0.028633673129828906
29593,2020-12-31,Warren,93,1249,864,66627,0.1076388888888889,19.0,0.032750736621892394
29594,2021-01-01,Warren,23,1272,659,67286,0.03490136570561457,16.0,0.029877751835910616
29595,2021-01-02,Warren,65,1337,849,68135,0.07656065959952886,20.0,0.03396980262101003
29596,2021-01-03,Warren,9,1346,345,68480,0.02608695652173913,19.0,0.029339650164770616
29597,2021-01-04,Warren,41,1387,335,68815,0.12238805970149254,20.0,0.03609752744503596
29598,2021-01-05,Warren,47,1434,582,69397,0.08075601374570447,20.0,0.034630592466280856
29599,2021-01-06,Warren,53,1487,698,70095,0.07593123209169055,23.0,0.037447369732475644
29600,2021-01-07,Warren,80,1567,812,70907,0.09852216748768473,22.0,0.03679617534667534
29601,2021-01-08,Warren,58,1625,870,71777,0.06666666666666667,25.0,0.03906512541532192
29602,2021-01-09,Warren,57,1682,940,72717,0.06063829787234042,24.0,0.03792781386337989
29603,2021-01-10,Warren,35,1717,619,73336,0.05654281098546042,26.0,0.04010323203935999
29604,2021-01-11,Warren,47,1764,712,74048,0.06601123595505617,26.0,0.03607631605747168
29605,2021-01-12,Warren,61,1825,585,74633,0.10427350427350428,27.0,0.03775613680945737
29606,2021-01-13,Warren,21,1846,461,75094,0.0455531453362256,25.0,0.035586273469781306
29607,2021-01-14,Warren,82,1928,957,76051,0.08568443051201671,25.0,0.03466929225723359
29608,2021-01-15,Warren,54,1982,973,77024,0.05549845837615622,25.0,0.033871563093625705
29609,2021-01-16,Warren,22,2004,566,77590,0.038869257950530034,23.0,0.032316631670639244
29610,2021-01-17,Warren,41,2045,618,78208,0.06634304207119741,23.0,0.033016648176763315
29611,2021-01-18,Warren,17,2062,595,78803,0.02857142857142857,21.0,0.03034237622078992
29612,2021-01-19,Warren,57,2119,712,79515,0.0800561797752809,21.0,0.02861256732805967
29613,2021-01-20,Warren,44,2163,772,80287,0.05699481865284974,22.0,0.029429829707818544
29614,2021-01-21,Warren,38,2201,773,81060,0.04915912031047866,19.0,0.026820878979137257
29615,2021-01-22,Warren,44,2245,975,82035,0.04512820512820513,18.0,0.0260801466042836
29616,2021-01-23,Warren,14,2259,513,82548,0.02729044834307992,18.0,0.02525308877518002
29617,2021-01-24,Warren,11,2270,564,83112,0.01950354609929078,16.0,0.02190741049147241
29618,2021-01-25,Warren,51,2321,642,83754,0.0794392523364486,18.0,0.02554082647468812
29619,2021-01-26,Warren,29,2350,734,84488,0.039509536784741145,16.0,0.022644637689649565
29620,2021-01-27,Warren,35,2385,523,85011,0.06692160611854685,15.0,0.02335369393719936
29621,2021-01-28,Warren,32,2417,842,85853,0.03800475059382423,15.0,0.02255695324315262
29622,2021-01-29,Warren,14,2431,634,86487,0.022082018927444796,13.0,0.02091079708595545
29623,2021-01-30,Warren,21,2452,751,87238,0.02796271637816245,13.0,0.020958816231318487
29624,2021-01-31,Warren,9,2461,457,87695,0.019693654266958426,13.0,0.020972395386151893
29625,2021-02-01,Warren,5,2466,323,88018,0.015479876160990712,10.0,0.01640386851647633
29626,2021-02-02,Warren,28,2494,307,88325,0.09120521172638436,10.0,0.020096416726593704
29627,2021-02-03,Warren,40,2534,660,88985,0.06060606060606061,10.0,0.019645306332844687
29628,2021-02-04,Warren,20,2554,524,89509,0.03816793893129771,9.0,0.019656962642664224
29629,2021-02-05,Warren,28,2582,546,90055,0.05128205128205128,10.0,0.021742679239421824
29630,2021-02-06,Warren,14,2596,918,90973,0.015250544662309368,10.0,0.020834666974003747
29631,2021-02-07,Warren,10,2606,422,91395,0.023696682464454975,10.0,0.021120597559539215
29632,2021-02-08,Warren,14,2620,417,91812,0.03357314148681055,11.0,0.022412973654240633
29633,2021-02-09,Warren,10,2630,426,92238,0.023474178403755867,9.0,0.017575042702624312
29634,2021-02-10,Warren,24,2654,690,92928,0.034782608695652174,8.0,0.015730510423309422
29635,2021-02-11,Warren,13,2667,513,93441,0.025341130604288498,8.0,0.014814309828523053
29636,2021-02-12,Warren,13,2680,640,94081,0.0203125,7.0,0.012602199022662245
29637,2021-02-13,Warren,24,2704,766,94847,0.031331592689295036,7.0,0.013750845310304077
29638,2021-02-14,Warren,6,2710,457,95304,0.01312910284463895,7.0,0.012996018194602934
29639,2021-02-15,Warren,10,2720,300,95604,0.03333333333333333,7.0,0.012978889040783134
29640,2021-02-16,Warren,6,2726,239,95843,0.02510460251046025,6.0,0.013095347905547729
29641,2021-02-17,Warren,8,2734,408,96251,0.0196078431372549,5.0,0.012011436079947925
29642,2021-02-18,Warren,20,2754,658,96909,0.030395136778115502,6.0,0.01237243652093557
29643,2021-02-19,Warren,9,2763,493,97402,0.018255578093306288,5.0,0.012225513527600304
29644,2021-02-20,Warren,6,2769,569,97971,0.01054481546572935,4.0,0.01074074372591704
29645,2021-02-21,Warren,7,2776,323,98294,0.021671826625386997,4.0,0.011350938281684759
29646,2021-02-22,Warren,15,2791,221,98515,0.06787330316742081,5.0,0.013818078984119578
29647,2021-02-23,Warren,4,2795,564,99079,0.0070921985815602835,4.0,0.012531478703483867
29648,2021-02-24,Warren,12,2807,727,99806,0.016506189821182942,5.0,0.012309932038050154
29649,2021-02-25,Warren,12,2819,727,100533,0.016506189821182942,4.0,0.011317864398269258
29650,2021-02-26,Warren,10,2829,728,101261,0.013736263736263736,4.0,0.010995056229909077
29651,2021-02-27,Warren,6,2835,767,102028,0.007822685788787484,4.0,0.0108006183958418
29652,2021-02-28,Warren,6,2841,459,102487,0.013071895424836602,4.0,0.010186337595802484
29653,2021-03-01,Warren,13,2854,355,102842,0.036619718309859155,4.0,0.007953938677405225
29654,2021-03-02,Warren,10,2864,751,103593,0.013315579227696404,4.0,0.008398465866414948
29655,2021-03-03,Warren,8,2872,698,104291,0.011461318051575931,4.0,0.00803811788287159
29656,2021-03-04,Warren,18,2890,702,104993,0.02564102564102564,5.0,0.008690606155717496
29657,2021-03-05,Warren,17,2907,561,105554,0.030303030303030304,5.0,0.009873946624772253
29658,2021-03-06,Warren,6,2913,662,106216,0.00906344410876133,5.0,0.009962572219056099
29659,2021-03-07,Warren,4,2917,532,106748,0.007518796992481203,5.0,0.009565922331030713
29660,2021-03-08,Warren,8,2925,307,107055,0.026058631921824105,5.0,0.008811559017599637
29661,2021-03-09,Warren,14,2939,420,107475,0.03333333333333333,5.0,0.010241398596573704
29662,2021-03-10,Warren,7,2946,592,108067,0.011824324324324325,5.0,0.01026732761605573
29663,2021-03-11,Warren,12,2958,776,108843,0.015463917525773196,4.0,0.009540391322109128
29664,2021-03-12,Warren,10,2968,424,109267,0.02358490566037736,4.0,0.009060525276205347
29665,2021-03-13,Warren,3,2971,818,110085,0.003667481662591687,4.0,0.00867509938719323
29666,2021-03-14,Warren,6,2977,338,110423,0.01775147928994083,4.0,0.009406005265583203
29667,2021-03-15,Warren,14,2991,442,110865,0.03167420814479638,4.0,0.009807117852938365
29668,2021-03-16,Warren,12,3003,554,111419,0.021660649819494584,4.0,0.008973354744807026
29669,2021-03-17,Warren,14,3017,633,112052,0.022116903633491312,5.0,0.009708538981176098
29670,2021-03-18,Warren,5,3022,641,112693,0.0078003120124804995,4.0,0.009161138587369475
29671,2021-03-19,Warren,10,3032,377,113070,0.026525198938992044,4.0,0.009371159535841953
29672,2021-03-20,Warren,8,3040,743,113813,0.010767160161507403,4.0,0.009878279428621645
29673,2021-03-21,Warren,5,3045,395,114208,0.012658227848101266,4.0,0.009514475754204535
29674,2021-03-22,Warren,23,3068,410,114618,0.05609756097560976,5.0,0.01125900095640549
29675,2021-03-23,Warren,11,3079,568,115186,0.01936619718309859,5.0,0.011095111482377204
29676,2021-03-24,Warren,20,3099,634,115820,0.031545741324921134,5.0,0.011768599888907907
29677,2021-03-25,Warren,17,3116,725,116545,0.023448275862068966,6.0,0.012886311592449939
29678,2021-03-26,Warren,16,3132,622,117167,0.02572347266881029,7.0,0.012829045430294101
29679,2021-03-27,Warren,8,3140,902,118069,0.008869179600886918,7.0,0.012693475390249781
29680,2021-03-28,Warren,8,3148,302,118371,0.026490066225165563,7.0,0.013681463845754372
29681,2021-03-29,Warren,16,3164,571,118942,0.028021015761821366,6.0,0.011675996330483773
29682,2021-03-30,Warren,16,3180,467,119409,0.034261241970021415,7.0,0.012739928100978262
29683,2021-03-31,Warren,19,3199,698,120107,0.027220630372492838,7.0,0.01243099160437624
29684,2021-04-01,Warren,12,3211,839,120946,0.014302741358760428,6.0,0.011777739139854202
29685,2021-04-02,Warren,20,3231,589,121535,0.03395585738539898,7.0,0.012365766619610538
29686,2021-04-03,Warren,3,3234,625,122160,0.0048,6.0,0.0120751109338329
29687,2021-04-04,Warren,5,3239,462,122622,0.010822510822510822,6.0,0.010955999833643275
29688,2021-04-05,Warren,12,3251,216,122838,0.05555555555555555,6.0,0.01292275267605286
29689,2021-04-06,Warren,9,3260,483,123321,0.018633540372670808,5.0,0.011806488276242103
29690,2021-04-07,Warren,20,3280,590,123911,0.03389830508474576,5.0,0.012283465041403025
29691,2021-04-08,Warren,8,3288,655,124566,0.012213740458015267,5.0,0.0121342506913498
29692,2021-04-09,Warren,11,3299,557,125123,0.019748653500897665,4.0,0.011119450413885418
29693,2021-04-10,Warren,8,3307,570,125693,0.014035087719298246,5.0,0.011779099536692438
29694,2021-04-11,Warren,7,3314,212,125905,0.0330188679245283,5.0,0.013364553615407972
29695,2021-04-12,Warren,19,3333,270,126175,0.07037037037037037,5.0,0.01442275467360903
29696,2021-04-13,Warren,4,3337,537,126712,0.0074487895716946,5.0,0.01362384390211073
29697,2021-04-14,Warren,12,3349,688,127400,0.01744186046511628,4.0,0.012448383572137194
29698,2021-04-15,Warren,11,3360,680,128080,0.016176470588235296,5.0,0.012731435724295767
29699,2021-04-16,Warren,14,3374,484,128564,0.028925619834710745,5.0,0.01338693331956813
29700,2021-04-17,Warren,12,3386,636,129200,0.018867924528301886,5.0,0.013732135948782679
29701,2021-04-18,Warren,9,3395,380,129580,0.02368421052631579,5.0,0.013065374706053212
29702,2021-04-19,Warren,4,3399,281,129861,0.014234875444839857,4.0,0.009055696497086747
29703,2021-04-20,Warren,19,3418,514,130375,0.03696498054474708,5.0,0.011163995852304782
29704,2021-04-21,Warren,13,3431,653,131028,0.019908116385911178,5.0,0.011340156989504416
29705,2021-04-22,Warren,7,3438,478,131506,0.014644351464435146,5.0,0.011230719909232979
29706,2021-04-23,Warren,11,3449,773,132279,0.014230271668822769,5.0,0.010181052183098121
29707,2021-04-24,Warren,5,3454,532,132811,0.009398496240601503,4.0,0.009504664448262382
29708,2021-04-25,Warren,4,3458,240,133051,0.016666666666666666,4.0,0.009003411315430301
29709,2021-04-26,Warren,10,3468,360,133411,0.027777777777777776,4.0,0.009970761482068723
29710,2021-04-27,Warren,4,3472,212,133623,0.018867924528301886,3.0,0.008678114623751208
29711,2021-04-28,Warren,4,3476,631,134254,0.006339144215530904,3.0,0.007708902325866902
29712,2021-04-29,Warren,6,3482,409,134663,0.014669926650366748,3.0,0.007710729124862017
29713,2021-04-30,Warren,6,3488,616,135279,0.00974025974025974,2.0,0.0073900139871075155
29714,2021-05-01,Warren,0,3488,482,135761,0.0,2.0,0.0067186928270645515
29715,2021-05-02,Warren,1,3489,361,136122,0.002770083102493075,2.0,0.0057260797153378664
29716,2021-05-03,Warren,8,3497,165,136287,0.048484848484848485,2.0,0.007205156194414345
29717,2021-05-04,Warren,10,3507,453,136740,0.02207505518763797,2.0,0.007434236955795495
29718,2021-05-05,Warren,6,3513,405,137145,0.014814814814814815,2.0,0.008039641998601488
29719,2021-05-06,Warren,16,3529,516,137661,0.031007751937984496,3.0,0.009206629519145613
29720,2021-05-07,Warren,11,3540,616,138277,0.017857142857142856,3.0,0.009786406884637264
29721,2021-05-08,Warren,8,3548,430,138707,0.018604651162790697,4.0,0.011115310539122314
29722,2021-05-09,Warren,4,3552,313,139020,0.012779552715654952,4.0,0.011830272654348162
29723,2021-05-10,Warren,11,3563,256,139276,0.04296875,4.0,0.011436265619716127
29724,2021-05-11,Warren,6,3569,459,139735,0.013071895424836602,4.0,0.01079318277951603
29725,2021-05-12,Warren,8,3577,513,140248,0.015594541910331383,4.0,0.010848877572052927
29726,2021-05-13,Warren,3,3580,438,140686,0.00684931506849315,3.0,0.009123274938517832
29727,2021-05-14,Warren,5,3585,600,141286,0.008333333333333333,3.0,0.008443002829674294
29728,2021-05-15,Warren,5,3590,275,141561,0.01818181818181818,3.0,0.008412800473890543
29729,2021-05-16,Warren,2,3592,238,141799,0.008403361344537815,2.0,0.008100215375953604
29730,2021-05-17,Warren,2,3594,175,141974,0.011428571428571429,2.0,0.00584734547799442
29731,2021-05-18,Warren,5,3599,337,142311,0.01483679525222552,2.0,0.005973409751379344
29732,2021-05-19,Warren,3,3602,394,142705,0.007614213197969543,1.0,0.005403386271924926
29733,2021-05-20,Warren,6,3608,480,143185,0.0125,2.0,0.005807006624175415
29734,2021-05-21,Warren,4,3612,435,143620,0.009195402298850575,1.0,0.005868582978855218
29735,2021-05-22,Warren,2,3614,279,143899,0.007168458781362007,1.0,0.005081914450251206
29736,2021-05-23,Warren,8,3622,283,144182,0.028268551236749116,2.0,0.006500856585409156
29737,2021-05-24,Warren,1,3623,139,144321,0.007194244604316547,2.0,0.00619840466939095
29738,2021-05-25,Warren,4,3627,288,144609,0.013888888888888888,2.0,0.006130697072009762
29739,2021-05-26,Warren,2,3629,331,144940,0.006042296072507553,1.0,0.006018417277333906
29740,2021-05-27,Warren,1,3630,236,145176,0.00423728813559322,1.0,0.005428223572733422
29741,2021-05-28,Warren,4,3634,362,145538,0.011049723756906077,1.0,0.005560675105451671
29742,2021-05-29,Warren,1,3635,270,145808,0.003703703703703704,1.0,0.00531319259990465
29743,2021-05-30,Warren,3,3638,141,145949,0.02127659574468085,1.0,0.0048137672076140605
29744,2021-05-31,Warren,0,3638,107,146056,0.0,1.0,0.004299892593020021
29745,2021-06-01,Warren,2,3640,123,146179,0.016260162601626018,0.0,0.004469269286786959
29746,2021-06-02,Warren,5,3645,252,146431,0.01984126984126984,1.0,0.0054549102702699795
29747,2021-06-03,Warren,3,3648,439,146870,0.00683371298405467,1.0,0.005640369188017226
29748,2021-06-04,Warren,5,3653,484,147354,0.010330578512396695,1.0,0.0055890016705522705
29749,2021-06-05,Warren,3,3656,319,147673,0.009404388714733543,1.0,0.005996193457054401
29750,2021-06-06,Warren,0,3656,125,147798,0.0,1.0,0.0044764366181486255
29751,2021-06-07,Warren,0,3656,385,148183,0.0,1.0,0.0044764366181486255
29752,2021-06-08,Warren,0,3656,161,148344,0.0,1.0,0.003314996432318196
29753,2021-06-09,Warren,1,3657,362,148706,0.0027624309392265192,0.0,0.0020950793678865304
29754,2021-06-10,Warren,1,3658,259,148965,0.003861003861003861,0.0,0.0018827430019543298
29755,2021-06-11,Warren,0,3658,410,149375,0.0,0.0,0.0011448445367831374
29756,2021-06-12,Warren,0,3658,281,149656,0.0,0.0,0.0004731024857307415
29757,2021-06-13,Warren,0,3658,64,149720,0.0,0.0,0.0004731024857307415
29758,2021-06-14,Warren,0,3658,72,149792,0.0,0.0,0.0004731024857307415
29759,2021-06-15,Warren,0,3658,197,149989,0.0,0.0,0.0004731024857307415
29760,2021-06-16,Warren,1,3659,292,150281,0.003424657534246575,0.0,0.0005204043853750312
29761,2021-06-17,Warren,1,3660,165,150446,0.006060606060606061,0.0,0.0006775188282037598
29762,2021-06-18,Warren,1,3661,447,150893,0.0022371364653243847,0.0,0.0008373142900126444
29763,2021-06-19,Warren,4,3665,251,151144,0.01593625498007968,0.0,0.001975618217161193
29764,2021-06-20,Warren,2,3667,198,151342,0.010101010101010102,0.0,0.0026971189386619143
29765,2021-06-21,Warren,0,3667,73,151415,0.0,0.0,0.0026971189386619143
29766,2021-06-22,Warren,1,3668,113,151528,0.008849557522123894,0.0,0.0033292301902421925
29767,2021-06-23,Warren,2,3670,204,151732,0.00980392156862745,0.0,0.0037848919069836838
29768,2021-06-24,Warren,0,3670,126,151858,0.0,0.0,0.003351991474083251
29769,2021-06-25,Warren,0,3670,167,152025,0.0,0.0,0.0031921960122743664
29770,2021-06-26,Warren,0,3670,206,152231,0.0,0.0,0.0020538920851258177
29771,2021-06-27,Warren,2,3672,223,152454,0.008968609865470852,0.0,0.001973006354015871
29772,2021-06-28,Warren,1,3673,500,152954,0.002,0.0,0.002115863496873014
29773,2021-06-29,Warren,1,3674,110,153064,0.00909090909090909,0.0,0.0021331028946433854
29774,2021-06-30,Warren,1,3675,166,153230,0.006024096385542169,0.0,0.0018631153815658653
29775,2021-07-01,Warren,2,3677,199,153429,0.010050251256281407,0.0,0.002580990471300251
29776,2021-07-02,Warren,3,3680,618,154047,0.0048543689320388345,0.0,0.002927731109303025
29777,2021-07-03,Warren,0,3680,115,154162,0.0,0.0,0.002927731109303025
29778,2021-07-04,Warren,0,3680,77,154239,0.0,0.0,0.00228711611891225
29779,2021-07-05,Warren,0,3680,59,154298,0.0,0.0,0.002144258976055107
29780,2021-07-06,Warren,1,3681,682,154980,0.001466275659824047,0.0,0.0015996423024061753
29781,2021-07-07,Warren,0,3681,132,155112,0.0,0.0,0.0011693497034388778
29782,2021-07-08,Warren,1,3682,187,155299,0.0053475935828877,0.0,0.0008334455839107558
29783,2021-07-09,Warren,1,3683,175,155474,0.005714285714285714,0.0,0.0008948682112141044
29784,2021-07-10,Warren,5,3688,367,155841,0.013623978201634877,0.0,0.0018680095113308812
29785,2021-07-11,Warren,3,3691,93,155934,0.03225806451612903,0.0,0.004172156976768669
29786,2021-07-12,Warren,1,3692,72,156006,0.013888888888888888,0.0,0.00516422046883216
29787,2021-07-13,Warren,6,3698,142,156148,0.04225352112676056,1.0,0.008077595145041912
29788,2021-07-14,Warren,2,3700,161,156309,0.012422360248447204,1.0,0.00896490659135957
29789,2021-07-15,Warren,3,3703,121,156430,0.024793388429752067,1.0,0.01035389193756417
29790,2021-07-16,Warren,2,3705,138,156568,0.014492753623188406,1.0,0.010980925359628647
29791,2021-07-17,Warren,1,3706,150,156718,0.006666666666666667,1.0,0.010483974535702345
29792,2021-07-18,Warren,5,3711,103,156821,0.04854368932038835,1.0,0.011647233450292296
29793,2021-07-19,Warren,6,3717,131,156952,0.04580152671755725,1.0,0.013926707580911465
29794,2021-07-20,Warren,5,3722,139,157091,0.03597122302158273,1.0,0.013477972001970191
29795,2021-07-21,Warren,7,3729,212,157303,0.0330188679245283,2.0,0.014949151121690268
29796,2021-07-22,Warren,4,3733,176,157479,0.022727272727272728,2.0,0.01480157142865603
29797,2021-07-23,Warren,4,3737,160,157639,0.025,2.0,0.015552089026999715
29798,2021-07-24,Warren,5,3742,394,158033,0.012690355329949238,2.0,0.015982352502948473
29799,2021-07-25,Warren,2,3744,125,158158,0.016,2.0,0.013657803265777873
29800,2021-07-26,Warren,1,3745,85,158243,0.011764705882352941,2.0,0.011226601777548997
29801,2021-07-27,Warren,7,3752,179,158422,0.03910614525139665,2.0,0.011450524793964275
29802,2021-07-28,Warren,5,3757,267,158689,0.018726591760299626,2.0,0.0104296479250908
29803,2021-07-29,Warren,4,3761,222,158911,0.018018018018018018,2.0,0.010093272588715462
29804,2021-07-30,Warren,3,3764,221,159132,0.013574660633484163,1.0,0.009277176919678618
29805,2021-07-31,Warren,6,3770,237,159369,0.02531645569620253,2.0,0.01017904123155385
29806,2021-08-01,Warren,2,3772,163,159532,0.012269938650306749,2.0,0.009912608278004335
29807,2021-08-02,Warren,9,3781,153,159685,0.058823529411764705,2.0,0.013273952815819461
29808,2021-08-03,Warren,12,3793,341,160026,0.03519061583577713,2.0,0.01299427214327521
29809,2021-08-04,Warren,10,3803,350,160376,0.02857142857142857,3.0,0.013697474772641563
29810,2021-08-05,Warren,13,3816,514,160890,0.02529182879377432,3.0,0.014217032685195585
29811,2020-03-01,Washington,0,0,0,0,,,
29812,2020-03-02,Washington,0,0,0,0,,,
29813,2020-03-03,Washington,0,0,0,0,,,
29814,2020-03-04,Washington,0,0,0,0,,,
29815,2020-03-05,Washington,0,0,0,0,,,
29816,2020-03-06,Washington,0,0,0,0,,,
29817,2020-03-07,Washington,0,0,0,0,,0.0,
29818,2020-03-08,Washington,0,0,2,2,0.0,0.0,
29819,2020-03-09,Washington,0,0,0,2,,0.0,
29820,2020-03-10,Washington,0,0,1,3,0.0,0.0,
29821,2020-03-11,Washington,0,0,4,7,0.0,0.0,
29822,2020-03-12,Washington,0,0,0,7,,0.0,
29823,2020-03-13,Washington,0,0,1,8,0.0,0.0,
29824,2020-03-14,Washington,0,0,1,9,0.0,0.0,
29825,2020-03-15,Washington,0,0,5,14,0.0,0.0,
29826,2020-03-16,Washington,0,0,4,18,0.0,0.0,
29827,2020-03-17,Washington,1,1,9,27,0.1111111111111111,0.0,
29828,2020-03-18,Washington,0,1,5,32,0.0,0.0,
29829,2020-03-19,Washington,0,1,8,40,0.0,0.0,0.007936507936507936
29830,2020-03-20,Washington,0,1,10,50,0.0,0.0,0.007936507936507936
29831,2020-03-21,Washington,0,1,18,68,0.0,0.0,0.007936507936507936
29832,2020-03-22,Washington,2,3,52,120,0.038461538461538464,0.0,0.010683760683760684
29833,2020-03-23,Washington,0,3,7,127,0.0,0.0,0.010683760683760684
29834,2020-03-24,Washington,1,4,25,152,0.04,0.0,0.0056043956043956055
29835,2020-03-25,Washington,0,4,18,170,0.0,0.0,0.0056043956043956055
29836,2020-03-26,Washington,2,6,19,189,0.10526315789473684,0.0,0.013123192596876807
29837,2020-03-27,Washington,0,6,40,229,0.0,0.0,0.013123192596876807
29838,2020-03-28,Washington,1,7,20,249,0.05,0.0,0.01669462116830538
29839,2020-03-29,Washington,0,7,10,259,0.0,0.0,0.01394736842105263
29840,2020-03-30,Washington,3,10,7,266,0.42857142857142855,0.0,0.044559613319011815
29841,2020-03-31,Washington,0,10,5,271,0.0,0.0,0.04170247046186896
29842,2020-04-01,Washington,2,12,9,280,0.2222222222222222,0.0,0.05757548633488483
29843,2020-04-02,Washington,3,15,13,293,0.23076923076923078,0.0,0.06654020582592012
29844,2020-04-03,Washington,1,16,9,302,0.1111111111111111,0.0,0.07447671376242805
29845,2020-04-04,Washington,2,18,15,317,0.13333333333333333,0.0,0.080429094714809
29846,2020-04-05,Washington,1,19,2,319,0.5,0.0,0.11614338042909474
29847,2020-04-06,Washington,0,19,13,332,0.0,0.0,0.08553113553113555
29848,2020-04-07,Washington,1,20,27,359,0.037037037037037035,0.0,0.08817663817663816
29849,2020-04-08,Washington,5,25,24,383,0.20833333333333334,0.0,0.08718457468457468
29850,2020-04-09,Washington,1,26,14,397,0.07142857142857142,0.0,0.07580309901738473
29851,2020-04-10,Washington,5,31,16,413,0.3125,1.0,0.09018801965230537
29852,2020-04-11,Washington,3,34,18,431,0.16666666666666666,1.0,0.09256897203325774
29853,2020-04-12,Washington,3,37,15,446,0.2,1.0,0.07114040060468632
29854,2020-04-13,Washington,3,40,36,482,0.08333333333333333,1.0,0.07709278155706725
29855,2020-04-14,Washington,2,42,8,490,0.25,1.0,0.09230442176870747
29856,2020-04-15,Washington,4,46,24,514,0.16666666666666666,1.0,0.089328231292517
29857,2020-04-16,Washington,2,48,19,533,0.10526315789473684,1.0,0.09174498746867167
29858,2020-04-17,Washington,4,52,25,558,0.16,1.0,0.08085213032581454
29859,2020-04-18,Washington,11,63,35,593,0.3142857142857143,2.0,0.09139634801288936
29860,2020-04-19,Washington,2,65,9,602,0.2222222222222222,2.0,0.09298364960019094
29861,2020-04-20,Washington,3,68,12,614,0.25,2.0,0.10488841150495286
29862,2020-04-21,Washington,5,73,17,631,0.29411764705882354,2.0,0.10803967200915456
29863,2020-04-22,Washington,7,80,36,667,0.19444444444444445,2.0,0.11002379899328152
29864,2020-04-23,Washington,3,83,26,693,0.11538461538461539,2.0,0.11074676024255857
29865,2020-04-24,Washington,30,113,134,827,0.22388059701492538,4.0,0.11530966002933896
29866,2020-04-25,Washington,14,127,51,878,0.27450980392156865,4.0,0.11246852357475712
29867,2020-04-26,Washington,3,130,37,915,0.08108108108108109,4.0,0.10238701349324704
29868,2020-04-27,Washington,1,131,13,928,0.07692307692307693,4.0,0.09002437613060967
29869,2020-04-28,Washington,3,134,19,947,0.15789473684210525,4.0,0.08029416825798694
29870,2020-04-29,Washington,14,148,58,1005,0.2413793103448276,4.0,0.08364665867944288
29871,2020-04-30,Washington,22,170,88,1093,0.25,6.0,0.09326204329482748
29872,2020-05-01,Washington,14,184,63,1156,0.2222222222222222,5.0,0.09314358795249156
29873,2020-05-02,Washington,2,186,63,1219,0.031746031746031744,4.0,0.07580331851138178
29874,2020-05-03,Washington,2,188,31,1250,0.06451612903225806,4.0,0.07462010765075155
29875,2020-05-04,Washington,0,188,22,1272,0.0,4.0,0.06912560215624607
29876,2020-05-05,Washington,1,189,25,1297,0.04,3.0,0.06070454952466712
29877,2020-05-06,Washington,1,190,20,1317,0.05,3.0,0.04703459878575086
29878,2020-05-07,Washington,11,201,106,1423,0.10377358490566038,2.0,0.03658985485044088
29879,2020-05-08,Washington,3,204,86,1509,0.03488372093023256,1.0,0.023208533329584485
29880,2020-05-09,Washington,2,206,60,1569,0.03333333333333333,1.0,0.023321912014391738
29881,2020-05-10,Washington,4,210,39,1608,0.10256410256410256,1.0,0.026039624409523485
29882,2020-05-11,Washington,0,210,24,1632,0.0,1.0,0.026039624409523485
29883,2020-05-12,Washington,4,214,66,1698,0.06060606060606061,1.0,0.02751148588138496
29884,2020-05-13,Washington,1,215,77,1775,0.012987012987012988,1.0,0.024867701094743032
29885,2020-05-14,Washington,2,217,65,1840,0.03076923076923077,1.0,0.019653104370712344
29886,2020-05-15,Washington,1,218,75,1915,0.013333333333333334,1.0,0.018113790970933828
29887,2020-05-16,Washington,1,219,70,1985,0.014285714285714285,0.0,0.016753246753246753
29888,2020-05-17,Washington,0,219,47,2032,0.0,0.0,0.009427239427239427
29889,2020-05-18,Washington,1,220,41,2073,0.024390243902439025,0.0,0.011169399705985072
29890,2020-05-19,Washington,1,221,66,2139,0.015151515151515152,0.0,0.007922646459231826
29891,2020-05-20,Washington,1,222,87,2226,0.011494252873563218,0.0,0.007816020736842556
29892,2020-05-21,Washington,2,224,100,2326,0.02,0.0,0.007046789967611788
29893,2020-05-22,Washington,1,225,70,2396,0.014285714285714285,0.0,0.007114817178496141
29894,2020-05-23,Washington,1,226,213,2609,0.004694835680751174,0.0,0.006429754420998775
29895,2020-05-24,Washington,2,228,51,2660,0.0392156862745098,0.0,0.009230874869178047
29896,2020-05-25,Washington,0,228,106,2766,0.0,0.0,0.007488714590432402
29897,2020-05-26,Washington,0,228,107,2873,0.0,0.0,0.006406463508181319
29898,2020-05-27,Washington,3,231,293,3166,0.010238907849829351,0.0,0.006316796006486045
29899,2020-05-28,Washington,1,232,340,3506,0.0029411764705882353,0.0,0.005098308611528061
29900,2020-05-29,Washington,3,235,240,3746,0.0125,0.0,0.004970757591119897
29901,2020-05-30,Washington,0,235,222,3968,0.0,0.0,0.004635412185351956
29902,2020-05-31,Washington,0,235,99,4067,0.0,0.0,0.0018342917371726847
29903,2020-06-01,Washington,2,237,81,4148,0.024691358024691357,0.0,0.003597960167507782
29904,2020-06-02,Washington,1,238,270,4418,0.003703703703703704,0.0,0.0038625104320580464
29905,2020-06-03,Washington,0,238,354,4772,0.0,0.0,0.00313115987135595
29906,2020-06-04,Washington,2,240,158,4930,0.012658227848101266,0.0,0.003825234969749738
29907,2020-06-05,Washington,0,240,254,5184,0.0,0.0,0.002932377826892595
29908,2020-06-06,Washington,0,240,243,5427,0.0,0.0,0.002932377826892595
29909,2020-06-07,Washington,0,240,211,5638,0.0,0.0,0.002932377826892595
29910,2020-06-08,Washington,0,240,32,5670,0.0,0.0,0.0011687093965574978
29911,2020-06-09,Washington,0,240,260,5930,0.0,0.0,0.0009041591320072332
29912,2020-06-10,Washington,1,241,230,6160,0.004347826086956522,0.0,0.0012147181382184135
29913,2020-06-11,Washington,1,242,368,6528,0.002717391304347826,0.0,0.0005046583850931677
29914,2020-06-12,Washington,0,242,238,6766,0.0,0.0,0.0005046583850931677
29915,2020-06-13,Washington,1,243,99,6865,0.010101010101010102,0.0,0.0012261591065938892
29916,2020-06-14,Washington,0,243,185,7050,0.0,0.0,0.0012261591065938892
29917,2020-06-15,Washington,0,243,67,7117,0.0,0.0,0.0012261591065938892
29918,2020-06-16,Washington,0,243,164,7281,0.0,0.0,0.0012261591065938892
29919,2020-06-17,Washington,0,243,171,7452,0.0,0.0,0.0009156001003827091
29920,2020-06-18,Washington,0,243,148,7600,0.0,0.0,0.0007215007215007216
29921,2020-06-19,Washington,1,244,206,7806,0.0048543689320388345,0.0,0.0010682413595034955
29922,2020-06-20,Washington,0,244,121,7927,0.0,0.0,0.0003467406380027739
29923,2020-06-21,Washington,0,244,118,8045,0.0,0.0,0.0003467406380027739
29924,2020-06-22,Washington,0,244,35,8080,0.0,0.0,0.0003467406380027739
29925,2020-06-23,Washington,0,244,239,8319,0.0,0.0,0.0003467406380027739
29926,2020-06-24,Washington,1,245,185,8504,0.005405405405405406,0.0,0.00073284102410316
29927,2020-06-25,Washington,0,245,109,8613,0.0,0.0,0.00073284102410316
29928,2020-06-26,Washington,0,245,213,8826,0.0,0.0,0.0003861003861003861
29929,2020-06-27,Washington,1,246,193,9019,0.0051813471502590676,0.0,0.0007561966111188911
29930,2020-06-28,Washington,0,246,157,9176,0.0,0.0,0.0007561966111188911
29931,2020-06-29,Washington,0,246,50,9226,0.0,0.0,0.0007561966111188911
29932,2020-06-30,Washington,0,246,172,9398,0.0,0.0,0.0007561966111188911
29933,2020-07-01,Washington,0,246,156,9554,0.0,0.0,0.00037009622501850485
29934,2020-07-02,Washington,0,246,86,9640,0.0,0.0,0.00037009622501850485
29935,2020-07-03,Washington,0,246,192,9832,0.0,0.0,0.00037009622501850485
29936,2020-07-04,Washington,0,246,79,9911,0.0,0.0,0.0
29937,2020-07-05,Washington,1,247,206,10117,0.0048543689320388345,0.0,0.0003467406380027739
29938,2020-07-06,Washington,0,247,55,10172,0.0,0.0,0.0003467406380027739
29939,2020-07-07,Washington,0,247,196,10368,0.0,0.0,0.0003467406380027739
29940,2020-07-08,Washington,1,248,160,10528,0.00625,0.0,0.0007931692094313453
29941,2020-07-09,Washington,1,249,242,10770,0.004132231404958678,0.0,0.0010883285954998224
29942,2020-07-10,Washington,0,249,176,10946,0.0,0.0,0.0010883285954998224
29943,2020-07-11,Washington,0,249,153,11099,0.0,0.0,0.0010883285954998224
29944,2020-07-12,Washington,0,249,148,11247,0.0,0.0,0.0007415879574970485
29945,2020-07-13,Washington,1,250,111,11358,0.009009009009009009,0.0,0.001385088600997692
29946,2020-07-14,Washington,0,250,178,11536,0.0,0.0,0.001385088600997692
29947,2020-07-15,Washington,0,250,95,11631,0.0,0.0,0.0009386600295691205
29948,2020-07-16,Washington,0,250,196,11827,0.0,0.0,0.0006435006435006435
29949,2020-07-17,Washington,0,250,247,12074,0.0,0.0,0.0006435006435006435
29950,2020-07-18,Washington,0,250,135,12209,0.0,0.0,0.0006435006435006435
29951,2020-07-19,Washington,0,250,115,12324,0.0,0.0,0.0006435006435006435
29952,2020-07-20,Washington,0,250,140,12464,0.0,0.0,0.0
29953,2020-07-21,Washington,1,251,329,12793,0.00303951367781155,0.0,0.00021710811984368216
29954,2020-07-22,Washington,1,252,250,13043,0.004,0.0,0.000502822405557968
29955,2020-07-23,Washington,0,252,219,13262,0.0,0.0,0.000502822405557968
29956,2020-07-24,Washington,0,252,275,13537,0.0,0.0,0.000502822405557968
29957,2020-07-25,Washington,1,253,300,13837,0.0033333333333333335,0.0,0.000740917643653206
29958,2020-07-26,Washington,1,254,271,14108,0.0036900369003690036,0.0,0.0010044917079652777
29959,2020-07-27,Washington,0,254,96,14204,0.0,0.0,0.0010044917079652777
29960,2020-07-28,Washington,0,254,142,14346,0.0,0.0,0.0007873835881215955
29961,2020-07-29,Washington,0,254,144,14490,0.0,0.0,0.0005016693024073097
29962,2020-07-30,Washington,0,254,249,14739,0.0,0.0,0.0005016693024073097
29963,2020-07-31,Washington,1,255,261,15000,0.0038314176245210726,0.0,0.0007753419898731007
29964,2020-08-01,Washington,0,255,96,15096,0.0,0.0,0.0005372467517778626
29965,2020-08-02,Washington,0,255,106,15202,0.0,0.0,0.0002736726874657909
29966,2020-08-03,Washington,0,255,211,15413,0.0,0.0,0.0002736726874657909
29967,2020-08-04,Washington,0,255,90,15503,0.0,0.0,0.0002736726874657909
29968,2020-08-05,Washington,1,256,74,15577,0.013513513513513514,0.0,0.0012389236527167564
29969,2020-08-06,Washington,0,256,260,15837,0.0,0.0,0.0012389236527167564
29970,2020-08-07,Washington,1,257,84,15921,0.011904761904761904,0.0,0.0018155911013053871
29971,2020-08-08,Washington,2,259,105,16026,0.01904761904761905,0.0,0.003176135318992462
29972,2020-08-09,Washington,1,260,122,16148,0.00819672131147541,0.0,0.003761615412669277
29973,2020-08-10,Washington,0,260,145,16293,0.0,0.0,0.003761615412669277
29974,2020-08-11,Washington,0,260,200,16493,0.0,0.0,0.003761615412669277
29975,2020-08-12,Washington,0,260,239,16732,0.0,0.0,0.002796364447418312
29976,2020-08-13,Washington,0,260,224,16956,0.0,0.0,0.002796364447418312
29977,2020-08-14,Washington,1,261,242,17198,0.004132231404958678,0.0,0.002241183697432367
29978,2020-08-15,Washington,0,261,202,17400,0.0,0.0,0.000880639479745292
29979,2020-08-16,Washington,0,261,144,17544,0.0,0.0,0.00029515938606847696
29980,2020-08-17,Washington,1,262,180,17724,0.005555555555555556,0.0,0.0006919847828938738
29981,2020-08-18,Washington,0,262,140,17864,0.0,0.0,0.0006919847828938738
29982,2020-08-19,Washington,2,264,183,18047,0.01092896174863388,0.0,0.0014726249077962937
29983,2020-08-20,Washington,0,264,260,18307,0.0,0.0,0.0014726249077962937
29984,2020-08-21,Washington,2,266,275,18582,0.007272727272727273,0.0,0.0016969460412083364
29985,2020-08-22,Washington,0,266,235,18817,0.0,0.0,0.0016969460412083364
29986,2020-08-23,Washington,0,266,168,18985,0.0,0.0,0.0016969460412083364
29987,2020-08-24,Washington,0,266,194,19179,0.0,0.0,0.0013001206443829395
29988,2020-08-25,Washington,0,266,119,19298,0.0,0.0,0.0013001206443829395
29989,2020-08-26,Washington,0,266,164,19462,0.0,0.0,0.0005194805194805195
29990,2020-08-27,Washington,1,267,137,19599,0.0072992700729927005,0.0,0.0010408569532657124
29991,2020-08-28,Washington,0,267,257,19856,0.0,0.0,0.0005213764337851929
29992,2020-08-29,Washington,0,267,204,20060,0.0,0.0,0.0005213764337851929
29993,2020-08-30,Washington,0,267,122,20182,0.0,0.0,0.0005213764337851929
29994,2020-08-31,Washington,1,268,111,20293,0.009009009009009009,0.0,0.0011648770772858363
29995,2020-09-01,Washington,0,268,408,20701,0.0,0.0,0.0011648770772858363
29996,2020-09-02,Washington,0,268,176,20877,0.0,0.0,0.0011648770772858363
29997,2020-09-03,Washington,1,269,189,21066,0.005291005291005291,0.0,0.0010214295928581642
29998,2020-09-04,Washington,0,269,138,21204,0.0,0.0,0.0010214295928581642
29999,2020-09-05,Washington,1,270,173,21377,0.005780346820809248,0.0,0.0014343115086302535
30000,2020-09-06,Washington,0,270,117,21494,0.0,0.0,0.0014343115086302535
30001,2020-09-07,Washington,1,271,105,21599,0.009523809523809525,0.0,0.0014710829739731474
30002,2020-09-08,Washington,1,272,321,21920,0.003115264797507788,0.0,0.0016936018880808466
30003,2020-09-09,Washington,0,272,92,22012,0.0,0.0,0.0016936018880808466
30004,2020-09-10,Washington,3,275,246,22258,0.012195121951219513,0.0,0.002186753078096148
30005,2020-09-11,Washington,8,283,230,22488,0.034782608695652174,1.0,0.00467122512778559
30006,2020-09-12,Washington,1,284,149,22637,0.006711409395973154,1.0,0.004737729597440153
30007,2020-09-13,Washington,0,284,184,22821,0.0,1.0,0.004737729597440153
30008,2020-09-14,Washington,0,284,117,22938,0.0,0.0,0.004057457488596616
30009,2020-09-15,Washington,2,286,249,23187,0.008032128514056224,1.0,0.004408662039778647
30010,2020-09-16,Washington,1,287,191,23378,0.005235602094240838,1.0,0.004782633617938708
30011,2020-09-17,Washington,0,287,210,23588,0.0,0.0,0.003911553478565885
30012,2020-09-18,Washington,0,287,185,23773,0.0,0.0,0.0014270814288764439
30013,2020-09-19,Washington,0,287,214,23987,0.0,0.0,0.0009476950434497901
30014,2020-09-20,Washington,0,287,110,24097,0.0,0.0,0.0009476950434497901
30015,2020-09-21,Washington,1,288,356,24453,0.0028089887640449437,0.0,0.0011483370980244292
30016,2020-09-22,Washington,1,289,193,24646,0.0051813471502590676,0.0,0.0009447098577532036
30017,2020-09-23,Washington,5,294,295,24941,0.01694915254237288,0.0,0.001781392032619778
30018,2020-09-24,Washington,0,294,215,25156,0.0,0.0,0.001781392032619778
30019,2020-09-25,Washington,2,296,311,25467,0.006430868167202572,0.0,0.0022407397588485333
30020,2020-09-26,Washington,0,296,274,25741,0.0,0.0,0.0022407397588485333
30021,2020-09-27,Washington,3,299,165,25906,0.01818181818181818,0.0,0.003539441057549831
30022,2020-09-28,Washington,2,301,313,26219,0.006389776357827476,0.0,0.0037952115999628695
30023,2020-09-29,Washington,1,302,243,26462,0.00411522633744856,0.0,0.003719060113333548
30024,2020-09-30,Washington,0,302,335,26797,0.0,0.0,0.0025084063603069136
30025,2020-10-01,Washington,3,305,248,27045,0.012096774193548387,0.0,0.003372461659846084
30026,2020-10-02,Washington,2,307,345,27390,0.005797101449275362,0.0,0.003327192608565569
30027,2020-10-03,Washington,0,307,387,27777,0.0,0.0,0.003327192608565569
30028,2020-10-04,Washington,0,307,128,27905,0.0,0.0,0.0020284913098642704
30029,2020-10-05,Washington,3,310,324,28229,0.009259259259259259,0.0,0.002233454374252255
30030,2020-10-06,Washington,1,311,226,28455,0.004424778761061947,0.0,0.002255565261653211
30031,2020-10-07,Washington,3,314,271,28726,0.01107011070110701,0.0,0.0030462874545894264
30032,2020-10-08,Washington,3,317,423,29149,0.0070921985815602835,0.0,0.002688817768018847
30033,2020-10-09,Washington,0,317,256,29405,0.0,0.0,0.0022747390930706072
30034,2020-10-10,Washington,0,317,294,29699,0.0,0.0,0.0022747390930706072
30035,2020-10-11,Washington,1,318,168,29867,0.005952380952380952,0.0,0.002699909161097818
30036,2020-10-12,Washington,1,319,388,30255,0.002577319587628866,0.0,0.0022226277559813613
30037,2020-10-13,Washington,3,322,184,30439,0.016304347826086956,0.0,0.003071168403483148
30038,2020-10-14,Washington,2,324,301,30740,0.006644518272425249,0.0,0.0027550546585773075
30039,2020-10-15,Washington,1,325,485,31225,0.002061855670103093,0.0,0.0023957444506160796
30040,2020-10-16,Washington,1,326,329,31554,0.00303951367781155,0.0,0.0026128525704597616
30041,2020-10-17,Washington,0,326,248,31802,0.0,0.0,0.0026128525704597616
30042,2020-10-18,Washington,0,326,172,31974,0.0,0.0,0.002187682502432551
30043,2020-10-19,Washington,0,326,283,32257,0.0,0.0,0.002003588246173346
30044,2020-10-20,Washington,0,326,193,32450,0.0,0.0,0.0008389919728814209
30045,2020-10-21,Washington,0,326,271,32721,0.0,0.0,0.00036438352485104595
30046,2020-10-22,Washington,1,327,286,33007,0.0034965034965034965,0.0,0.0004668583695939319
30047,2020-10-23,Washington,3,330,375,33382,0.008,0.0,0.0008211788211788211
30048,2020-10-24,Washington,2,332,301,33683,0.006644518272425249,0.0,0.0012957872692091962
30049,2020-10-25,Washington,2,334,174,33857,0.011494252873563218,0.0,0.002116805331606569
30050,2020-10-26,Washington,1,335,345,34202,0.002898550724637681,0.0,0.002323844669080689
30051,2020-10-27,Washington,1,336,167,34369,0.005988023952095809,0.0,0.0027515606656589612
30052,2020-10-28,Washington,2,338,244,34613,0.00819672131147541,0.0,0.0033370407593357764
30053,2020-10-29,Washington,2,340,313,34926,0.006389776357827476,0.0,0.0035437031065732034
30054,2020-10-30,Washington,7,347,349,35275,0.02005730659025788,1.0,0.004404939291591623
30055,2020-10-31,Washington,3,350,306,35581,0.00980392156862745,1.0,0.004630610955606066
30056,2020-11-01,Washington,3,353,189,35770,0.015873015873015872,1.0,0.004943379741281256
30057,2020-11-02,Washington,3,356,320,36090,0.009375,1.0,0.005405983260949993
30058,2020-11-03,Washington,2,358,400,36490,0.005,1.0,0.0053354101215145775
30059,2020-11-04,Washington,3,361,487,36977,0.006160164271047228,1.0,0.005189941761483993
30060,2020-11-05,Washington,16,377,484,37461,0.03305785123966942,2.0,0.007094804253044132
30061,2020-11-06,Washington,3,380,652,38113,0.004601226993865031,2.0,0.005990798567587501
30062,2020-11-07,Washington,0,380,600,38713,0.0,2.0,0.005290518455542683
30063,2020-11-08,Washington,2,382,125,38838,0.016,2.0,0.005299588750327262
30064,2020-11-09,Washington,2,384,541,39379,0.0036968576709796672,2.0,0.00489400715539724
30065,2020-11-10,Washington,6,390,809,40188,0.007416563658838072,2.0,0.005066618845314244
30066,2020-11-11,Washington,0,390,503,40691,0.0,2.0,0.004626607111668014
30067,2020-11-12,Washington,5,395,310,41001,0.016129032258064516,1.0,0.003417405755839092
30068,2020-11-13,Washington,5,400,255,41256,0.0196078431372549,1.0,0.0044893069089383675
30069,2020-11-14,Washington,3,403,169,41425,0.01775147928994083,1.0,0.005757269715362714
30070,2020-11-15,Washington,1,404,110,41535,0.00909090909090909,1.0,0.0052637632218562195
30071,2020-11-16,Washington,3,407,368,41903,0.008152173913043478,1.0,0.005582000096289348
30072,2020-11-17,Washington,0,407,336,42239,0.0,1.0,0.005052245549229486
30073,2020-11-18,Washington,4,411,401,42640,0.00997506234413965,1.0,0.005764750002382318
30074,2020-11-19,Washington,3,414,195,42835,0.015384615384615385,1.0,0.005711577368564523
30075,2020-11-20,Washington,4,418,485,43320,0.008247422680412371,1.0,0.004900118764504344
30076,2020-11-21,Washington,4,422,203,43523,0.019704433497536946,1.0,0.005039615493618352
30077,2020-11-22,Washington,8,430,472,43995,0.01694915254237288,1.0,0.005600918597294336
30078,2020-11-23,Washington,3,433,347,44342,0.008645533141210375,1.0,0.005636158542163401
30079,2020-11-24,Washington,2,435,212,44554,0.009433962264150943,2.0,0.006310012989602753
30080,2020-11-25,Washington,4,439,362,44916,0.011049723756906077,2.0,0.00638677451908607
30081,2020-11-26,Washington,1,440,457,45373,0.002188183807439825,1.0,0.00544417226357353
30082,2020-11-27,Washington,4,444,167,45540,0.023952095808383235,1.0,0.006565934629857163
30083,2020-11-28,Washington,5,449,250,45790,0.02,1.0,0.006587046522890238
30084,2020-11-29,Washington,3,452,189,45979,0.015873015873015872,1.0,0.006510179617936166
30085,2020-11-30,Washington,5,457,396,46375,0.012626262626262626,1.0,0.006794517438297042
30086,2020-12-01,Washington,4,461,326,46701,0.012269938650306749,1.0,0.006997087180165312
30087,2020-12-02,Washington,3,464,300,47001,0.01,1.0,0.006922106911814879
30088,2020-12-03,Washington,6,470,333,47334,0.018018018018018018,2.0,0.008052809355427609
30089,2020-12-04,Washington,13,483,352,47686,0.036931818181818184,2.0,0.00897993238210153
30090,2020-12-05,Washington,6,489,299,47985,0.020066889632107024,2.0,0.008984710212966318
30091,2020-12-06,Washington,2,491,161,48146,0.012422360248447204,2.0,0.008738234811211413
30092,2020-12-07,Washington,12,503,356,48502,0.033707865168539325,3.0,0.010244063564231179
30093,2020-12-08,Washington,3,506,155,48657,0.01935483870967742,3.0,0.010750127854186229
30094,2020-12-09,Washington,12,518,493,49150,0.02434077079107505,3.0,0.011774468624977302
30095,2020-12-10,Washington,20,538,379,49529,0.052770448548812667,4.0,0.014256785091462634
30096,2020-12-11,Washington,11,549,373,49902,0.029490616621983913,4.0,0.013725270694331616
30097,2020-12-12,Washington,25,574,433,50335,0.057736720554272515,6.0,0.01641597290305772
30098,2020-12-13,Washington,13,587,364,50699,0.03571428571428571,6.0,0.01807968186490333
30099,2020-12-14,Washington,10,597,251,50950,0.0398406374501992,6.0,0.018517737027879035
30100,2020-12-15,Washington,9,606,305,51255,0.029508196721311476,7.0,0.019242976885852893
30101,2020-12-16,Washington,13,619,367,51622,0.035422343324250684,7.0,0.020034517781079727
30102,2020-12-17,Washington,6,625,421,52043,0.014251781472684086,6.0,0.01728318441849911
30103,2020-12-18,Washington,9,634,285,52328,0.031578947368421054,6.0,0.01743235090038748
30104,2020-12-19,Washington,7,641,334,52662,0.020958083832335328,4.0,0.014805305420249108
30105,2020-12-20,Washington,10,651,267,52929,0.03745318352059925,4.0,0.014929512406414363
30106,2020-12-21,Washington,20,671,227,53156,0.0881057268722467,5.0,0.018377018793703466
30107,2020-12-22,Washington,6,677,135,53291,0.044444444444444446,5.0,0.01944389363107011
30108,2020-12-23,Washington,26,703,455,53746,0.05714285714285714,6.0,0.020995358903827716
30109,2020-12-24,Washington,10,713,285,54031,0.03508771929824561,6.0,0.022483640177082105
30110,2020-12-25,Washington,27,740,464,54495,0.05818965517241379,7.0,0.02438440502022445
30111,2020-12-26,Washington,9,749,509,55004,0.01768172888015717,7.0,0.024150379666497437
30112,2020-12-27,Washington,18,767,416,55420,0.04326923076923077,8.0,0.024565811612828257
30113,2020-12-28,Washington,8,775,323,55743,0.02476780185758514,7.0,0.020041674111781003
30114,2020-12-29,Washington,30,805,211,55954,0.14218009478672985,9.0,0.027022791993372822
30115,2020-12-30,Washington,20,825,379,56333,0.052770448548812667,8.0,0.02671047709379822
30116,2020-12-31,Washington,49,874,535,56868,0.09158878504672897,11.0,0.030746267504404172
30117,2021-01-01,Washington,15,889,609,57477,0.024630541871921183,10.0,0.028349187982940414
30118,2021-01-02,Washington,42,931,491,57968,0.0855397148676171,13.0,0.03319618698204469
30119,2021-01-03,Washington,9,940,347,58315,0.025936599423631124,12.0,0.03195814188593043
30120,2021-01-04,Washington,42,982,357,58672,0.11764705882352941,14.0,0.03859237452635502
30121,2021-01-05,Washington,24,1006,418,59090,0.05741626794258373,14.0,0.03253781546605888
30122,2021-01-06,Washington,48,1054,536,59626,0.08955223880597014,16.0,0.03516508619871298
30123,2021-01-07,Washington,61,1115,661,60287,0.09228441754916793,17.0,0.035214774234601474
30124,2021-01-08,Washington,52,1167,838,61125,0.06205250596658711,19.0,0.037887771669934754
30125,2021-01-09,Washington,38,1205,840,61965,0.04523809523809524,19.0,0.035009084553540334
30126,2021-01-10,Washington,24,1229,706,62671,0.0339943342776204,20.0,0.035584637043110996
30127,2021-01-11,Washington,43,1272,666,63337,0.06456456456456457,20.0,0.0317930303103278
30128,2021-01-12,Washington,41,1313,450,63787,0.09111111111111111,21.0,0.03419980482236547
30129,2021-01-13,Washington,19,1332,472,64259,0.04025423728813559,19.0,0.030678518999663
30130,2021-01-14,Washington,49,1381,833,65092,0.058823529411764705,19.0,0.02828845556127705
30131,2021-01-15,Washington,43,1424,812,65904,0.05295566502463054,18.0,0.027638681208280152
30132,2021-01-16,Washington,14,1438,673,66577,0.020802377414561663,16.0,0.025893272792313467
30133,2021-01-17,Washington,35,1473,629,67206,0.05564387917329094,17.0,0.027439668856289935
30134,2021-01-18,Washington,29,1502,509,67715,0.05697445972495088,16.0,0.026897518510603242
30135,2021-01-19,Washington,40,1542,731,68446,0.05471956224350205,16.0,0.024298122162916883
30136,2021-01-20,Washington,32,1574,633,69079,0.05055292259083728,17.0,0.02503374254168129
30137,2021-01-21,Washington,38,1612,684,69763,0.05555555555555555,16.0,0.02480031583766635
30138,2021-01-22,Washington,32,1644,584,70347,0.0547945205479452,15.0,0.024931662660760256
30139,2021-01-23,Washington,35,1679,753,71100,0.04648074369189907,17.0,0.02676583168057007
30140,2021-01-24,Washington,24,1703,422,71522,0.05687203791469194,16.0,0.02685355730495586
30141,2021-01-25,Washington,32,1735,459,71981,0.06971677559912855,16.0,0.02776372272453997
30142,2021-01-26,Washington,27,1762,411,72392,0.06569343065693431,15.0,0.028547570468356563
30143,2021-01-27,Washington,23,1785,523,72915,0.04397705544933078,15.0,0.028077865672534674
30144,2021-01-28,Washington,33,1818,605,73520,0.05454545454545454,14.0,0.028005715600384597
30145,2021-01-29,Washington,14,1832,591,74111,0.023688663282571912,13.0,0.025783868652857932
30146,2021-01-30,Washington,22,1854,574,74685,0.03832752613240418,12.0,0.02520149597003687
30147,2021-01-31,Washington,21,1875,389,75074,0.05398457583547558,12.0,0.024995248678664272
30148,2021-02-01,Washington,14,1889,377,75451,0.03713527851458886,11.0,0.02266799888691144
30149,2021-02-02,Washington,18,1907,324,75775,0.05555555555555555,10.0,0.021943864951098672
30150,2021-02-03,Washington,35,1942,719,76494,0.048678720445062586,11.0,0.022279698165079517
30151,2021-02-04,Washington,38,1980,517,77011,0.0735009671179884,11.0,0.023633663348831935
30152,2021-02-05,Washington,23,2003,726,77737,0.03168044077134986,12.0,0.02420450459803036
30153,2021-02-06,Washington,24,2027,660,78397,0.03636363636363636,12.0,0.02406422675740408
30154,2021-02-07,Washington,28,2055,459,78856,0.06100217864923747,12.0,0.024565484101244223
30155,2021-02-08,Washington,24,2079,489,79345,0.049079754601226995,13.0,0.02541866096457552
30156,2021-02-09,Washington,15,2094,334,79679,0.04491017964071856,13.0,0.024658276970658588
30157,2021-02-10,Washington,16,2110,581,80260,0.027538726333907058,12.0,0.023148277391290335
30158,2021-02-11,Washington,21,2131,537,80797,0.03910614525139665,10.0,0.020691504400819495
30159,2021-02-12,Washington,16,2147,575,81372,0.02782608695652174,10.0,0.020416193414046057
30160,2021-02-13,Washington,13,2160,450,81822,0.028888888888888888,9.0,0.019882282880135525
30161,2021-02-14,Washington,7,2167,501,82323,0.013972055888223553,8.0,0.016522988397205958
30162,2021-02-15,Washington,23,2190,431,82754,0.05336426914153132,7.0,0.016829025150084838
30163,2021-02-16,Washington,9,2199,328,83082,0.027439024390243903,7.0,0.01558108548933665
30164,2021-02-17,Washington,3,2202,320,83402,0.009375,6.0,0.014283676465486148
30165,2021-02-18,Washington,20,2222,565,83967,0.035398230088495575,6.0,0.014018825382421786
30166,2021-02-19,Washington,10,2232,464,84431,0.021551724137931036,6.0,0.013570656609665305
30167,2021-02-20,Washington,16,2248,530,84961,0.03018867924528302,6.0,0.013663498777979172
30168,2021-02-21,Washington,11,2259,286,85247,0.038461538461538464,6.0,0.015412747533215948
30169,2021-02-22,Washington,12,2271,156,85403,0.07692307692307693,5.0,0.017095519517612064
30170,2021-02-23,Washington,8,2279,384,85787,0.020833333333333332,5.0,0.016623684442118456
30171,2021-02-24,Washington,16,2295,877,86664,0.018244013683010263,6.0,0.01725718541947633
30172,2021-02-25,Washington,25,2320,484,87148,0.05165289256198347,7.0,0.018418232739011175
30173,2021-02-26,Washington,6,2326,581,87729,0.010327022375215147,6.0,0.017616468327388616
30174,2021-02-27,Washington,9,2335,459,88188,0.0196078431372549,6.0,0.016860694319672322
30175,2021-02-28,Washington,8,2343,386,88574,0.02072538860103627,6.0,0.015593826472493594
30176,2021-03-01,Washington,10,2353,259,88833,0.03861003861003861,5.0,0.012857180878705143
30177,2021-03-02,Washington,7,2360,590,89423,0.011864406779661017,5.0,0.012216543267728548
30178,2021-03-03,Washington,6,2366,501,89924,0.011976047904191617,5.0,0.01176883142638436
30179,2021-03-04,Washington,14,2380,488,90412,0.028688524590163935,4.0,0.01012851942839725
30180,2021-03-05,Washington,17,2397,607,91019,0.02800658978583196,5.0,0.011391345672012736
30181,2021-03-06,Washington,9,2406,542,91561,0.016605166051660517,5.0,0.011176868737327424
30182,2021-03-07,Washington,6,2412,264,91825,0.022727272727272728,4.0,0.011319860460630026
30183,2021-03-08,Washington,6,2418,395,92220,0.015189873417721518,4.0,0.009646991518321662
30184,2021-03-09,Washington,8,2426,342,92562,0.023391812865497075,4.0,0.010470377667309955
30185,2021-03-10,Washington,9,2435,496,93058,0.018145161290322582,4.0,0.010911028623462164
30186,2021-03-11,Washington,13,2448,717,93775,0.01813110181311018,4.0,0.010156926996529755
30187,2021-03-12,Washington,12,2460,714,94489,0.01680672268907563,4.0,0.009356936489618588
30188,2021-03-13,Washington,4,2464,590,95079,0.006779661016949152,4.0,0.00865511470142492
30189,2021-03-14,Washington,7,2471,244,95323,0.028688524590163935,4.0,0.00908091840591715
30190,2021-03-15,Washington,11,2482,395,95718,0.027848101265822784,4.0,0.00998507753792438
30191,2021-03-16,Washington,11,2493,386,96104,0.02849740932642487,4.0,0.010349762999419225
30192,2021-03-17,Washington,8,2501,476,96580,0.01680672268907563,4.0,0.010254160242187298
30193,2021-03-18,Washington,6,2507,446,97026,0.013452914798206279,4.0,0.00992000402683702
30194,2021-03-19,Washington,8,2515,684,97710,0.011695906432748537,3.0,0.009554945722813655
30195,2021-03-20,Washington,16,2531,469,98179,0.03411513859275053,4.0,0.011507479835370898
30196,2021-03-21,Washington,7,2538,261,98440,0.02681992337164751,4.0,0.011374008319762582
30197,2021-03-22,Washington,19,2557,335,98775,0.056716417910447764,5.0,0.013436030937235794
30198,2021-03-23,Washington,12,2569,414,99189,0.028985507246376812,5.0,0.013470895074375221
30199,2021-03-24,Washington,13,2582,512,99701,0.025390625,5.0,0.01408403095372696
30200,2021-03-25,Washington,8,2590,491,100192,0.016293279022403257,5.0,0.014286914112598173
30201,2021-03-26,Washington,30,2620,863,101055,0.03476245654692932,7.0,0.015934524835039657
30202,2021-03-27,Washington,17,2637,657,101712,0.0258751902587519,7.0,0.015345957096896897
30203,2021-03-28,Washington,10,2647,376,102088,0.026595744680851064,7.0,0.01532994433326858
30204,2021-03-29,Washington,17,2664,442,102530,0.038461538461538464,7.0,0.014026024372632201
30205,2021-03-30,Washington,12,2676,400,102930,0.03,7.0,0.014098488140748143
30206,2021-03-31,Washington,15,2691,568,103498,0.02640845070422535,7.0,0.01417118997676424
30207,2021-04-01,Washington,17,2708,444,103942,0.038288288288288286,8.0,0.015742262067184598
30208,2021-04-02,Washington,6,2714,656,104598,0.009146341463414634,6.0,0.013912539561219265
30209,2021-04-03,Washington,11,2725,442,105040,0.024886877828054297,6.0,0.013841945816169435
30210,2021-04-04,Washington,8,2733,407,105447,0.019656019656019656,6.0,0.01334625117153862
30211,2021-04-05,Washington,6,2739,389,105836,0.015424164524421594,5.0,0.011700724461744557
30212,2021-04-06,Washington,16,2755,459,106295,0.034858387799564274,5.0,0.012047752161713433
30213,2021-04-07,Washington,13,2768,611,106906,0.02127659574468085,5.0,0.011681191093174541
30214,2021-04-08,Washington,11,2779,478,107384,0.02301255230125523,5.0,0.010590067094100753
30215,2021-04-09,Washington,10,2789,531,107915,0.018832391713747645,5.0,0.011281927826267397
30216,2021-04-10,Washington,3,2792,407,108322,0.007371007371007371,4.0,0.010030794222192618
30217,2021-04-11,Washington,3,2795,422,108744,0.0071090047393364926,4.0,0.009134578871000961
30218,2021-04-12,Washington,8,2803,277,109021,0.02888086642599278,4.0,0.010095771863970331
30219,2021-04-13,Washington,10,2813,461,109482,0.021691973969631236,4.0,0.009155313733260829
30220,2021-04-14,Washington,13,2826,503,109985,0.02584493041749503,4.0,0.009481623352747557
30221,2021-04-15,Washington,14,2840,622,110607,0.022508038585209004,4.0,0.009445586658744254
30222,2021-04-16,Washington,7,2847,542,111149,0.012915129151291513,4.0,0.009022925047140246
30223,2021-04-17,Washington,10,2857,666,111815,0.015015015015015015,4.0,0.00956892559314079
30224,2021-04-18,Washington,10,2867,326,112141,0.03067484662576687,5.0,0.011252200013600102
30225,2021-04-19,Washington,3,2870,203,112344,0.014778325123152709,4.0,0.010244875634825812
30226,2021-04-20,Washington,9,2879,425,112769,0.021176470588235293,4.0,0.010208053964726103
30227,2021-04-21,Washington,13,2892,604,113373,0.02152317880794702,4.0,0.00989935742118696
30228,2021-04-22,Washington,8,2900,422,113795,0.018957345971563982,4.0,0.009645736520212314
30229,2021-04-23,Washington,15,2915,679,114474,0.022091310751104567,4.0,0.010301178063056105
30230,2021-04-24,Washington,6,2921,634,115108,0.00946372239747634,4.0,0.009904657161803342
30231,2021-04-25,Washington,3,2924,228,115336,0.013157894736842105,4.0,0.00865344631259443
30232,2021-04-26,Washington,3,2927,327,115663,0.009174311926605505,4.0,0.008253159655698202
30233,2021-04-27,Washington,6,2933,314,115977,0.01910828025477707,3.0,0.0081054317747369
30234,2021-04-28,Washington,13,2946,798,116775,0.016290726817042606,3.0,0.007731685203958012
30235,2021-04-29,Washington,16,2962,540,117315,0.02962962962962963,4.0,0.00849399117953413
30236,2021-04-30,Washington,11,2973,754,118069,0.014588859416445624,4.0,0.007958101798487062
30237,2021-05-01,Washington,8,2981,346,118415,0.023121387283236993,4.0,0.00893364929032711
30238,2021-05-02,Washington,2,2983,253,118668,0.007905138339920948,4.0,0.008558452404832741
30239,2021-05-03,Washington,11,2994,208,118876,0.052884615384615384,4.0,0.011680616937547733
30240,2021-05-04,Washington,17,3011,487,119363,0.03490759753593429,5.0,0.012809139600487532
30241,2021-05-05,Washington,5,3016,609,119972,0.008210180623973728,5.0,0.01223195772955404
30242,2021-05-06,Washington,11,3027,480,120452,0.022916666666666665,4.0,0.011752460375056688
30243,2021-05-07,Washington,10,3037,826,121278,0.012106537530266344,4.0,0.011575151668901025
30244,2021-05-08,Washington,3,3040,339,121617,0.008849557522123894,4.0,0.010555735257392949
30245,2021-05-09,Washington,8,3048,340,121957,0.023529411764705882,4.0,0.01167175478773473
30246,2021-05-10,Washington,7,3055,209,122166,0.03349282296650718,4.0,0.010286626757869856
30247,2021-05-11,Washington,9,3064,429,122595,0.02097902097902098,3.0,0.009291728432376049
30248,2021-05-12,Washington,9,3073,524,123119,0.01717557251908397,4.0,0.009932113567741065
30249,2021-05-13,Washington,2,3075,388,123507,0.005154639175257732,3.0,0.008663397318354712
30250,2021-05-14,Washington,10,3085,642,124149,0.01557632398753894,3.0,0.008911239208159899
30251,2021-05-15,Washington,6,3091,282,124431,0.02127659574468085,3.0,0.009798884795485395
30252,2021-05-16,Washington,4,3095,196,124627,0.02040816326530612,3.0,0.009575938474099698
30253,2021-05-17,Washington,0,3095,280,124907,0.0,2.0,0.007183593976492043
30254,2021-05-18,Washington,6,3101,400,125307,0.015,2.0,0.006756521049419115
30255,2021-05-19,Washington,3,3104,407,125714,0.007371007371007371,2.0,0.006056194967413644
30256,2021-05-20,Washington,2,3106,428,126142,0.004672897196261682,2.0,0.006021784826056783
30257,2021-05-21,Washington,6,3112,446,126588,0.013452914798206279,1.0,0.005870112741104451
30258,2021-05-22,Washington,3,3115,270,126858,0.011111111111111112,1.0,0.005144006695849469
30259,2021-05-23,Washington,1,3116,245,127103,0.004081632653061225,1.0,0.003977825937831976
30260,2021-05-24,Washington,1,3117,257,127360,0.0038910505836575876,1.0,0.004255758122378947
30261,2021-05-25,Washington,2,3119,368,127728,0.005434782608695652,1.0,0.0035725283087143507
30262,2021-05-26,Washington,6,3125,335,128063,0.01791044776119403,1.0,0.004325345479441969
30263,2021-05-27,Washington,2,3127,346,128409,0.005780346820809248,1.0,0.0044044490240525095
30264,2021-05-28,Washington,3,3130,327,128736,0.009174311926605505,1.0,0.004098834533223883
30265,2021-05-29,Washington,6,3136,440,129176,0.013636363636363636,1.0,0.0042792097135990635
30266,2021-05-30,Washington,0,3136,100,129276,0.0,1.0,0.0039876645240946905
30267,2021-05-31,Washington,2,3138,86,129362,0.023255813953488372,1.0,0.005370861907654031
30268,2021-06-01,Washington,3,3141,136,129498,0.022058823529411766,1.0,0.006558293401990897
30269,2021-06-02,Washington,1,3142,421,129919,0.0023752969121140144,1.0,0.005448639769913753
30270,2021-06-03,Washington,0,3142,517,130436,0.0,1.0,0.005035757854141664
30271,2021-06-04,Washington,4,3146,400,130836,0.01,1.0,0.005094735573669842
30272,2021-06-05,Washington,1,3147,268,131104,0.0037313432835820895,0.0,0.004387234119899732
30273,2021-06-06,Washington,0,3147,111,131215,0.0,0.0,0.004387234119899732
30274,2021-06-07,Washington,3,3150,385,131600,0.007792207792207792,0.0,0.003282690822665405
30275,2021-06-08,Washington,2,3152,318,131918,0.006289308176100629,0.0,0.0021562968688574663
30276,2021-06-09,Washington,3,3155,288,132206,0.010416666666666666,0.0,0.002730680422754084
30277,2021-06-10,Washington,4,3159,324,132530,0.012345679012345678,1.0,0.0036125146379216324
30278,2021-06-11,Washington,0,3159,334,132864,0.0,0.0,0.002898228923635918
30279,2021-06-12,Washington,0,3159,265,133129,0.0,0.0,0.0026317044033800545
30280,2021-06-13,Washington,2,3161,89,133218,0.02247191011235955,1.0,0.0042368408399771655
30281,2021-06-14,Washington,1,3162,88,133306,0.011363636363636364,0.0,0.0044919428807934925
30282,2021-06-15,Washington,0,3162,339,133645,0.0,0.0,0.00404270658250059
30283,2021-06-16,Washington,0,3162,282,133927,0.0,0.0,0.003298658963452971
30284,2021-06-17,Washington,0,3162,186,134113,0.0,0.0,0.0024168247482854225
30285,2021-06-18,Washington,0,3162,341,134454,0.0,0.0,0.0024168247482854225
30286,2021-06-19,Washington,1,3163,189,134643,0.005291005291005291,0.0,0.0027947536976429435
30287,2021-06-20,Washington,1,3164,99,134742,0.010101010101010102,0.0,0.0019111179825465538
30288,2021-06-21,Washington,0,3164,139,134881,0.0,0.0,0.0010994296708582423
30289,2021-06-22,Washington,1,3165,178,135059,0.0056179775280898875,0.0,0.00150071378000752
30290,2021-06-23,Washington,0,3165,163,135222,0.0,0.0,0.00150071378000752
30291,2021-06-24,Washington,0,3165,170,135392,0.0,0.0,0.00150071378000752
30292,2021-06-25,Washington,0,3165,166,135558,0.0,0.0,0.00150071378000752
30293,2021-06-26,Washington,1,3166,122,135680,0.00819672131147541,0.0,0.0017082649243268142
30294,2021-06-27,Washington,0,3166,91,135771,0.0,0.0,0.0009867642028260927
30295,2021-06-28,Washington,0,3166,93,135864,0.0,0.0,0.0009867642028260927
30296,2021-06-29,Washington,1,3167,101,135965,0.009900990099009901,0.0,0.0012926936721775223
30297,2021-06-30,Washington,0,3167,179,136144,0.0,0.0,0.0012926936721775223
30298,2021-07-01,Washington,0,3167,133,136277,0.0,0.0,0.0012926936721775223
30299,2021-07-02,Washington,0,3167,179,136456,0.0,0.0,0.0012926936721775223
30300,2021-07-03,Washington,0,3167,102,136558,0.0,0.0,0.0007072135785007072
30301,2021-07-04,Washington,0,3167,83,136641,0.0,0.0,0.0007072135785007072
30302,2021-07-05,Washington,2,3169,42,136683,0.047619047619047616,0.0,0.004108574122718394
30303,2021-07-06,Washington,0,3169,66,136749,0.0,0.0,0.003401360544217687
30304,2021-07-07,Washington,0,3169,168,136917,0.0,0.0,0.003401360544217687
30305,2021-07-08,Washington,1,3170,127,137044,0.007874015748031496,0.0,0.003963790240505651
30306,2021-07-09,Washington,0,3170,181,137225,0.0,0.0,0.003963790240505651
30307,2021-07-10,Washington,0,3170,63,137288,0.0,0.0,0.003963790240505651
30308,2021-07-11,Washington,0,3170,66,137354,0.0,0.0,0.003963790240505651
30309,2021-07-12,Washington,0,3170,80,137434,0.0,0.0,0.000562429696287964
30310,2021-07-13,Washington,2,3172,80,137514,0.025,0.0,0.00234814398200225
30311,2021-07-14,Washington,0,3172,158,137672,0.0,0.0,0.00234814398200225
30312,2021-07-15,Washington,0,3172,132,137804,0.0,0.0,0.0017857142857142859
30313,2021-07-16,Washington,4,3176,97,137901,0.041237113402061855,0.0,0.004731222385861561
30314,2021-07-17,Washington,1,3177,105,138006,0.009523809523809525,0.0,0.005411494494705099
30315,2021-07-18,Washington,1,3178,82,138088,0.012195121951219513,0.0,0.00628257463407792
30316,2021-07-19,Washington,0,3178,56,138144,0.0,0.0,0.00628257463407792
30317,2021-07-20,Washington,0,3178,65,138209,0.0,0.0,0.004496860348363635
30318,2021-07-21,Washington,2,3180,136,138345,0.014705882352941176,0.0,0.005547280516430862
30319,2021-07-22,Washington,3,3183,138,138483,0.021739130434782608,0.0,0.0071000755474867625
30320,2021-07-23,Washington,4,3187,115,138598,0.034782608695652174,0.0,0.006639039497028927
30321,2021-07-24,Washington,0,3187,130,138728,0.0,0.0,0.00595876738818539
30322,2021-07-25,Washington,2,3189,84,138812,0.023809523809523808,0.0,0.006788367520921413
30323,2021-07-26,Washington,1,3190,44,138856,0.022727272727272728,0.0,0.008411744144298036
30324,2021-07-27,Washington,4,3194,125,138981,0.032,1.0,0.01069745843001232
30325,2021-07-28,Washington,5,3199,192,139173,0.026041666666666668,1.0,0.011507157309564142
30326,2021-07-29,Washington,4,3203,168,139341,0.023809523809523808,1.0,0.011655042550617084
30327,2021-07-30,Washington,3,3206,181,139522,0.016574585635359115,1.0,0.010354469474881866
30328,2021-07-31,Washington,7,3213,186,139708,0.03763440860215054,1.0,0.01304264151789262
30329,2021-08-01,Washington,2,3215,90,139798,0.022222222222222223,1.0,0.012929262833085363
30330,2021-08-02,Washington,8,3223,93,139891,0.08602150537634409,2.0,0.017450279450876172
30331,2021-08-03,Washington,3,3226,157,140048,0.01910828025477707,2.0,0.01652944232621739
30332,2021-08-04,Washington,7,3233,194,140242,0.03608247422680412,2.0,0.017246642866227214
30333,2021-08-05,Washington,10,3243,243,140485,0.0411522633744856,2.0,0.0184854099780102
30334,2020-03-01,Wayne,0,0,0,0,,,
30335,2020-03-02,Wayne,0,0,0,0,,,
30336,2020-03-03,Wayne,0,0,0,0,,,
30337,2020-03-04,Wayne,0,0,0,0,,,
30338,2020-03-05,Wayne,0,0,0,0,,,
30339,2020-03-06,Wayne,0,0,0,0,,,
30340,2020-03-07,Wayne,0,0,0,0,,0.0,
30341,2020-03-08,Wayne,0,0,0,0,,0.0,
30342,2020-03-09,Wayne,0,0,0,0,,0.0,
30343,2020-03-10,Wayne,0,0,0,0,,0.0,
30344,2020-03-11,Wayne,0,0,0,0,,0.0,
30345,2020-03-12,Wayne,0,0,0,0,,0.0,
30346,2020-03-13,Wayne,0,0,2,2,0.0,0.0,
30347,2020-03-14,Wayne,0,0,1,3,0.0,0.0,
30348,2020-03-15,Wayne,0,0,3,6,0.0,0.0,
30349,2020-03-16,Wayne,0,0,3,9,0.0,0.0,
30350,2020-03-17,Wayne,0,0,10,19,0.0,0.0,
30351,2020-03-18,Wayne,1,1,15,34,0.06666666666666667,0.0,
30352,2020-03-19,Wayne,0,1,21,55,0.0,0.0,0.0047619047619047615
30353,2020-03-20,Wayne,2,3,13,68,0.15384615384615385,0.0,0.01575091575091575
30354,2020-03-21,Wayne,0,3,9,77,0.0,0.0,0.01575091575091575
30355,2020-03-22,Wayne,3,6,14,91,0.21428571428571427,0.0,0.031057038199895342
30356,2020-03-23,Wayne,0,6,17,108,0.0,0.0,0.031057038199895342
30357,2020-03-24,Wayne,1,7,15,123,0.06666666666666667,0.0,0.035818942961800104
30358,2020-03-25,Wayne,1,8,37,160,0.02702702702702703,0.0,0.03298754013039727
30359,2020-03-26,Wayne,3,11,27,187,0.1111111111111111,0.0,0.04092404806690521
30360,2020-03-27,Wayne,1,12,32,219,0.03125,0.0,0.03216717993503708
30361,2020-03-28,Wayne,0,12,13,232,0.0,0.0,0.03216717993503708
30362,2020-03-29,Wayne,3,15,24,256,0.125,0.0,0.025789628914628913
30363,2020-03-30,Wayne,4,19,28,284,0.14285714285714285,0.0,0.035993710547281975
30364,2020-03-31,Wayne,5,24,33,317,0.15151515151515152,1.0,0.04205431660788804
30365,2020-04-01,Wayne,3,27,28,345,0.10714285714285714,1.0,0.0477768759018759
30366,2020-04-02,Wayne,3,30,28,373,0.10714285714285714,1.0,0.04749342918985776
30367,2020-04-03,Wayne,0,30,35,408,0.0,1.0,0.0452612863327149
30368,2020-04-04,Wayne,2,32,24,432,0.08333333333333333,1.0,0.05121366728509586
30369,2020-04-05,Wayne,2,34,15,447,0.13333333333333333,1.0,0.051808905380333954
30370,2020-04-06,Wayne,1,35,31,478,0.03225806451612903,1.0,0.043908971213118674
30371,2020-04-07,Wayne,4,39,46,524,0.08695652173913043,1.0,0.03929764051483146
30372,2020-04-08,Wayne,0,39,34,558,0.0,0.0,0.03164457929034166
30373,2020-04-09,Wayne,2,41,34,592,0.058823529411764705,0.0,0.028193198738120772
30374,2020-04-10,Wayne,1,42,17,609,0.058823529411764705,0.0,0.03239487941038968
30375,2020-04-11,Wayne,0,42,7,616,0.0,0.0,0.02644249845800873
30376,2020-04-12,Wayne,0,42,8,624,0.0,0.0,0.016918688934199205
30377,2020-04-13,Wayne,6,48,39,663,0.15384615384615385,0.0,0.02560355245777241
30378,2020-04-14,Wayne,0,48,20,683,0.0,0.0,0.019392372333548808
30379,2020-04-15,Wayne,1,49,12,695,0.08333333333333333,0.0,0.025344753285929757
30380,2020-04-16,Wayne,0,49,7,702,0.0,0.0,0.02114307261366085
30381,2020-04-17,Wayne,0,49,7,709,0.0,0.0,0.01694139194139194
30382,2020-04-18,Wayne,1,50,6,715,0.16666666666666666,0.0,0.028846153846153848
30383,2020-04-19,Wayne,0,50,2,717,0.0,0.0,0.028846153846153848
30384,2020-04-20,Wayne,1,51,8,725,0.125,0.0,0.02678571428571428
30385,2020-04-21,Wayne,1,52,16,741,0.0625,0.0,0.031249999999999997
30386,2020-04-22,Wayne,1,53,13,754,0.07692307692307693,0.0,0.030792124542124544
30387,2020-04-23,Wayne,0,53,12,766,0.0,0.0,0.030792124542124544
30388,2020-04-24,Wayne,12,65,257,1023,0.04669260700389105,1.0,0.034127310756688185
30389,2020-04-25,Wayne,0,65,36,1059,0.0,1.0,0.022222548851926285
30390,2020-04-26,Wayne,4,69,28,1087,0.14285714285714285,1.0,0.03242663048457935
30391,2020-04-27,Wayne,1,70,53,1140,0.018867924528301886,1.0,0.02484576795088662
30392,2020-04-28,Wayne,0,70,45,1185,0.0,1.0,0.02038148223660091
30393,2020-04-29,Wayne,1,71,54,1239,0.018518518518518517,1.0,0.016209728064846735
30394,2020-04-30,Wayne,0,71,56,1295,0.0,1.0,0.016209728064846735
30395,2020-05-01,Wayne,2,73,43,1338,0.046511627906976744,0.0,0.016196800986495712
30396,2020-05-02,Wayne,2,75,86,1424,0.023255813953488372,0.0,0.017857930554602025
30397,2020-05-03,Wayne,1,76,88,1512,0.011363636363636364,0.0,0.008465537233637277
30398,2020-05-04,Wayne,2,78,66,1578,0.030303030303030304,0.0,0.009282330503260735
30399,2020-05-05,Wayne,0,78,93,1671,0.0,0.0,0.009282330503260735
30400,2020-05-06,Wayne,0,78,93,1764,0.0,0.0,0.007959579180509413
30401,2020-05-07,Wayne,1,79,95,1859,0.010526315789473684,0.0,0.008711458879757532
30402,2020-05-08,Wayne,0,79,63,1922,0.0,0.0,0.005389199743544909
30403,2020-05-09,Wayne,1,80,101,2023,0.009900990099009901,0.0,0.004435283753939304
30404,2020-05-10,Wayne,1,81,72,2095,0.013888888888888888,0.0,0.004615658934314483
30405,2020-05-11,Wayne,2,83,64,2159,0.03125,0.0,0.004683299626955177
30406,2020-05-12,Wayne,1,84,168,2327,0.005952380952380952,0.0,0.005108469694982388
30407,2020-05-13,Wayne,5,89,120,2447,0.041666666666666664,0.0,0.008084660171172865
30408,2020-05-14,Wayne,2,91,110,2557,0.01818181818181818,0.0,0.008631481770626042
30409,2020-05-15,Wayne,1,92,86,2643,0.011627906976744186,0.0,0.009462046554679198
30410,2020-05-16,Wayne,4,96,118,2761,0.03389830508474576,1.0,0.011176140482231759
30411,2020-05-17,Wayne,1,97,114,2875,0.008771929824561403,1.0,0.010810643406208367
30412,2020-05-18,Wayne,1,98,128,3003,0.0078125,1.0,0.009136536263351225
30413,2020-05-19,Wayne,5,103,187,3190,0.026737967914438502,1.0,0.010621221046355335
30414,2020-05-20,Wayne,0,103,155,3345,0.0,1.0,0.007645030570164859
30415,2020-05-21,Wayne,1,104,104,3449,0.009615384615384616,0.0,0.007033142458276748
30416,2020-05-22,Wayne,3,107,163,3612,0.018404907975460124,1.0,0.007517213958185028
30417,2020-05-23,Wayne,1,108,107,3719,0.009345794392523364,0.0,0.0057634631944548575
30418,2020-05-24,Wayne,1,109,106,3825,0.009433962264150943,0.0,0.005810751225854111
30419,2020-05-25,Wayne,1,110,170,3995,0.0058823529411764705,0.0,0.005672883578795287
30420,2020-05-26,Wayne,0,110,339,4334,0.0,0.0,0.0037630287277639653
30421,2020-05-27,Wayne,2,112,303,4637,0.006600660066006601,0.0,0.004234504446764437
30422,2020-05-28,Wayne,1,113,290,4927,0.0034482758620689655,0.0,0.003793996678670462
30423,2020-05-29,Wayne,0,113,299,5226,0.0,0.0,0.002479360394709025
30424,2020-05-30,Wayne,2,115,284,5510,0.007042253521126761,0.0,0.0023148217610378385
30425,2020-05-31,Wayne,1,116,228,5738,0.0043859649122807015,0.0,0.0019542505216185355
30426,2020-06-01,Wayne,0,116,216,5954,0.0,0.0,0.001534082454391645
30427,2020-06-02,Wayne,4,120,396,6350,0.010101010101010102,0.0,0.0022555831758923665
30428,2020-06-03,Wayne,1,121,468,6818,0.002136752136752137,0.0,0.0019367326095170478
30429,2020-06-04,Wayne,1,122,323,7141,0.0030959752321981426,0.0,0.0019115682788119891
30430,2020-06-05,Wayne,1,123,409,7550,0.0024449877750611247,0.0,0.0020862102627449263
30431,2020-06-06,Wayne,1,124,362,7912,0.0027624309392265192,0.0,0.001780508649752052
30432,2020-06-07,Wayne,1,125,322,8234,0.003105590062111801,0.0,0.001689053303311416
30433,2020-06-08,Wayne,1,126,362,8596,0.0027624309392265192,0.0,0.001886369798970453
30434,2020-06-09,Wayne,0,126,388,8984,0.0,0.0,0.0011648690774697316
30435,2020-06-10,Wayne,1,127,509,9493,0.0019646365422396855,0.0,0.001152575106433128
30436,2020-06-11,Wayne,2,129,460,9953,0.004347826086956522,0.0,0.0012419930246301552
30437,2020-06-12,Wayne,2,131,348,10301,0.005747126436781609,0.0,0.0014778600718959038
30438,2020-06-13,Wayne,2,133,363,10664,0.005509641873278237,0.0,0.0016740894243281695
30439,2020-06-14,Wayne,0,133,160,10824,0.0,0.0,0.0014522615627487552
30440,2020-06-15,Wayne,1,134,456,11280,0.0021929824561403508,0.0,0.001411586671099743
30441,2020-06-16,Wayne,3,137,298,11578,0.010067114093959731,0.0,0.0021306662492397237
30442,2020-06-17,Wayne,2,139,184,11762,0.010869565217391304,0.0,0.0027667325831791253
30443,2020-06-18,Wayne,2,141,224,11986,0.008928571428571428,0.0,0.0030939286790087612
30444,2020-06-19,Wayne,2,143,280,12266,0.007142857142857143,0.0,0.003193623729442728
30445,2020-06-20,Wayne,0,143,249,12515,0.0,0.0,0.002800077881351425
30446,2020-06-21,Wayne,0,143,239,12754,0.0,0.0,0.002800077881351425
30447,2020-06-22,Wayne,2,145,297,13051,0.006734006734006734,0.0,0.0031244367583418814
30448,2020-06-23,Wayne,5,150,305,13356,0.01639344262295082,0.0,0.0035763173675555306
30449,2020-06-24,Wayne,4,154,227,13583,0.01762114537444934,1.0,0.004058573093059676
30450,2020-06-25,Wayne,5,159,171,13754,0.029239766081871343,1.0,0.005509372711152527
30451,2020-06-26,Wayne,2,161,280,14034,0.007142857142857143,1.0,0.005509372711152527
30452,2020-06-27,Wayne,1,162,246,14280,0.0040650406504065045,1.0,0.0057997327576101345
30453,2020-06-28,Wayne,3,165,276,14556,0.010869565217391304,1.0,0.006576130273138085
30454,2020-06-29,Wayne,5,170,334,14890,0.014970059880239521,1.0,0.007164419783583284
30455,2020-06-30,Wayne,4,174,230,15120,0.017391304347826087,1.0,0.0072356956210743745
30456,2020-07-01,Wayne,2,176,298,15418,0.006711409395973154,1.0,0.006456428765468932
30457,2020-07-02,Wayne,5,181,234,15652,0.021367521367521368,1.0,0.005894125571586792
30458,2020-07-03,Wayne,2,183,269,15921,0.007434944237918215,1.0,0.005914988935519725
30459,2020-07-04,Wayne,2,185,357,16278,0.0056022408963585435,1.0,0.006024788953087727
30460,2020-07-05,Wayne,1,186,259,16537,0.003861003861003861,1.0,0.005524177427631483
30461,2020-07-06,Wayne,5,191,466,17003,0.01072961373390558,1.0,0.005221288417179058
30462,2020-07-07,Wayne,2,193,270,17273,0.007407407407407408,1.0,0.004508152921434866
30463,2020-07-08,Wayne,2,195,352,17625,0.005681818181818182,1.0,0.004434610691852368
30464,2020-07-09,Wayne,6,201,354,17979,0.01694915254237288,1.0,0.004119012918627476
30465,2020-07-10,Wayne,2,203,233,18212,0.008583690987124463,1.0,0.004201066257856494
30466,2020-07-11,Wayne,2,205,325,18537,0.006153846153846154,1.0,0.004240466633391324
30467,2020-07-12,Wayne,4,209,290,18827,0.013793103448275862,1.0,0.0049499023181964665
30468,2020-07-13,Wayne,5,214,285,19112,0.017543859649122806,1.0,0.00543663416928341
30469,2020-07-14,Wayne,7,221,268,19380,0.026119402985074626,2.0,0.006773205281973926
30470,2020-07-15,Wayne,2,223,370,19750,0.005405405405405406,2.0,0.006753461512230156
30471,2020-07-16,Wayne,0,223,334,20084,0.0,1.0,0.005542807759203522
30472,2020-07-17,Wayne,2,225,430,20514,0.004651162790697674,1.0,0.00526191288803018
30473,2020-07-18,Wayne,2,227,234,20748,0.008547008547008548,1.0,0.005432853058970352
30474,2020-07-19,Wayne,1,228,274,21022,0.0036496350364963502,1.0,0.004708319600986101
30475,2020-07-20,Wayne,4,232,385,21407,0.01038961038961039,1.0,0.004197301796735214
30476,2020-07-21,Wayne,4,236,343,21750,0.011661807580174927,1.0,0.00316461641067095
30477,2020-07-22,Wayne,2,238,284,22034,0.007042253521126761,1.0,0.003281534133222475
30478,2020-07-23,Wayne,1,239,414,22448,0.0024154589371980675,1.0,0.0034540669144509087
30479,2020-07-24,Wayne,1,240,373,22821,0.002680965147453083,1.0,0.0033133385113620095
30480,2020-07-25,Wayne,1,241,363,23184,0.0027548209366391185,1.0,0.0028996108249070497
30481,2020-07-26,Wayne,2,243,272,23456,0.007352941176470588,1.0,0.003164132692048067
30482,2020-07-27,Wayne,0,243,356,23812,0.0,0.0,0.0024220176642187536
30483,2020-07-28,Wayne,0,243,417,24229,0.0,0.0,0.0015890314084919728
30484,2020-07-29,Wayne,0,243,355,24584,0.0,0.0,0.0010860132998400612
30485,2020-07-30,Wayne,2,245,308,24892,0.006493506493506494,0.0,0.0013773024110049488
30486,2020-07-31,Wayne,0,245,458,25350,0.0,0.0,0.0011858049004725858
30487,2020-08-01,Wayne,1,246,294,25644,0.003401360544217687,0.0,0.0012319863010139122
30488,2020-08-02,Wayne,1,247,224,25868,0.004464285714285714,0.0,0.0010256537680007067
30489,2020-08-03,Wayne,1,248,236,26104,0.00423728813559322,0.0,0.0013283172062573654
30490,2020-08-04,Wayne,0,248,304,26408,0.0,0.0,0.0013283172062573654
30491,2020-08-05,Wayne,1,249,315,26723,0.0031746031746031746,0.0,0.001555074575871878
30492,2020-08-06,Wayne,0,249,346,27069,0.0,0.0,0.001091252683478557
30493,2020-08-07,Wayne,0,249,276,27345,0.0,0.0,0.001091252683478557
30494,2020-08-08,Wayne,1,250,417,27762,0.002398081534772182,0.0,0.0010195898970895923
30495,2020-08-09,Wayne,2,252,255,28017,0.00784313725490196,0.0,0.0012609364357050383
30496,2020-08-10,Wayne,0,252,257,28274,0.0,0.0,0.0009582729974483797
30497,2020-08-11,Wayne,6,258,354,28628,0.01694915254237288,0.0,0.002168926750475014
30498,2020-08-12,Wayne,5,263,535,29163,0.009345794392523364,1.0,0.002609726123183599
30499,2020-08-13,Wayne,2,265,423,29586,0.004728132387706856,1.0,0.0029474498651626603
30500,2020-08-14,Wayne,4,269,369,29955,0.01084010840108401,1.0,0.0037217433223829463
30501,2020-08-15,Wayne,0,269,325,30280,0.0,1.0,0.003550451784184933
30502,2020-08-16,Wayne,0,269,273,30553,0.0,1.0,0.002990227694549079
30503,2020-08-17,Wayne,1,270,246,30799,0.0040650406504065045,1.0,0.003280587741006687
30504,2020-08-18,Wayne,0,270,364,31163,0.0,0.0,0.0020699339879800523
30505,2020-08-19,Wayne,0,270,322,31485,0.0,0.0,0.001402377245656955
30506,2020-08-20,Wayne,2,272,475,31960,0.004210526315789474,0.0,0.0013654053833771422
30507,2020-08-21,Wayne,3,275,396,32356,0.007575757575757576,0.0,0.0011322374672823967
30508,2020-08-22,Wayne,0,275,393,32749,0.0,0.0,0.0011322374672823967
30509,2020-08-23,Wayne,0,275,273,33022,0.0,0.0,0.0011322374672823967
30510,2020-08-24,Wayne,0,275,200,33222,0.0,0.0,0.0008418774208247893
30511,2020-08-25,Wayne,2,277,236,33458,0.00847457627118644,0.0,0.0014472042973381063
30512,2020-08-26,Wayne,2,279,438,33896,0.0045662100456621,0.0,0.001773362157742542
30513,2020-08-27,Wayne,0,279,402,34298,0.0,0.0,0.001472610278043294
30514,2020-08-28,Wayne,1,280,335,34633,0.0029850746268656717,0.0,0.001144704353122444
30515,2020-08-29,Wayne,0,280,371,35004,0.0,0.0,0.001144704353122444
30516,2020-08-30,Wayne,0,280,215,35219,0.0,0.0,0.001144704353122444
30517,2020-08-31,Wayne,0,280,208,35427,0.0,0.0,0.001144704353122444
30518,2020-09-01,Wayne,1,281,271,35698,0.0036900369003690036,0.0,0.0008029515409211982
30519,2020-09-02,Wayne,2,283,465,36163,0.004301075268817204,0.0,0.0007840133425751342
30520,2020-09-03,Wayne,5,288,417,36580,0.011990407673860911,0.0,0.0016404710335651991
30521,2020-09-04,Wayne,0,288,359,36939,0.0,0.0,0.0014272514173605084
30522,2020-09-05,Wayne,3,291,340,37279,0.008823529411764706,0.0,0.0020575035182008447
30523,2020-09-06,Wayne,5,296,214,37493,0.02336448598130841,1.0,0.0037263953740085884
30524,2020-09-07,Wayne,0,296,166,37659,0.0,1.0,0.0037263953740085884
30525,2020-09-08,Wayne,1,297,237,37896,0.004219409282700422,1.0,0.0037642076870322617
30526,2020-09-09,Wayne,1,298,272,38168,0.003676470588235294,1.0,0.0037195930669906966
30527,2020-09-10,Wayne,3,301,383,38551,0.007832898172323759,0.0,0.0034226281025951854
30528,2020-09-11,Wayne,0,301,426,38977,0.0,0.0,0.0034226281025951854
30529,2020-09-12,Wayne,2,303,427,39404,0.00468384074941452,0.0,0.0031269360552844574
30530,2020-09-13,Wayne,0,303,243,39647,0.0,0.0,0.001458044199476714
30531,2020-09-14,Wayne,1,304,271,39918,0.0036900369003690036,0.0,0.0017216182637887858
30532,2020-09-15,Wayne,0,304,297,40215,0.0,0.0,0.0014202318864530415
30533,2020-09-16,Wayne,1,305,475,40690,0.002105263157894737,0.0,0.0013080027842858586
30534,2020-09-17,Wayne,1,306,352,41042,0.002840909090909091,0.0,0.0009514321356133822
30535,2020-09-18,Wayne,3,309,411,41453,0.0072992700729927005,0.0,0.0014728085693985749
30536,2020-09-19,Wayne,1,310,446,41899,0.002242152466367713,0.0,0.0012984022634666603
30537,2020-09-20,Wayne,1,311,170,42069,0.0058823529411764705,0.0,0.001718570330693551
30538,2020-09-21,Wayne,0,311,418,42487,0.0,0.0,0.0014549962663814794
30539,2020-09-22,Wayne,1,312,357,42844,0.0028011204481792717,0.0,0.0016550762983942849
30540,2020-09-23,Wayne,2,314,448,43292,0.004464285714285714,0.0,0.0018235779095650687
30541,2020-09-24,Wayne,1,315,535,43827,0.001869158878504673,0.0,0.0017541671801076103
30542,2020-09-25,Wayne,1,316,586,44413,0.0017064846416382253,0.0,0.0013546825064394334
30543,2020-09-26,Wayne,2,318,325,44738,0.006153846153846154,0.0,0.001634089198402179
30544,2020-09-27,Wayne,2,320,262,45000,0.007633587786259542,0.0,0.0017591774016223985
30545,2020-09-28,Wayne,1,321,313,45313,0.003194888178913738,0.0,0.0019873837001162372
30546,2020-09-29,Wayne,2,323,402,45715,0.004975124378109453,0.0,0.00214266969511125
30547,2020-09-30,Wayne,3,326,565,46280,0.005309734513274336,0.0,0.0022030588950390085
30548,2020-10-01,Wayne,5,331,452,46732,0.011061946902654867,1.0,0.0028596866110497366
30549,2020-10-02,Wayne,1,332,644,47376,0.0015527950310559005,1.0,0.002848708781722428
30550,2020-10-03,Wayne,0,332,343,47719,0.0,1.0,0.0024091483421619883
30551,2020-10-04,Wayne,3,335,145,47864,0.020689655172413793,1.0,0.003341724584030149
30552,2020-10-05,Wayne,2,337,411,48275,0.004866180048661801,1.0,0.0034611025747264394
30553,2020-10-06,Wayne,2,339,349,48624,0.0057306590257879654,1.0,0.0035150693352749046
30554,2020-10-07,Wayne,8,347,470,49094,0.01702127659574468,1.0,0.004351608055451358
30555,2020-10-08,Wayne,10,357,407,49501,0.02457002457002457,1.0,0.005316470745977765
30556,2020-10-09,Wayne,4,361,507,50008,0.007889546351084813,2.0,0.005769095840265546
30557,2020-10-10,Wayne,1,362,337,50345,0.002967359050445104,2.0,0.00598105005815448
30558,2020-10-11,Wayne,3,365,331,50676,0.00906344410876133,2.0,0.005150606410750733
30559,2020-10-12,Wayne,0,365,459,51135,0.0,2.0,0.004803022121560605
30560,2020-10-13,Wayne,2,367,306,51441,0.006535947712418301,2.0,0.0048605427420341995
30561,2020-10-14,Wayne,3,370,626,52067,0.004792332268370607,1.0,0.003987046718650337
30562,2020-10-15,Wayne,3,373,362,52429,0.008287292817679558,1.0,0.0028239944506256937
30563,2020-10-16,Wayne,4,377,438,52867,0.0091324200913242,1.0,0.002912771146357078
30564,2020-10-17,Wayne,2,379,296,53163,0.006756756756756757,1.0,0.003183442411093625
30565,2020-10-18,Wayne,4,383,266,53429,0.015037593984962405,1.0,0.0036101674022508447
30566,2020-10-19,Wayne,3,386,321,53750,0.009345794392523364,1.0,0.004277724144573942
30567,2020-10-20,Wayne,7,393,392,54142,0.017857142857142856,1.0,0.005086380940625696
30568,2020-10-21,Wayne,7,400,384,54526,0.018229166666666668,2.0,0.006046154826218272
30569,2020-10-22,Wayne,8,408,526,55052,0.015209125475285171,2.0,0.006540571444618673
30570,2020-10-23,Wayne,24,432,520,55572,0.046153846153846156,3.0,0.0091849590205131
30571,2020-10-24,Wayne,16,448,368,55940,0.043478260869565216,4.0,0.011807923599999418
30572,2020-10-25,Wayne,23,471,367,56307,0.06267029972752043,6.0,0.015210259724467847
30573,2020-10-26,Wayne,11,482,674,56981,0.016320474777448073,6.0,0.015708451180533895
30574,2020-10-27,Wayne,6,488,388,57369,0.015463917525773196,6.0,0.015537506514007492
30575,2020-10-28,Wayne,24,512,685,58054,0.035036496350364967,8.0,0.016738030062843086
30576,2020-10-29,Wayne,18,530,686,58740,0.026239067055393587,8.0,0.017525883032850832
30577,2020-10-30,Wayne,20,550,587,59327,0.034071550255536626,8.0,0.01666286189725729
30578,2020-10-31,Wayne,11,561,339,59666,0.032448377581120944,8.0,0.015875013090939843
30579,2020-11-01,Wayne,12,573,313,59979,0.038338658146964855,7.0,0.014137038692328732
30580,2020-11-02,Wayne,15,588,486,60465,0.030864197530864196,7.0,0.015175876031858455
30581,2020-11-03,Wayne,14,602,429,60894,0.03263403263403263,8.0,0.016402312825305555
30582,2020-11-04,Wayne,20,622,764,61658,0.02617801047120419,7.0,0.01576956383393693
30583,2020-11-05,Wayne,17,639,528,62186,0.032196969696969696,7.0,0.016195128308335225
30584,2020-11-06,Wayne,16,655,617,62803,0.02593192868719611,7.0,0.015613726767739474
30585,2020-11-07,Wayne,8,663,323,63126,0.02476780185758514,7.0,0.015065114216058344
30586,2020-11-08,Wayne,13,676,324,63450,0.040123456790123455,7.0,0.015192599833426815
30587,2020-11-09,Wayne,13,689,513,63963,0.025341130604288498,7.0,0.014798095052957124
30588,2020-11-10,Wayne,15,704,468,64431,0.03205128205128205,7.0,0.01475647001133208
30589,2020-11-11,Wayne,14,718,758,65189,0.018469656992084433,6.0,0.014205873334252097
30590,2020-11-12,Wayne,17,735,549,65738,0.030965391621129327,6.0,0.014117903471692072
30591,2020-11-13,Wayne,14,749,501,66239,0.027944111776447105,6.0,0.014261630835210001
30592,2020-11-14,Wayne,8,757,335,66574,0.023880597014925373,6.0,0.0141982590607343
30593,2020-11-15,Wayne,23,780,386,66960,0.05958549222797927,7.0,0.015588404449152576
30594,2020-11-16,Wayne,28,808,522,67482,0.05363984674329502,8.0,0.01760974131622447
30595,2020-11-17,Wayne,16,824,575,68057,0.02782608695652174,8.0,0.017307941666598735
30596,2020-11-18,Wayne,30,854,795,68852,0.03773584905660377,9.0,0.01868409824263583
30597,2020-11-19,Wayne,4,858,236,69088,0.01694915254237288,8.0,0.01768293830843894
30598,2020-11-20,Wayne,43,901,797,69885,0.053952321204516936,10.0,0.019540667553301073
30599,2020-11-21,Wayne,11,912,371,70256,0.029649595687331536,11.0,0.01995273888704437
30600,2020-11-22,Wayne,55,967,1295,71551,0.04247104247104247,13.0,0.018730278190120315
30601,2020-11-23,Wayne,16,983,650,72201,0.024615384615384615,12.0,0.016657102323841
30602,2020-11-24,Wayne,29,1012,483,72684,0.060041407867494824,13.0,0.018958196674624787
30603,2020-11-25,Wayne,40,1052,589,73273,0.06791171477079797,14.0,0.021113615654210088
30604,2020-11-26,Wayne,31,1083,777,74050,0.039897039897039896,16.0,0.022752750465257734
30605,2020-11-27,Wayne,12,1095,532,74582,0.022556390977443608,13.0,0.02051018402046678
30606,2020-11-28,Wayne,32,1127,541,75123,0.059149722735674676,15.0,0.022617335952491293
30607,2020-11-29,Wayne,21,1148,701,75824,0.029957203994293864,12.0,0.021723490347009242
30608,2020-11-30,Wayne,27,1175,487,76311,0.055441478439425054,13.0,0.023925354191583564
30609,2020-12-01,Wayne,31,1206,717,77028,0.043235704323570434,13.0,0.02272494679558897
30610,2020-12-02,Wayne,37,1243,621,77649,0.05958132045088567,13.0,0.022129918629880944
30611,2020-12-03,Wayne,57,1300,646,78295,0.08823529411764706,15.0,0.02558265107421003
30612,2020-12-04,Wayne,47,1347,879,79174,0.053469852104664393,18.0,0.02779075544044008
30613,2020-12-05,Wayne,45,1392,672,79846,0.06696428571428571,18.0,0.028348938510340867
30614,2020-12-06,Wayne,26,1418,354,80200,0.07344632768361582,19.0,0.03145530448814958
30615,2020-12-07,Wayne,19,1437,435,80635,0.04367816091954023,18.0,0.030615067522443522
30616,2020-12-08,Wayne,50,1487,568,81203,0.0880281690140845,20.0,0.03381452928605167
30617,2020-12-09,Wayne,45,1532,904,82107,0.049778761061946904,20.0,0.033114346472556046
30618,2020-12-10,Wayne,47,1579,623,82730,0.0754414125200642,19.0,0.03220049778701441
30619,2020-12-11,Wayne,46,1625,785,83515,0.05859872611464968,19.0,0.03256684593058479
30620,2020-12-12,Wayne,37,1662,667,84182,0.05547226386806597,19.0,0.031745987227283376
30621,2020-12-13,Wayne,47,1709,956,85138,0.049163179916317995,20.0,0.030011476672476393
30622,2020-12-14,Wayne,34,1743,504,85642,0.06746031746031746,21.0,0.031710202139674765
30623,2020-12-15,Wayne,47,1790,455,86097,0.10329670329670329,21.0,0.03280081173129039
30624,2020-12-16,Wayne,58,1848,760,86857,0.07631578947368421,22.0,0.0346963137607002
30625,2020-12-17,Wayne,33,1881,646,87503,0.05108359133126935,21.0,0.032956469390072
30626,2020-12-18,Wayne,56,1937,765,88268,0.07320261437908497,22.0,0.03399960426610309
30627,2020-12-19,Wayne,40,1977,700,88968,0.05714285714285714,22.0,0.034118932357159605
30628,2020-12-20,Wayne,41,2018,634,89602,0.06466876971608833,22.0,0.03522647448571463
30629,2020-12-21,Wayne,29,2047,596,90198,0.04865771812080537,21.0,0.033883431675749476
30630,2020-12-22,Wayne,54,2101,759,90957,0.07114624505928854,22.0,0.03158697037307699
30631,2020-12-23,Wayne,53,2154,591,91548,0.08967851099830795,21.0,0.03254145048197869
30632,2020-12-24,Wayne,65,2219,1049,92597,0.06196377502383222,24.0,0.0333186064600189
30633,2020-12-25,Wayne,43,2262,690,93287,0.06231884057971015,23.0,0.032541194045777835
30634,2020-12-26,Wayne,26,2288,472,93759,0.05508474576271186,22.0,0.03239418609005317
30635,2020-12-27,Wayne,64,2352,464,94223,0.13793103448275862,23.0,0.037627205001958194
30636,2020-12-28,Wayne,44,2396,581,94804,0.0757314974182444,24.0,0.0395610463803467
30637,2020-12-29,Wayne,81,2477,696,95500,0.11637931034482758,26.0,0.04279197961502806
30638,2020-12-30,Wayne,82,2559,697,96197,0.11764705882352941,28.0,0.04478973303111531
30639,2020-12-31,Wayne,73,2632,1137,97334,0.06420404573438875,29.0,0.044949752367583626
30640,2021-01-01,Wayne,68,2700,709,98043,0.09590973201692525,31.0,0.047349101755956136
30641,2021-01-02,Wayne,68,2768,630,98673,0.10793650793650794,34.0,0.051124227625513004
30642,2021-01-03,Wayne,59,2827,459,99132,0.12854030501089325,33.0,0.05045346123466547
30643,2021-01-04,Wayne,59,2886,438,99570,0.13470319634703196,35.0,0.05466572544386459
30644,2021-01-05,Wayne,56,2942,594,100164,0.09427609427609428,33.0,0.05308692429609792
30645,2021-01-06,Wayne,87,3029,917,101081,0.09487459105779716,33.0,0.05146031945568847
30646,2021-01-07,Wayne,100,3129,1046,102127,0.09560229445506692,35.0,0.053703051507165485
30647,2021-01-08,Wayne,63,3192,766,102893,0.08224543080939947,35.0,0.05272702999234221
30648,2021-01-09,Wayne,85,3277,866,103759,0.09815242494226328,36.0,0.05202816692132474
30649,2021-01-10,Wayne,33,3310,597,104356,0.05527638190954774,34.0,0.04679502955694292
30650,2021-01-11,Wayne,42,3352,504,104860,0.08333333333333333,33.0,0.043125753627393015
30651,2021-01-12,Wayne,43,3395,622,105482,0.06913183279742766,32.0,0.041329734950345406
30652,2021-01-13,Wayne,53,3448,808,106290,0.0655940594059406,29.0,0.039238268403784214
30653,2021-01-14,Wayne,79,3527,1081,107371,0.0730804810360777,28.0,0.037629567445284985
30654,2021-01-15,Wayne,41,3568,943,108314,0.043478260869565216,26.0,0.034860483878153964
30655,2021-01-16,Wayne,38,3606,727,109041,0.052269601100412656,23.0,0.03158313931802178
30656,2021-01-17,Wayne,40,3646,596,109637,0.06711409395973154,24.0,0.03242869017874919
30657,2021-01-18,Wayne,42,3688,588,110225,0.07142857142857142,24.0,0.03157835004269477
30658,2021-01-19,Wayne,34,3722,491,110716,0.06924643584521385,23.0,0.0315865359746795
30659,2021-01-20,Wayne,51,3773,620,111336,0.08225806451612903,23.0,0.03277682205397867
30660,2021-01-21,Wayne,38,3811,825,112161,0.04606060606060606,20.0,0.03084683098430213
30661,2021-01-22,Wayne,34,3845,648,112809,0.05246913580246913,19.0,0.031489036336652405
30662,2021-01-23,Wayne,54,3899,678,113487,0.07964601769911504,20.0,0.03344449466513115
30663,2021-01-24,Wayne,31,3930,498,113985,0.06224899598393574,20.0,0.03309698766686002
30664,2021-01-25,Wayne,31,3961,778,114763,0.03984575835475578,19.0,0.030841072447301766
30665,2021-01-26,Wayne,31,3992,482,115245,0.06431535269709543,19.0,0.030488852222436164
30666,2021-01-27,Wayne,31,4023,758,116003,0.040897097625329816,17.0,0.02753449744452193
30667,2021-01-28,Wayne,29,4052,780,116783,0.03717948717948718,17.0,0.026900131810156297
30668,2021-01-29,Wayne,21,4073,648,117431,0.032407407407407406,16.0,0.025467151210509027
30669,2021-01-30,Wayne,28,4101,702,118133,0.039886039886039885,14.0,0.022627152795289374
30670,2021-01-31,Wayne,24,4125,502,118635,0.04780876494023904,13.0,0.02159570772073961
30671,2021-02-01,Wayne,11,4136,338,118973,0.03254437869822485,12.0,0.021074180602415973
30672,2021-02-02,Wayne,17,4153,511,119484,0.033268101761252444,11.0,0.01885651982128433
30673,2021-02-03,Wayne,14,4167,676,120160,0.020710059171597635,10.0,0.017414588503160605
30674,2021-02-04,Wayne,16,4183,516,120676,0.031007751937984496,9.0,0.016973750271624698
30675,2021-02-05,Wayne,18,4201,765,121441,0.023529411764705882,9.0,0.016339607725717444
30676,2021-02-06,Wayne,6,4207,638,122079,0.009404388714733543,7.0,0.014162346927766991
30677,2021-02-07,Wayne,16,4223,556,122635,0.02877697841726619,7.0,0.012802933604697503
30678,2021-02-08,Wayne,9,4232,211,122846,0.04265402843601896,6.0,0.013525051443111367
30679,2021-02-09,Wayne,19,4251,587,123433,0.03236797274275979,7.0,0.013460756513219036
30680,2021-02-10,Wayne,22,4273,695,124128,0.031654676258992806,7.0,0.014242514876604407
30681,2021-02-11,Wayne,7,4280,439,124567,0.015945330296127564,6.0,0.013166627616471766
30682,2021-02-12,Wayne,18,4298,719,125286,0.025034770514603615,6.0,0.013274153241464462
30683,2021-02-13,Wayne,10,4308,568,125854,0.017605633802816902,7.0,0.013859956462041844
30684,2021-02-14,Wayne,8,4316,439,126293,0.018223234624145785,6.0,0.0131061176196761
30685,2021-02-15,Wayne,6,4322,400,126693,0.015,6.0,0.011130829874246176
30686,2021-02-16,Wayne,11,4333,458,127151,0.024017467248908297,5.0,0.010534365196113926
30687,2021-02-17,Wayne,11,4344,487,127638,0.022587268993839837,5.0,0.009886693248603001
30688,2021-02-18,Wayne,9,4353,544,128182,0.016544117647058824,5.0,0.009929463773669519
30689,2021-02-19,Wayne,17,4370,551,128733,0.030852994555353903,5.0,0.010345051205151683
30690,2021-02-20,Wayne,12,4382,725,129458,0.016551724137931035,5.0,0.010269771943374122
30691,2021-02-21,Wayne,6,4388,324,129782,0.018518518518518517,5.0,0.010290863650115029
30692,2021-02-22,Wayne,10,4398,328,130110,0.03048780487804878,5.0,0.011397135427118513
30693,2021-02-23,Wayne,11,4409,612,130722,0.017973856209150325,5.0,0.010965448924278658
30694,2021-02-24,Wayne,16,4425,594,131316,0.026936026936026935,5.0,0.011276074491577736
30695,2021-02-25,Wayne,8,4433,500,131816,0.016,5.0,0.01123720894535925
30696,2021-02-26,Wayne,18,4451,747,132563,0.024096385542168676,5.0,0.01075459401584602
30697,2021-02-27,Wayne,13,4464,664,133227,0.01957831325301205,5.0,0.010970778952637521
30698,2021-02-28,Wayne,9,4473,465,133692,0.01935483870967742,6.0,0.011030516109148871
30699,2021-03-01,Wayne,9,4482,210,133902,0.04285714285714286,6.0,0.011914040250512733
30700,2021-03-02,Wayne,13,4495,628,134530,0.020700636942675158,6.0,0.012108810302907363
30701,2021-03-03,Wayne,15,4510,516,135046,0.029069767441860465,6.0,0.01226122033903833
30702,2021-03-04,Wayne,12,4522,788,135834,0.015228426395939087,6.0,0.012206107938748264
30703,2021-03-05,Wayne,6,4528,571,136405,0.010507880910683012,5.0,0.011235500465070717
30704,2021-03-06,Wayne,12,4540,635,137040,0.01889763779527559,5.0,0.011186880789518112
30705,2021-03-07,Wayne,12,4552,398,137438,0.03015075376884422,5.0,0.011958017579458599
30706,2021-03-08,Wayne,6,4558,310,137748,0.01935483870967742,5.0,0.010279281568925354
30707,2021-03-09,Wayne,7,4565,542,138290,0.012915129151291513,5.0,0.009723173869540807
30708,2021-03-10,Wayne,20,4585,573,138863,0.034904013961605584,5.0,0.010139905763808315
30709,2021-03-11,Wayne,13,4598,747,139610,0.01740294511378849,5.0,0.010295228529368986
30710,2021-03-12,Wayne,9,4607,629,140239,0.014308426073131956,5.0,0.010566696040972485
30711,2021-03-13,Wayne,13,4620,712,140951,0.018258426966292134,5.0,0.010521038124616522
30712,2021-03-14,Wayne,11,4631,420,141371,0.02619047619047619,5.0,0.010238161154733093
30713,2021-03-15,Wayne,6,4637,323,141694,0.018575851393188854,5.0,0.010182519203555337
30714,2021-03-16,Wayne,10,4647,516,142210,0.01937984496124031,5.0,0.01064428461855168
30715,2021-03-17,Wayne,11,4658,644,142854,0.017080745341614908,5.0,0.00937119400283806
30716,2021-03-18,Wayne,7,4665,743,143597,0.009421265141318977,4.0,0.008801074004804524
30717,2021-03-19,Wayne,18,4683,609,144206,0.029556650246305417,5.0,0.009890232874316913
30718,2021-03-20,Wayne,15,4698,669,144875,0.02242152466367713,5.0,0.010187596995558698
30719,2021-03-21,Wayne,4,4702,447,145322,0.008948545861297539,5.0,0.008956030543474509
30720,2021-03-22,Wayne,15,4717,398,145720,0.03768844221105527,5.0,0.01032121560189354
30721,2021-03-23,Wayne,6,4723,642,146362,0.009345794392523364,5.0,0.009604497704128042
30722,2021-03-24,Wayne,19,4742,846,147208,0.022458628841607566,6.0,0.009988632239841805
30723,2021-03-25,Wayne,14,4756,782,147990,0.017902813299232736,6.0,0.010594457108264217
30724,2021-03-26,Wayne,25,4781,716,148706,0.034916201117318434,7.0,0.010977282170479432
30725,2021-03-27,Wayne,14,4795,771,149477,0.018158236057068743,6.0,0.01067276155572169
30726,2021-03-28,Wayne,15,4810,521,149998,0.028790786948176585,7.0,0.012090064490498764
30727,2021-03-29,Wayne,17,4827,283,150281,0.06007067137809187,7.0,0.013688795145287093
30728,2021-03-30,Wayne,15,4842,562,150843,0.026690391459074734,8.0,0.014927694935755048
30729,2021-03-31,Wayne,20,4862,557,151400,0.03590664272890485,8.0,0.01588826735627628
30730,2021-04-01,Wayne,25,4887,925,152325,0.02702702702702703,9.0,0.016539996908261585
30731,2021-04-02,Wayne,14,4901,654,152979,0.021406727828746176,8.0,0.015575034530506427
30732,2021-04-03,Wayne,16,4917,753,153732,0.021248339973439574,8.0,0.01579575623881863
30733,2021-04-04,Wayne,28,4945,325,154057,0.08615384615384615,9.0,0.019893117610652166
30734,2021-04-05,Wayne,12,4957,273,154330,0.04395604395604396,9.0,0.018742072794791603
30735,2021-04-06,Wayne,25,4982,711,155041,0.035161744022503515,10.0,0.019347169406465088
30736,2021-04-07,Wayne,20,5002,625,155666,0.032,10.0,0.0190681234972576
30737,2021-04-08,Wayne,53,5055,1094,156760,0.048446069469835464,12.0,0.020598055100315347
30738,2021-04-09,Wayne,29,5084,755,157515,0.038410596026490065,13.0,0.02181261711443991
30739,2021-04-10,Wayne,21,5105,831,158346,0.02527075812274368,13.0,0.022099932696533063
30740,2021-04-11,Wayne,14,5119,337,158683,0.04154302670623145,12.0,0.01891344559313201
30741,2021-04-12,Wayne,20,5139,344,159027,0.05813953488372093,13.0,0.019926552087966076
30742,2021-04-13,Wayne,15,5154,633,159660,0.023696682464454975,12.0,0.01910761911953404
30743,2021-04-14,Wayne,42,5196,918,160578,0.0457516339869281,13.0,0.020089878690028904
30744,2021-04-15,Wayne,17,5213,687,161265,0.024745269286754003,11.0,0.01839696439123737
30745,2021-04-16,Wayne,33,5246,658,161923,0.05015197568389058,11.0,0.019235634366765977
30746,2021-04-17,Wayne,14,5260,989,162912,0.014155712841253791,11.0,0.018441702560945274
30747,2021-04-18,Wayne,12,5272,426,163338,0.028169014084507043,10.0,0.017486415945107813
30748,2021-04-19,Wayne,13,5285,284,163622,0.045774647887323945,10.0,0.016603209731079458
30749,2021-04-20,Wayne,19,5304,562,164184,0.033807829181494664,10.0,0.017325434496582293
30750,2021-04-21,Wayne,25,5329,635,164819,0.03937007874015748,9.0,0.016869609121812963
30751,2021-04-22,Wayne,15,5344,874,165693,0.017162471395881007,9.0,0.01632798070103632
30752,2021-04-23,Wayne,15,5359,673,166366,0.022288261515601784,8.0,0.014337715403301409
30753,2021-04-24,Wayne,18,5377,741,167107,0.024291497975708502,8.0,0.015061700055762458
30754,2021-04-25,Wayne,10,5387,471,167578,0.021231422505307854,8.0,0.014566157800105376
30755,2021-04-26,Wayne,10,5397,384,167962,0.026041666666666668,8.0,0.013156659141486995
30756,2021-04-27,Wayne,14,5411,572,168534,0.024475524475524476,7.0,0.012490065948203411
30757,2021-04-28,Wayne,11,5422,659,169193,0.01669195751138088,6.0,0.010870200146147941
30758,2021-04-29,Wayne,20,5442,939,170132,0.021299254526091587,7.0,0.011165684655448696
30759,2021-04-30,Wayne,15,5457,627,170759,0.023923444976076555,7.0,0.011282483474054038
30760,2021-05-01,Wayne,14,5471,682,171441,0.020527859237536656,6.0,0.01101365213561319
30761,2021-05-02,Wayne,14,5485,387,171828,0.03617571059431524,7.0,0.012081101284828004
30762,2021-05-03,Wayne,9,5494,327,172155,0.027522935779816515,6.0,0.012186906221481565
30763,2021-05-04,Wayne,19,5513,607,172762,0.03130148270181219,7.0,0.012674474666216403
30764,2021-05-05,Wayne,18,5531,673,173435,0.02674591381872214,7.0,0.013392614402455065
30765,2021-05-06,Wayne,15,5546,864,174299,0.017361111111111112,7.0,0.013111318444242173
30766,2021-05-07,Wayne,14,5560,790,175089,0.017721518987341773,7.0,0.012668323730761117
30767,2021-05-08,Wayne,26,5586,588,175677,0.04421768707482993,8.0,0.014360454290567778
30768,2021-05-09,Wayne,7,5593,449,176126,0.015590200445434299,7.0,0.012890060708504856
30769,2021-05-10,Wayne,9,5602,304,176430,0.029605263157894735,7.0,0.013038798378367583
30770,2021-05-11,Wayne,11,5613,673,177103,0.01634472511144131,7.0,0.01197045855048395
30771,2021-05-12,Wayne,9,5622,763,177866,0.011795543905635648,6.0,0.010902574985263485
30772,2021-05-13,Wayne,14,5636,592,178458,0.02364864864864865,6.0,0.01135168480937331
30773,2021-05-14,Wayne,14,5650,782,179240,0.017902813299232736,6.0,0.011364634403079808
30774,2021-05-15,Wayne,10,5660,383,179623,0.02610966057441253,5.0,0.010071203938764279
30775,2021-05-16,Wayne,4,5664,293,179916,0.013651877133105802,5.0,0.009932752273597958
30776,2021-05-17,Wayne,16,5680,564,180480,0.028368794326241134,5.0,0.009844433071336986
30777,2021-05-18,Wayne,5,5685,545,181025,0.009174311926605505,5.0,0.00933226070099157
30778,2021-05-19,Wayne,16,5701,741,181766,0.021592442645074223,5.0,0.010032039182380043
30779,2021-05-20,Wayne,10,5711,513,182279,0.01949317738791423,5.0,0.009735219806613297
30780,2021-05-21,Wayne,7,5718,604,182883,0.011589403973509934,4.0,0.009284261997633098
30781,2021-05-22,Wayne,5,5723,458,183341,0.010917030567685589,4.0,0.008199074140009744
30782,2021-05-23,Wayne,5,5728,476,183817,0.01050420168067227,4.0,0.007974240179121635
30783,2021-05-24,Wayne,4,5732,221,184038,0.01809954751131222,3.0,0.007240722549483854
30784,2021-05-25,Wayne,2,5734,433,184471,0.004618937644341801,3.0,0.0069153386721793044
30785,2021-05-26,Wayne,3,5737,497,184968,0.006036217303822937,2.0,0.005804179719232784
30786,2021-05-27,Wayne,0,5737,739,185707,0.0,1.0,0.004411809905810339
30787,2021-05-28,Wayne,2,5739,443,186150,0.004514672686230248,1.0,0.003906471956718933
30788,2021-05-29,Wayne,4,5743,533,186683,0.0075046904315197,1.0,0.003662733375564227
30789,2021-05-30,Wayne,2,5745,259,186942,0.007722007722007722,1.0,0.0034640052356596164
30790,2021-05-31,Wayne,0,5745,144,187086,0.0,0.0,0.0021711804134230293
30791,2021-06-01,Wayne,1,5746,316,187402,0.0031645569620253164,0.0,0.0020672960789718518
30792,2021-06-02,Wayne,1,5747,661,188063,0.0015128593040847202,0.0,0.0017441990789905503
30793,2021-06-03,Wayne,5,5752,626,188689,0.007987220447284345,1.0,0.0023147148252251467
30794,2021-06-04,Wayne,6,5758,508,189197,0.011811023622047244,1.0,0.0028358827492120753
30795,2021-06-05,Wayne,3,5761,553,189750,0.0054249547920434,1.0,0.0026873302035351964
30796,2021-06-06,Wayne,3,5764,274,190024,0.010948905109489052,1.0,0.002917822874069577
30797,2021-06-07,Wayne,1,5765,226,190250,0.004424778761061947,1.0,0.003233878499859716
30798,2021-06-08,Wayne,1,5766,412,190662,0.0024271844660194173,1.0,0.0031812090358592946
30799,2021-06-09,Wayne,2,5768,485,191147,0.004123711340206186,1.0,0.0033676984670108277
30800,2021-06-10,Wayne,7,5775,467,191614,0.014989293361884369,1.0,0.0038678465323394007
30801,2021-06-11,Wayne,3,5778,470,192084,0.006382978723404255,1.0,0.003480129039579188
30802,2021-06-12,Wayne,3,5781,429,192513,0.006993006993006993,1.0,0.0035921327682194443
30803,2021-06-13,Wayne,1,5782,253,192766,0.003952569169960474,1.0,0.0030923944868245456
30804,2021-06-14,Wayne,1,5783,207,192973,0.004830917874396135,1.0,0.0031214044234912732
30805,2021-06-15,Wayne,0,5783,317,193290,0.0,1.0,0.0029480341044898863
30806,2021-06-16,Wayne,0,5783,300,193590,0.0,1.0,0.0026534832944751586
30807,2021-06-17,Wayne,0,5783,258,193848,0.0,0.0,0.0015828194829119895
30808,2021-06-18,Wayne,2,5785,330,194178,0.006060606060606061,0.0,0.0015597928641406902
30809,2021-06-19,Wayne,0,5785,256,194434,0.0,0.0,0.0010602923646401907
30810,2021-06-20,Wayne,1,5786,163,194597,0.006134969325153374,0.0,0.0012161780900111121
30811,2021-06-21,Wayne,1,5787,141,194738,0.0070921985815602835,0.0,0.001377698140522837
30812,2021-06-22,Wayne,4,5791,326,195064,0.012269938650306749,0.0,0.002254122329830462
30813,2021-06-23,Wayne,1,5792,269,195333,0.0037174721189591076,0.0,0.0025196560526132552
30814,2021-06-24,Wayne,1,5793,221,195554,0.004524886877828055,0.0,0.002842862258172402
30815,2021-06-25,Wayne,0,5793,260,195814,0.0,0.0,0.0024099618252719696
30816,2021-06-26,Wayne,1,5794,218,196032,0.0045871559633027525,0.0,0.0027376158226507376
30817,2021-06-27,Wayne,0,5794,98,196130,0.0,0.0,0.002299403727996925
30818,2021-06-28,Wayne,0,5794,174,196304,0.0,0.0,0.0017928181150283333
30819,2021-06-29,Wayne,2,5796,220,196524,0.00909090909090909,0.0,0.0015657445750713575
30820,2021-06-30,Wayne,0,5796,213,196737,0.0,0.0,0.0013002108522885642
30821,2021-07-01,Wayne,1,5797,176,196913,0.005681818181818182,0.0,0.001382848802573573
30822,2021-07-02,Wayne,0,5797,173,197086,0.0,0.0,0.001382848802573573
30823,2021-07-03,Wayne,1,5798,214,197300,0.004672897196261682,0.0,0.0013889731763563537
30824,2021-07-04,Wayne,2,5800,184,197484,0.010869565217391304,0.0,0.0021653706918843044
30825,2021-07-05,Wayne,0,5800,78,197562,0.0,0.0,0.0021653706918843044
30826,2021-07-06,Wayne,0,5800,107,197669,0.0,0.0,0.001516020042533655
30827,2021-07-07,Wayne,1,5801,204,197873,0.004901960784313725,0.0,0.0018661600985560637
30828,2021-07-08,Wayne,2,5803,250,198123,0.008,0.0,0.0020317445141404796
30829,2021-07-09,Wayne,1,5804,210,198333,0.004761904761904762,0.0,0.0023718805685622483
30830,2021-07-10,Wayne,1,5805,199,198532,0.005025125628140704,0.0,0.0023970397422678927
30831,2021-07-11,Wayne,0,5805,128,198660,0.0,0.0,0.0016206422267399424
30832,2021-07-12,Wayne,1,5806,103,198763,0.009708737864077669,0.0,0.00231412350274549
30833,2021-07-13,Wayne,0,5806,166,198929,0.0,0.0,0.00231412350274549
30834,2021-07-14,Wayne,0,5806,208,199137,0.0,0.0,0.001963983446723081
30835,2021-07-15,Wayne,0,5806,180,199317,0.0,0.0,0.0013925548752945097
30836,2021-07-16,Wayne,0,5806,129,199446,0.0,0.0,0.001052418820872741
30837,2021-07-17,Wayne,0,5806,147,199593,0.0,0.0,0.0006934812760055478
30838,2021-07-18,Wayne,3,5809,105,199698,0.02857142857142857,0.0,0.00273429760253616
30839,2021-07-19,Wayne,2,5811,104,199802,0.019230769230769232,0.0,0.0034144427001569855
30840,2021-07-20,Wayne,0,5811,167,199969,0.0,0.0,0.0034144427001569855
30841,2021-07-21,Wayne,3,5814,165,200134,0.01818181818181818,0.0,0.004713143998858285
30842,2021-07-22,Wayne,1,5815,172,200306,0.005813953488372093,0.0,0.005128426390884863
30843,2021-07-23,Wayne,3,5818,146,200452,0.02054794520547945,0.0,0.006596136762704824
30844,2021-07-24,Wayne,7,5825,162,200614,0.043209876543209874,1.0,0.009682556515791241
30845,2021-07-25,Wayne,4,5829,82,200696,0.04878048780487805,1.0,0.011126060746751919
30846,2021-07-26,Wayne,3,5832,129,200825,0.023255813953488372,1.0,0.01141356394123186
30847,2021-07-27,Wayne,9,5841,218,201043,0.04128440366972477,2.0,0.014362449917640772
30848,2021-07-28,Wayne,4,5845,176,201219,0.022727272727272728,2.0,0.014687125242316097
30849,2021-07-29,Wayne,3,5848,186,201405,0.016129032258064516,2.0,0.015423916583008412
30850,2021-07-30,Wayne,5,5853,214,201619,0.02336448598130841,2.0,0.015625098066996194
30851,2021-07-31,Wayne,11,5864,162,201781,0.06790123456790123,2.0,0.01738876649733129
30852,2021-08-01,Wayne,2,5866,142,201923,0.014084507042253521,2.0,0.014910482157143825
30853,2021-08-02,Wayne,2,5868,115,202038,0.017391304347826087,2.0,0.014491588613882235
30854,2021-08-03,Wayne,12,5880,195,202233,0.06153846153846154,2.0,0.015938307033077716
30855,2021-08-04,Wayne,7,5887,203,202436,0.034482758620689655,3.0,0.016777984596893215
30856,2021-08-05,Wayne,22,5909,341,202777,0.06451612903225806,4.0,0.020234205795049896
30857,2020-03-01,Westchester,0,0,0,0,,,
30858,2020-03-02,Westchester,1,1,1,1,1.0,,
30859,2020-03-03,Westchester,0,1,1,2,0.0,,
30860,2020-03-04,Westchester,0,1,0,2,,,
30861,2020-03-05,Westchester,19,20,42,44,0.4523809523809524,,
30862,2020-03-06,Westchester,0,20,9,53,0.0,,
30863,2020-03-07,Westchester,22,42,110,163,0.2,6.0,
30864,2020-03-08,Westchester,18,60,207,370,0.08695652173913043,8.0,
30865,2020-03-09,Westchester,42,102,222,592,0.1891891891891892,14.0,
30866,2020-03-10,Westchester,9,111,177,769,0.05084745762711865,15.0,
30867,2020-03-11,Westchester,21,132,183,952,0.11475409836065574,18.0,0.15630403132814946
30868,2020-03-12,Westchester,19,151,108,1060,0.17592592592592593,18.0,0.11681045612028854
30869,2020-03-13,Westchester,20,171,209,1269,0.09569377990430622,21.0,0.130480996106618
30870,2020-03-14,Westchester,11,182,220,1489,0.05,10.0,0.05452621233902329
30871,2020-03-15,Westchester,41,223,372,1861,0.11021505376344086,11.0,0.056187536055045464
30872,2020-03-16,Westchester,157,380,1219,3080,0.1287940935192781,19.0,0.05187360065005182
30873,2020-03-17,Westchester,158,538,1026,4106,0.1539961013645224,30.0,0.05924136091700923
30874,2020-03-18,Westchester,261,799,1588,5694,0.16435768261964737,47.0,0.06278447407836578
30875,2020-03-19,Westchester,292,1091,1483,7177,0.1968981793661497,67.0,0.06428249218123891
30876,2020-03-20,Westchester,296,1387,1459,8636,0.20287868403015763,86.0,0.07193855676165686
30877,2020-03-21,Westchester,486,1873,2011,10647,0.2416708105420189,120.0,0.08562932894322964
30878,2020-03-22,Westchester,1021,2894,4037,14684,0.25291057716125837,190.0,0.09582186632878804
30879,2020-03-23,Westchester,997,3891,3282,17966,0.30377818403412554,250.0,0.1083207299369914
30880,2020-03-24,Westchester,800,4691,2371,20337,0.3374103753690426,296.0,0.12142174950874286
30881,2020-03-25,Westchester,1253,5944,5951,26288,0.2105528482607965,367.0,0.12472140419739638
30882,2020-03-26,Westchester,1243,7187,3227,29515,0.3851874806321661,435.0,0.13817064000211182
30883,2020-03-27,Westchester,688,7875,1588,31103,0.4332493702770781,463.0,0.15462568901974902
30884,2020-03-28,Westchester,644,8519,1410,32513,0.45673758865248226,474.0,0.16998760174192498
30885,2020-03-29,Westchester,807,9326,1595,34108,0.5059561128526646,459.0,0.1880622828627397
30886,2020-03-30,Westchester,641,9967,1515,35623,0.4231023102310231,434.0,0.19658543473394668
30887,2020-03-31,Westchester,716,10683,1567,37190,0.4569240587109126,428.0,0.2051221264012231
30888,2020-04-01,Westchester,884,11567,1891,39081,0.46747752511898466,401.0,0.22347388903395085
30889,2020-04-02,Westchester,784,12351,1632,40713,0.4803921568627451,368.0,0.23027422305042075
30890,2020-04-03,Westchester,730,13081,1621,42334,0.45033929673041334,371.0,0.23149493208280186
30891,2020-04-04,Westchester,642,13723,1621,43955,0.3960518198642813,371.0,0.22716023431221607
30892,2020-04-05,Westchester,571,14294,1398,45353,0.4084406294706724,354.0,0.22019484264207373
30893,2020-04-06,Westchester,510,14804,1348,46701,0.37833827893175076,345.0,0.21699741183498286
30894,2020-04-07,Westchester,1083,15887,2647,49348,0.40914242538723083,371.0,0.21358443802614843
30895,2020-04-08,Westchester,1117,17004,2889,52237,0.38663897542402215,388.0,0.2078102559050797
30896,2020-04-09,Westchester,1073,18077,2911,55148,0.3686018550326348,409.0,0.19982523434578608
30897,2020-04-10,Westchester,652,18729,1679,56827,0.38832638475282905,403.0,0.1953957406331015
30898,2020-04-11,Westchester,584,19313,1472,58299,0.3967391304347826,399.0,0.1954448342452802
30899,2020-04-12,Westchester,473,19786,1163,59462,0.4067067927773001,392.0,0.1953209887671822
30900,2020-04-13,Westchester,405,20191,1145,60607,0.3537117903930131,384.0,0.19356195387155806
30901,2020-04-14,Westchester,756,20947,2019,62626,0.37444279346210996,361.0,0.1910834087340494
30902,2020-04-15,Westchester,881,21828,2642,65268,0.33345950037850114,344.0,0.18728487480222647
30903,2020-04-16,Westchester,648,22476,2042,67310,0.31733594515181196,314.0,0.1836230240964534
30904,2020-04-17,Westchester,703,23179,2298,69608,0.3059181897302002,317.0,0.17773672445197994
30905,2020-04-18,Westchester,624,23803,2133,71741,0.29254571026722925,320.0,0.17029433729715468
30906,2020-04-19,Westchester,503,24306,1599,73340,0.3145716072545341,322.0,0.16371325261695713
30907,2020-04-20,Westchester,350,24656,1208,74548,0.2897350993377483,318.0,0.15914348897015249
30908,2020-04-21,Westchester,620,25276,2016,76564,0.30753968253968256,309.0,0.15436469533283628
30909,2020-04-22,Westchester,683,25959,2317,78881,0.29477772982304706,295.0,0.15160171172173237
30910,2020-04-23,Westchester,674,26633,2672,81553,0.2522455089820359,296.0,0.1469523948524627
30911,2020-04-24,Westchester,598,27231,2468,84021,0.24230145867098865,289.0,0.14240834263394755
30912,2020-04-25,Westchester,433,27664,1951,85972,0.22193746796514607,275.0,0.13736489675522734
30913,2020-04-26,Westchester,343,28007,1764,87736,0.19444444444444445,264.0,0.1287843851259352
30914,2020-04-27,Westchester,238,28245,1408,89144,0.1690340909090909,256.0,0.12016288452388825
30915,2020-04-28,Westchester,381,28626,1843,90987,0.20672816060770483,239.0,0.112962061528747
30916,2020-04-29,Westchester,344,28970,1842,92829,0.18675352877307275,215.0,0.10524604716803454
30917,2020-04-30,Westchester,262,29232,1613,94442,0.1624302541847489,185.0,0.09883067182537118
30918,2020-05-01,Westchester,394,29626,2359,96801,0.16701992369648155,171.0,0.0934534193271921
30919,2020-05-02,Westchester,258,29884,1809,98610,0.14262023217247097,158.0,0.08778790248485815
30920,2020-05-03,Westchester,213,30097,1662,100272,0.12815884476534295,149.0,0.08305321679349377
30921,2020-05-04,Westchester,143,30240,1225,101497,0.11673469387755102,142.0,0.07931754557695522
30922,2020-05-05,Westchester,186,30426,1434,102931,0.1297071129707113,128.0,0.07381604217431281
30923,2020-05-06,Westchester,282,30708,2311,105242,0.12202509736045002,124.0,0.06919258278769691
30924,2020-05-07,Westchester,197,30905,2224,107466,0.08857913669064749,119.0,0.06391750296668966
30925,2020-05-08,Westchester,182,31087,1936,109402,0.09400826446280992,104.0,0.05870238444999883
30926,2020-05-09,Westchester,207,31294,1940,111342,0.10670103092783505,100.0,0.05613672721823911
30927,2020-05-10,Westchester,90,31384,1321,112663,0.06813020439061317,91.0,0.05184896719147271
30928,2020-05-11,Westchester,88,31472,984,113647,0.08943089430894309,88.0,0.04989869579371501
30929,2020-05-12,Westchester,139,31611,1925,115572,0.0722077922077922,84.0,0.04579160145350649
30930,2020-05-13,Westchester,181,31792,2450,118022,0.07387755102040816,77.0,0.04235249100064637
30931,2020-05-14,Westchester,151,31943,2024,120046,0.07460474308300395,74.0,0.04135432002867183
30932,2020-05-15,Westchester,154,32097,2059,122105,0.0747935891209325,72.0,0.03998184321853772
30933,2020-05-16,Westchester,127,32224,1940,124045,0.0654639175257732,66.0,0.03703633511839045
30934,2020-05-17,Westchester,99,32323,1326,125371,0.0746606334841629,67.0,0.037502794339358284
30935,2020-05-18,Westchester,79,32402,1125,126496,0.07022222222222223,66.0,0.03613074633316394
30936,2020-05-19,Westchester,115,32517,1867,128363,0.061596143545795394,64.0,0.03537277142873559
30937,2020-05-20,Westchester,156,32673,2671,131034,0.05840509172594534,62.0,0.03426759576484539
30938,2020-05-21,Westchester,94,32767,2350,133384,0.04,58.0,0.03179582840177368
30939,2020-05-22,Westchester,114,32881,3234,136618,0.03525046382189239,56.0,0.028971319451842246
30940,2020-05-23,Westchester,87,32968,2542,139160,0.034225019669551535,53.0,0.02673996960496927
30941,2020-05-24,Westchester,81,33049,2323,141483,0.03486870426173052,51.0,0.023897688946224103
30942,2020-05-25,Westchester,58,33107,1695,143178,0.03421828908554572,50.0,0.021325979436461494
30943,2020-05-26,Westchester,79,33186,2207,145385,0.03579519710013593,47.0,0.01948305469034296
30944,2020-05-27,Westchester,107,33293,3266,148651,0.0327617881200245,44.0,0.0176513901470629
30945,2020-05-28,Westchester,56,33349,3203,151854,0.017483609116453323,41.0,0.01604307651252385
30946,2020-05-29,Westchester,80,33429,3388,155242,0.023612750885478158,39.0,0.015211811302779979
30947,2020-05-30,Westchester,52,33481,3290,158532,0.015805471124620062,36.0,0.013896129263856302
30948,2020-05-31,Westchester,71,33552,3376,161908,0.02103080568720379,35.0,0.012907707937104393
30949,2020-06-01,Westchester,81,33633,3183,165091,0.02544769085768143,37.0,0.012281236635114086
30950,2020-06-02,Westchester,58,33691,3253,168344,0.0178296956655395,36.0,0.010997986532642914
30951,2020-06-03,Westchester,76,33767,3524,171868,0.021566401816118047,33.0,0.01019831608236388
30952,2020-06-04,Westchester,87,33854,4216,176084,0.020635673624288427,36.0,0.010423463547209244
30953,2020-06-05,Westchester,70,33924,3979,180063,0.017592359889419453,35.0,0.009993435618919338
30954,2020-06-06,Westchester,30,33954,3162,183225,0.009487666034155597,33.0,0.009542163826743303
30955,2020-06-07,Westchester,46,34000,3336,186561,0.013788968824940047,32.0,0.009024889765153036
30956,2020-06-08,Westchester,35,34035,2577,189138,0.013581684128831975,28.0,0.008177317855949504
30957,2020-06-09,Westchester,41,34076,3304,192442,0.012409200968523002,27.0,0.007790139663305468
30958,2020-06-10,Westchester,30,34106,3494,195936,0.008586147681740127,24.0,0.006862978653707045
30959,2020-06-11,Westchester,69,34175,4954,200890,0.013928138877674606,22.0,0.006383869028948915
30960,2020-06-12,Westchester,78,34253,5099,205989,0.01529711708178074,23.0,0.006219923114117578
30961,2020-06-13,Westchester,37,34290,3399,209388,0.010885554574874964,24.0,0.006319772295597533
30962,2020-06-14,Westchester,37,34327,3594,212982,0.010294936004451864,23.0,0.006070198522705519
30963,2020-06-15,Westchester,31,34358,3204,216186,0.009675405742821473,23.0,0.005791178637990485
30964,2020-06-16,Westchester,27,34385,3189,219375,0.008466603951081843,22.0,0.005509564565316116
30965,2020-06-17,Westchester,24,34409,3998,223373,0.006003001500750375,21.0,0.0053250541238168475
30966,2020-06-18,Westchester,46,34455,4521,227894,0.0101747401017474,20.0,0.005056954211250618
30967,2020-06-19,Westchester,31,34486,3624,231518,0.008554083885209713,16.0,0.004575308982924116
30968,2020-06-20,Westchester,35,34521,3879,235397,0.009022944057746842,16.0,0.004442265374557822
30969,2020-06-21,Westchester,36,34557,3794,239191,0.009488666315234581,16.0,0.004384674682470874
30970,2020-06-22,Westchester,24,34581,2844,242035,0.008438818565400843,15.0,0.004296347026940828
30971,2020-06-23,Westchester,16,34597,2320,244355,0.006896551724137931,15.0,0.0041842004393019775
30972,2020-06-24,Westchester,45,34642,4611,248966,0.009759271307742356,16.0,0.00445250542551569
30973,2020-06-25,Westchester,58,34700,4127,253093,0.014053792100799612,17.0,0.0047295805683051344
30974,2020-06-26,Westchester,48,34748,4520,257613,0.010619469026548672,18.0,0.004877108078400775
30975,2020-06-27,Westchester,32,34780,3087,260700,0.010366051182377713,18.0,0.004973044301588694
30976,2020-06-28,Westchester,18,34798,2560,263260,0.00703125,17.0,0.004797514564786223
30977,2020-06-29,Westchester,40,34838,3702,266962,0.010804970286331712,18.0,0.004966525401995571
30978,2020-06-30,Westchester,28,34866,3730,270692,0.007506702412868633,19.0,0.005010107594047764
30979,2020-07-01,Westchester,46,34912,4469,275161,0.010293130454240322,19.0,0.00504824039022619
30980,2020-07-02,Westchester,68,34980,4827,279988,0.014087424901595194,20.0,0.005050642733140161
30981,2020-07-03,Westchester,40,35020,3437,283425,0.011638056444573755,19.0,0.00512339897728481
30982,2020-07-04,Westchester,23,35043,4519,287944,0.005089621597698606,18.0,0.004746511149807731
30983,2020-07-05,Westchester,41,35084,3639,291583,0.011266831547128332,20.0,0.005049052688888326
30984,2020-07-06,Westchester,22,35106,3586,295169,0.006134969325153374,19.0,0.004715481191661301
30985,2020-07-07,Westchester,48,35154,3387,298556,0.0141718334809566,20.0,0.005191561982239012
30986,2020-07-08,Westchester,29,35183,4843,303399,0.005988023952095809,19.0,0.0048840543749429765
30987,2020-07-09,Westchester,43,35226,5182,308581,0.008297954457738324,17.0,0.0044705207718103435
30988,2020-07-10,Westchester,34,35260,4293,312874,0.00791986955508968,17.0,0.004204935993990052
30989,2020-07-11,Westchester,37,35297,3958,316832,0.009348155634158665,18.0,0.004509116996594341
30990,2020-07-12,Westchester,30,35327,3238,320070,0.00926497838171711,17.0,0.004366127484779254
30991,2020-07-13,Westchester,39,35366,3851,323921,0.010127239678005712,18.0,0.004651289652840135
30992,2020-07-14,Westchester,28,35394,3598,327519,0.007782101167315175,17.0,0.004194880201865748
30993,2020-07-15,Westchester,28,35422,4364,331883,0.006416131989000917,17.0,0.0042254593473589706
30994,2020-07-16,Westchester,41,35463,4989,336872,0.008218079775506114,16.0,0.004219754012913812
30995,2020-07-17,Westchester,40,35503,4669,341541,0.008567144998929107,17.0,0.004265987973188058
30996,2020-07-18,Westchester,12,35515,3004,344545,0.0039946737683089215,15.0,0.003883596411341647
30997,2020-07-19,Westchester,36,35551,3104,347649,0.011597938144329897,16.0,0.004050236394385417
30998,2020-07-20,Westchester,36,35587,3044,350693,0.011826544021024968,15.0,0.00417161527602965
30999,2020-07-21,Westchester,49,35636,4198,354891,0.011672224868985231,17.0,0.004449481254720368
31000,2020-07-22,Westchester,31,35667,4000,358891,0.00775,17.0,0.004544757541220303
31001,2020-07-23,Westchester,33,35700,4805,363696,0.006867845993756503,16.0,0.0044483122710953305
31002,2020-07-24,Westchester,38,35738,4045,367741,0.009394313967861558,16.0,0.00450739576887622
31003,2020-07-25,Westchester,39,35777,3149,370890,0.012384884090187362,18.0,0.005106696506153252
31004,2020-07-26,Westchester,22,35799,3937,374827,0.0055880111760223524,17.0,0.004677416008416999
31005,2020-07-27,Westchester,39,35838,3847,378674,0.010137769690668054,17.0,0.004556789270534362
31006,2020-07-28,Westchester,36,35874,3393,382067,0.010610079575596816,17.0,0.004480921749578046
31007,2020-07-29,Westchester,39,35913,4552,386619,0.008567662565905097,17.0,0.004539326218571268
31008,2020-07-30,Westchester,20,35933,3133,389752,0.0063836578359399935,16.0,0.004504741350155802
31009,2020-07-31,Westchester,41,35974,4465,394217,0.009182530795072788,16.0,0.00448961398067089
31010,2020-08-01,Westchester,24,35998,3363,397580,0.007136485280999108,15.0,0.004114728351443158
31011,2020-08-02,Westchester,16,36014,2919,400499,0.005481329222336417,15.0,0.004107108211894162
31012,2020-08-03,Westchester,35,36049,4310,404809,0.008120649651972157,15.0,0.003963028209130169
31013,2020-08-04,Westchester,26,36075,4340,409149,0.005990783410138249,14.0,0.003633078483025986
31014,2020-08-05,Westchester,32,36107,4246,413395,0.007536504945831371,13.0,0.0035594243673064342
31015,2020-08-06,Westchester,29,36136,3794,417189,0.007643647865050079,14.0,0.003649423655100012
31016,2020-08-07,Westchester,44,36180,4021,421210,0.010942551604078588,14.0,0.003775139427171855
31017,2020-08-08,Westchester,25,36205,4018,425228,0.0062220009955201595,14.0,0.0037098191210662157
31018,2020-08-09,Westchester,28,36233,3572,428800,0.007838745800671893,15.0,0.00387820601951875
31019,2020-08-10,Westchester,39,36272,4879,433679,0.007993441278950604,15.0,0.0038691197071600673
31020,2020-08-11,Westchester,52,36324,4970,438649,0.010462776659959759,17.0,0.004188547796433032
31021,2020-08-12,Westchester,33,36357,4767,443416,0.006922592825676526,17.0,0.004144696930707686
31022,2020-08-13,Westchester,45,36402,4340,447756,0.010368663594470046,19.0,0.00433934091138054
31023,2020-08-14,Westchester,33,36435,5397,453153,0.006114508060033352,18.0,0.003994480658234452
31024,2020-08-15,Westchester,18,36453,5180,458333,0.0034749034749034747,17.0,0.003798259406761832
31025,2020-08-16,Westchester,33,36486,3985,462318,0.008281053952321205,18.0,0.0038298528461653547
31026,2020-08-17,Westchester,54,36540,4984,467302,0.010834670947030497,19.0,0.004032797822456776
31027,2020-08-18,Westchester,23,36563,4578,471880,0.005024027959807776,17.0,0.0036443157724459193
31028,2020-08-19,Westchester,23,36586,5147,477027,0.004468622498542841,16.0,0.003469032177650656
31029,2020-08-20,Westchester,35,36621,5357,482384,0.006533507560201606,15.0,0.003195092460917196
31030,2020-08-21,Westchester,30,36651,6410,488794,0.0046801872074883,15.0,0.0030926409714496926
31031,2020-08-22,Westchester,38,36689,4646,493440,0.008179078777442962,16.0,0.0034286534930596563
31032,2020-08-23,Westchester,21,36710,3977,497417,0.005280362081971335,16.0,0.003214318359463237
31033,2020-08-24,Westchester,32,36742,3725,501142,0.008590604026845637,14.0,0.003054027865164318
31034,2020-08-25,Westchester,38,36780,4334,505476,0.008767881864328565,15.0,0.0033214460012015177
31035,2020-08-26,Westchester,45,36825,5279,510755,0.00852434173138852,17.0,0.0036111402321190663
31036,2020-08-27,Westchester,38,36863,4891,515646,0.007769372316499694,17.0,0.0036994162861403584
31037,2020-08-28,Westchester,32,36895,5080,520726,0.006299212598425197,17.0,0.0038150609569215653
31038,2020-08-29,Westchester,54,36949,5745,526471,0.009399477806788513,18.0,0.0039022323161605334
31039,2020-08-30,Westchester,35,36984,4143,530614,0.008447984552256819,19.0,0.004128491064038067
31040,2020-08-31,Westchester,37,37021,4338,534952,0.008529276164130935,19.0,0.0041241105024155894
31041,2020-09-01,Westchester,36,37057,4422,539374,0.008141112618724558,19.0,0.004079341270586731
31042,2020-09-02,Westchester,49,37106,5469,544843,0.008959590418723715,20.0,0.004110430462539245
31043,2020-09-03,Westchester,46,37152,5292,550135,0.008692365835222978,20.0,0.00417635857101948
31044,2020-09-04,Westchester,53,37205,5401,555536,0.009812997593038325,22.0,0.004427343213491847
31045,2020-09-05,Westchester,41,37246,5013,560549,0.008178735288250548,21.0,0.004340147319310562
31046,2020-09-06,Westchester,31,37277,3619,564168,0.00856590218292346,20.0,0.0043485700072153225
31047,2020-09-07,Westchester,37,37314,3039,567207,0.01217505758473182,20.0,0.004608982965829672
31048,2020-09-08,Westchester,41,37355,3322,570529,0.012341962673088501,21.0,0.004909043683998525
31049,2020-09-09,Westchester,50,37405,4394,574923,0.01137915339098771,21.0,0.0050818696105888106
31050,2020-09-10,Westchester,49,37454,4849,579772,0.010105176325015466,21.0,0.0051827846455739885
31051,2020-09-11,Westchester,32,37486,4795,584567,0.006673618352450469,20.0,0.004958543271246284
31052,2020-09-12,Westchester,45,37531,3976,588543,0.011317907444668008,20.0,0.00518276985384753
31053,2020-09-13,Westchester,40,37571,3371,591914,0.011865915158706615,21.0,0.005418485066403471
31054,2020-09-14,Westchester,30,37601,4081,595995,0.0073511394266111245,20.0,0.005073919483680564
31055,2020-09-15,Westchester,33,37634,4896,600891,0.006740196078431373,19.0,0.004673793298347911
31056,2020-09-16,Westchester,38,37672,4826,605717,0.007874015748031496,19.0,0.004423426323851039
31057,2020-09-17,Westchester,46,37718,4825,610542,0.009533678756476684,18.0,0.004382605068955412
31058,2020-09-18,Westchester,37,37755,5740,616282,0.006445993031358885,19.0,0.00436634611744887
31059,2020-09-19,Westchester,46,37801,5776,622058,0.00796398891966759,19.0,0.004126780508520269
31060,2020-09-20,Westchester,36,37837,3507,625565,0.010265183917878529,19.0,0.004012442562746834
31061,2020-09-21,Westchester,29,37866,4373,629938,0.0066316030185227534,18.0,0.003961047105026236
31062,2020-09-22,Westchester,37,37903,3880,633818,0.009536082474226805,19.0,0.004160753276154482
31063,2020-09-23,Westchester,45,37948,4839,638657,0.009299442033477991,19.0,0.00426256943940066
31064,2020-09-24,Westchester,53,38001,5209,643866,0.010174697638702246,20.0,0.0043083565024167715
31065,2020-09-25,Westchester,50,38051,5411,649277,0.009240436148586214,21.0,0.0045079595822187235
31066,2020-09-26,Westchester,47,38098,5203,654480,0.009033250048049203,21.0,0.004584335377103124
31067,2020-09-27,Westchester,35,38133,2944,657424,0.01188858695652174,21.0,0.00470029273700621
31068,2020-09-28,Westchester,49,38182,4215,661639,0.01162514827995255,22.0,0.005056974541394053
31069,2020-09-29,Westchester,57,38239,3993,665632,0.014274981217129978,24.0,0.005395467308744279
31070,2020-09-30,Westchester,61,38300,5027,670659,0.012134473841257211,25.0,0.005597969580728509
31071,2020-10-01,Westchester,46,38346,6018,676677,0.007643735460285809,24.0,0.005417186567984479
31072,2020-10-02,Westchester,85,38431,6800,683477,0.0125,27.0,0.005650012557371179
31073,2020-10-03,Westchester,44,38475,5443,688920,0.008083777328679037,26.0,0.005582193077416167
31074,2020-10-04,Westchester,40,38515,4438,693358,0.009013068949977467,27.0,0.005376798934091575
31075,2020-10-05,Westchester,52,38567,4267,697625,0.012186547925943286,27.0,0.005416898908805199
31076,2020-10-06,Westchester,61,38628,5097,702722,0.011967824210319796,27.0,0.005252101979747329
31077,2020-10-07,Westchester,66,38694,7634,710356,0.008645533141210375,28.0,0.005002891929743984
31078,2020-10-08,Westchester,77,38771,7257,717613,0.010610445087501722,30.0,0.005214799760259406
31079,2020-10-09,Westchester,76,38847,7337,724950,0.010358457135068829,29.0,0.005061832412764323
31080,2020-10-10,Westchester,47,38894,5815,730765,0.008082545141874462,29.0,0.005061744399421139
31081,2020-10-11,Westchester,107,39001,5332,736097,0.020067516879219805,34.0,0.005851347822938448
31082,2020-10-12,Westchester,63,39064,4990,741087,0.012625250501002005,35.0,0.005882683721156927
31083,2020-10-13,Westchester,54,39118,5661,746748,0.009538950715421303,35.0,0.005709192757235608
31084,2020-10-14,Westchester,82,39200,6575,753323,0.012471482889733841,36.0,0.005982474882130141
31085,2020-10-15,Westchester,88,39288,7113,760436,0.012371713763531562,36.0,0.006108279787560844
31086,2020-10-16,Westchester,110,39398,7386,767822,0.014893040888166802,39.0,0.006432178627067841
31087,2020-10-17,Westchester,78,39476,5852,773674,0.013328776486671223,41.0,0.006806909437410467
31088,2020-10-18,Westchester,72,39548,4893,778567,0.014714898835070508,39.0,0.00642457957711409
31089,2020-10-19,Westchester,68,39616,4171,782738,0.016303044833373293,39.0,0.006687279172283465
31090,2020-10-20,Westchester,78,39694,4962,787700,0.015719467956469165,41.0,0.007128744689501171
31091,2020-10-21,Westchester,95,39789,7568,795268,0.012552854122621564,42.0,0.0071345569204217234
31092,2020-10-22,Westchester,101,39890,7241,802509,0.01394834967545919,43.0,0.007247173771273695
31093,2020-10-23,Westchester,151,40041,7199,809708,0.02097513543547715,45.0,0.007681609096081577
31094,2020-10-24,Westchester,90,40131,5455,815163,0.016498625114573784,46.0,0.007908026855217475
31095,2020-10-25,Westchester,71,40202,4502,819665,0.015770768547312304,46.0,0.007983446120377604
31096,2020-10-26,Westchester,120,40322,5760,825425,0.020833333333333332,50.0,0.008307038156089035
31097,2020-10-27,Westchester,116,40438,6312,831737,0.018377693282636248,53.0,0.008496911393672398
31098,2020-10-28,Westchester,116,40554,7381,839118,0.015716027638531364,54.0,0.008722852359094526
31099,2020-10-29,Westchester,127,40681,7446,846564,0.017056137523502553,56.0,0.008944837205383338
31100,2020-10-30,Westchester,116,40797,6188,852752,0.01874595992243051,54.0,0.008785610383022863
31101,2020-10-31,Westchester,149,40946,7355,860107,0.02025832766825289,58.0,0.009054160565428515
31102,2020-11-01,Westchester,115,41061,5095,865202,0.022571148184494603,61.0,0.009539901968084394
31103,2020-11-02,Westchester,165,41226,6484,871686,0.025447254780999382,64.0,0.009869467785774825
31104,2020-11-03,Westchester,134,41360,6358,878044,0.021075810003145644,65.0,0.010062190408668353
31105,2020-11-04,Westchester,182,41542,7790,885834,0.02336328626444159,70.0,0.01060842316766194
31106,2020-11-05,Westchester,178,41720,7653,893487,0.023258852737488567,74.0,0.011051474254375226
31107,2020-11-06,Westchester,234,41954,8184,901671,0.028592375366568914,82.0,0.011754789643242256
31108,2020-11-07,Westchester,225,42179,6606,908277,0.0340599455040872,88.0,0.012740619488658993
31109,2020-11-08,Westchester,275,42454,6601,914878,0.04166035449174368,99.0,0.01410413422489107
31110,2020-11-09,Westchester,242,42696,5528,920406,0.04377713458755427,105.0,0.015413411353930704
31111,2020-11-10,Westchester,244,42940,7158,927564,0.034087734003911706,112.0,0.016342834496842564
31112,2020-11-11,Westchester,352,43292,8163,935727,0.04312140144554698,125.0,0.017754128438350093
31113,2020-11-12,Westchester,364,43656,9137,944864,0.03983802123235197,138.0,0.018938354759411767
31114,2020-11-13,Westchester,437,44093,9495,954359,0.04602422327540811,152.0,0.02018348675290028
31115,2020-11-14,Westchester,253,44346,6983,961342,0.036230846341114134,154.0,0.020338551098402206
31116,2020-11-15,Westchester,230,44576,6167,967509,0.037295281336143994,151.0,0.020026760158716513
31117,2020-11-16,Westchester,399,44975,8953,976462,0.044566067240031274,162.0,0.0200831124910363
31118,2020-11-17,Westchester,360,45335,7332,983794,0.049099836333878884,171.0,0.02115540551460538
31119,2020-11-18,Westchester,337,45672,9771,993565,0.03448981680483062,170.0,0.020538863754554215
31120,2020-11-19,Westchester,392,46064,10253,1003818,0.038232712376865305,172.0,0.020424198836305165
31121,2020-11-20,Westchester,405,46469,9588,1013406,0.04224030037546934,169.0,0.020153918629166684
31122,2020-11-21,Westchester,372,46841,9875,1023281,0.037670886075949366,178.0,0.02025677861022634
31123,2020-11-22,Westchester,421,47262,8343,1031624,0.0504614647009469,191.0,0.021197220279140835
31124,2020-11-23,Westchester,370,47632,9218,1040842,0.04013885875461055,189.0,0.020880991101610784
31125,2020-11-24,Westchester,332,47964,7831,1048673,0.04239560720214532,187.0,0.02040211759220124
31126,2020-11-25,Westchester,477,48441,12005,1060678,0.03973344439816743,197.0,0.020776662420296733
31127,2020-11-26,Westchester,661,49102,12603,1073281,0.05244782988177418,217.0,0.021792027956361648
31128,2020-11-27,Westchester,544,49646,10790,1084071,0.05041705282669138,226.0,0.02237608170287751
31129,2020-11-28,Westchester,464,50110,9875,1093946,0.0469873417721519,233.0,0.023041542824034835
31130,2020-11-29,Westchester,583,50693,9975,1103921,0.05844611528822055,245.0,0.023611875008840093
31131,2020-11-30,Westchester,527,51220,9934,1113855,0.053050130863700425,256.0,0.02453410873091794
31132,2020-12-01,Westchester,570,51790,10852,1124707,0.05252488020641356,273.0,0.025257628231222823
31133,2020-12-02,Westchester,628,52418,11945,1136652,0.052574298869820006,284.0,0.026174832122055142
31134,2020-12-03,Westchester,768,53186,11541,1148193,0.06654536002079542,291.0,0.02718179856055666
31135,2020-12-04,Westchester,758,53944,10979,1159172,0.06904089625648967,307.0,0.028512073091256536
31136,2020-12-05,Westchester,727,54671,11471,1170643,0.06337721210007846,325.0,0.029682778114679866
31137,2020-12-06,Westchester,516,55187,8468,1179111,0.06093528578176665,321.0,0.029860576007076013
31138,2020-12-07,Westchester,610,55797,9280,1188391,0.06573275862068965,326.0,0.0307664779897181
31139,2020-12-08,Westchester,575,56372,9502,1197893,0.06051357608924437,327.0,0.03133709912420602
31140,2020-12-09,Westchester,623,56995,10337,1208230,0.06026893682886718,326.0,0.031886716121280814
31141,2020-12-10,Westchester,611,57606,10385,1218615,0.0588348579682234,315.0,0.03133596597466853
31142,2020-12-11,Westchester,638,58244,11443,1230058,0.055754609805121036,307.0,0.030386945513856484
31143,2020-12-12,Westchester,593,58837,11188,1241246,0.05300321773328567,297.0,0.029645945916228426
31144,2020-12-13,Westchester,594,59431,9287,1250533,0.06396037471734684,303.0,0.029862023697341294
31145,2020-12-14,Westchester,560,59991,9436,1259969,0.05934718100890208,299.0,0.02940591101078504
31146,2020-12-15,Westchester,549,60540,8417,1268386,0.06522513959843175,297.0,0.029742451261441285
31147,2020-12-16,Westchester,571,61111,9593,1277979,0.059522568539560096,294.0,0.02968913924077649
31148,2020-12-17,Westchester,716,61827,12949,1290928,0.05529384508456252,301.0,0.029436209749086426
31149,2020-12-18,Westchester,578,62405,9478,1300406,0.060983329816416965,297.0,0.02980968974989328
31150,2020-12-19,Westchester,535,62940,8495,1308901,0.062978222483814,293.0,0.03052219008921673
31151,2020-12-20,Westchester,433,63373,8236,1317137,0.05257406508013599,281.0,0.029708882257987384
31152,2020-12-21,Westchester,536,63909,8910,1326047,0.06015712682379349,279.0,0.029766735530479628
31153,2020-12-22,Westchester,651,64560,11368,1337415,0.05726600985221675,287.0,0.029198226262892844
31154,2020-12-23,Westchester,577,65137,11657,1349072,0.049498155614652144,287.0,0.02848219676825656
31155,2020-12-24,Westchester,714,65851,12449,1361521,0.05735400433769781,287.0,0.028629351000623367
31156,2020-12-25,Westchester,554,66405,11047,1372568,0.05014936181768806,285.0,0.027855496143571305
31157,2020-12-26,Westchester,432,66837,8332,1380900,0.05184829572731637,278.0,0.027060501375250044
31158,2020-12-27,Westchester,551,67388,7426,1388326,0.07419876110961486,286.0,0.02860512252021282
31159,2020-12-28,Westchester,543,67931,8530,1396856,0.06365767878077375,287.0,0.02885516194571141
31160,2020-12-29,Westchester,771,68702,8701,1405557,0.08861050453970808,295.0,0.03109405442338936
31161,2020-12-30,Westchester,959,69661,12987,1418544,0.07384307384307384,323.0,0.03283297715399091
31162,2020-12-31,Westchester,953,70614,12185,1430729,0.07821091505949938,340.0,0.03432275649126245
31163,2021-01-01,Westchester,1013,71627,12775,1443504,0.07929549902152642,373.0,0.03640462343439377
31164,2021-01-02,Westchester,591,72218,8333,1451837,0.07092283691347653,384.0,0.037767090661976636
31165,2021-01-03,Westchester,544,72762,7180,1459017,0.07576601671309192,383.0,0.03787903749079643
31166,2021-01-04,Westchester,619,73381,8878,1467895,0.06972291056544266,389.0,0.038312268332558484
31167,2021-01-05,Westchester,776,74157,10826,1478721,0.07167929059671162,389.0,0.03710289590805875
31168,2021-01-06,Westchester,1019,75176,13201,1491922,0.0771911218847057,393.0,0.037342042196746736
31169,2021-01-07,Westchester,913,76089,12329,1504251,0.074053045664693,391.0,0.037045051525689134
31170,2021-01-08,Westchester,853,76942,12578,1516829,0.06781682302432819,379.0,0.03622514609731783
31171,2021-01-09,Westchester,789,77731,12051,1528880,0.06547174508339557,393.0,0.03583578239516919
31172,2021-01-10,Westchester,803,78534,11381,1540261,0.07055619014146385,412.0,0.035463651925767184
31173,2021-01-11,Westchester,872,79406,11069,1551330,0.07877857078326858,430.0,0.03611048479846903
31174,2021-01-12,Westchester,740,80146,9860,1561190,0.07505070993914807,427.0,0.03635130046578593
31175,2021-01-13,Westchester,723,80869,10720,1571910,0.06744402985074627,406.0,0.035655079606217395
31176,2021-01-14,Westchester,1113,81982,16024,1587934,0.0694583125312032,420.0,0.0353268843823967
31177,2021-01-15,Westchester,951,82933,15342,1603276,0.061986703167774736,427.0,0.03491044724978574
31178,2021-01-16,Westchester,775,83708,12309,1615585,0.06296206028109513,426.0,0.03473118404962142
31179,2021-01-17,Westchester,712,84420,10771,1626356,0.06610342586575063,420.0,0.034413129458499045
31180,2021-01-18,Westchester,600,85020,9769,1636125,0.06141877367181902,401.0,0.033173143950538365
31181,2021-01-19,Westchester,703,85723,9638,1645763,0.07294044407553435,398.0,0.033022410674565954
31182,2021-01-20,Westchester,923,86646,12663,1658426,0.07288952065071468,412.0,0.03341137430313513
31183,2021-01-21,Westchester,924,87570,13629,1672055,0.06779661016949153,399.0,0.03329268127729858
31184,2021-01-22,Westchester,834,88404,13024,1685079,0.06403562653562654,390.0,0.03343903294643085
31185,2021-01-23,Westchester,821,89225,14160,1699239,0.05798022598870056,394.0,0.03308318763983124
31186,2021-01-24,Westchester,804,90029,12366,1711605,0.06501698204754973,400.0,0.033005584509959746
31187,2021-01-25,Westchester,636,90665,8951,1720556,0.07105351357390235,403.0,0.03369378021725141
31188,2021-01-26,Westchester,558,91223,8454,1729010,0.0660042583392477,392.0,0.03319833837894522
31189,2021-01-27,Westchester,839,92062,13809,1742819,0.06075747700774857,386.0,0.03233176383301907
31190,2021-01-28,Westchester,732,92794,13954,1756773,0.052458076537193636,373.0,0.031236154287854933
31191,2021-01-29,Westchester,791,93585,13379,1770152,0.05912250541894013,370.0,0.030885217065234477
31192,2021-01-30,Westchester,629,94214,11890,1782042,0.05290159798149706,356.0,0.0305224579218628
31193,2021-01-31,Westchester,484,94698,9801,1791843,0.04938271604938271,333.0,0.02940572463627944
31194,2021-02-01,Westchester,605,95303,10522,1802365,0.05749857441551036,331.0,0.028437514696394297
31195,2021-02-02,Westchester,339,95642,5737,1808102,0.05909011678577654,315.0,0.027943647442574934
31196,2021-02-03,Westchester,347,95989,6659,1814761,0.052109926415377684,280.0,0.027325965257405584
31197,2021-02-04,Westchester,476,96465,10614,1825375,0.0448464292443942,262.0,0.026782276165062766
31198,2021-02-05,Westchester,758,97223,14498,1839873,0.05228307352738309,259.0,0.026293745315665834
31199,2021-02-06,Westchester,685,97908,11619,1851492,0.05895515965229366,263.0,0.02672614257786559
31200,2021-02-07,Westchester,537,98445,9660,1861152,0.055590062111801244,267.0,0.02716952443946691
31201,2021-02-08,Westchester,459,98904,6929,1868081,0.06624332515514504,257.0,0.027794149492297963
31202,2021-02-09,Westchester,405,99309,8890,1876971,0.045556805399325086,261.0,0.026827484393265714
31203,2021-02-10,Westchester,675,99984,14518,1891489,0.04649400743904119,285.0,0.02642634732352739
31204,2021-02-11,Westchester,520,100504,12442,1903931,0.041793923806461984,288.0,0.02620831122081795
31205,2021-02-12,Westchester,511,101015,12859,1916790,0.03973870440936309,270.0,0.02531228485524509
31206,2021-02-13,Westchester,496,101511,11694,1928484,0.04241491363092184,257.0,0.02413083871086139
31207,2021-02-14,Westchester,305,101816,8531,1937015,0.03575196342749971,240.0,0.02271383166198271
31208,2021-02-15,Westchester,381,102197,7727,1944742,0.04930762262197489,235.0,0.02150413862389913
31209,2021-02-16,Westchester,401,102598,9661,1954403,0.04150709036331643,234.0,0.021214873264184222
31210,2021-02-17,Westchester,421,103019,11222,1965625,0.03751559436820531,216.0,0.0205735580448388
31211,2021-02-18,Westchester,487,103506,11060,1976685,0.04403254972875226,214.0,0.020733459896430967
31212,2021-02-19,Westchester,484,103990,15322,1992007,0.03158856546142801,212.0,0.020151307114435604
31213,2021-02-20,Westchester,410,104400,9754,2001761,0.042034037318023375,206.0,0.020124101663514284
31214,2021-02-21,Westchester,377,104777,7903,2009664,0.04770340377071998,211.0,0.020977775973744305
31215,2021-02-22,Westchester,391,105168,7874,2017538,0.04965709931419863,212.0,0.02100273859461743
31216,2021-02-23,Westchester,382,105550,11591,2029129,0.032956604261927355,210.0,0.020391989587375352
31217,2021-02-24,Westchester,579,106129,14231,2043360,0.040685826716323516,222.0,0.020618434755098083
31218,2021-02-25,Westchester,482,106611,13239,2056599,0.03640758365435456,221.0,0.02007379432121253
31219,2021-02-26,Westchester,464,107075,14342,2070941,0.03235253102775066,220.0,0.020128363290235575
31220,2021-02-27,Westchester,412,107487,11775,2082716,0.034989384288747344,220.0,0.01962517378814443
31221,2021-02-28,Westchester,370,107857,8429,2091145,0.04389607308102978,220.0,0.019353221596023703
31222,2021-03-01,Westchester,336,108193,7241,2098386,0.0464024306035078,216.0,0.01912074525954579
31223,2021-03-02,Westchester,430,108623,10268,2108654,0.04187767822360732,219.0,0.019757964828237214
31224,2021-03-03,Westchester,415,109038,12451,2121105,0.033330656172195,207.0,0.019232595503656604
31225,2021-03-04,Westchester,478,109516,13353,2134458,0.03579719913128136,207.0,0.01918899660915138
31226,2021-03-05,Westchester,435,109951,12424,2146882,0.035012878300064394,205.0,0.01937902141431664
31227,2021-03-06,Westchester,379,110330,9574,2156456,0.03958637977856695,203.0,0.019707378235018048
31228,2021-03-07,Westchester,270,110600,6666,2163122,0.0405040504050405,195.0,0.01946509090101881
31229,2021-03-08,Westchester,370,110970,7626,2170748,0.048518227117755046,198.0,0.019616219223465042
31230,2021-03-09,Westchester,369,111339,9836,2180584,0.03751525010166734,194.0,0.019304617214755043
31231,2021-03-10,Westchester,374,111713,10988,2191572,0.03403713141609028,191.0,0.019355079732176133
31232,2021-03-11,Westchester,495,112208,12878,2204450,0.03843764559714241,192.0,0.01954368305116621
31233,2021-03-12,Westchester,359,112567,10102,2214552,0.03553751732330231,186.0,0.019581157267111772
31234,2021-03-13,Westchester,287,112854,7952,2222504,0.03609154929577465,180.0,0.019331526518340896
31235,2021-03-14,Westchester,350,113204,7048,2229552,0.04965947786606129,186.0,0.019985485622699525
31236,2021-03-15,Westchester,373,113577,8084,2237636,0.04614052449282533,186.0,0.019815649720918833
31237,2021-03-16,Westchester,422,113999,10960,2248596,0.038503649635036497,190.0,0.019886249687588058
31238,2021-03-17,Westchester,403,114402,11794,2260390,0.03416991690690181,192.0,0.019895734365503164
31239,2021-03-18,Westchester,400,114802,13316,2273706,0.030039050765995796,185.0,0.019295834734706977
31240,2021-03-19,Westchester,420,115222,11759,2285465,0.03571732290160728,189.0,0.01930867799030019
31241,2021-03-20,Westchester,341,115563,10271,2295736,0.033200272612209134,193.0,0.019102158227188366
31242,2021-03-21,Westchester,372,115935,7363,2303099,0.050522884693738966,195.0,0.01916383014345106
31243,2021-03-22,Westchester,354,116289,6727,2309826,0.052623755017095285,193.0,0.019626918038041768
31244,2021-03-23,Westchester,375,116664,8543,2318369,0.04389558703031722,190.0,0.020012056423418967
31245,2021-03-24,Westchester,404,117068,12331,2330700,0.03276295515367772,190.0,0.019911559155331528
31246,2021-03-25,Westchester,441,117509,12196,2342896,0.036159396523450314,193.0,0.02034872670943542
31247,2021-03-26,Westchester,492,118001,12247,2355143,0.04017310361721238,198.0,0.020666996760550078
31248,2021-03-27,Westchester,504,118505,12893,2368036,0.03909097960133406,210.0,0.021087761545487572
31249,2021-03-28,Westchester,459,118964,9555,2377591,0.04803767660910518,216.0,0.02091024668229944
31250,2021-03-29,Westchester,278,119242,6451,2384042,0.043094093938924195,210.0,0.02022955660528722
31251,2021-03-30,Westchester,490,119732,10176,2394218,0.04815251572327044,219.0,0.020533622940498163
31252,2021-03-31,Westchester,584,120316,13795,2408013,0.042334179050380574,232.0,0.021217281790262655
31253,2021-04-01,Westchester,418,120734,12761,2420774,0.03275605360081498,230.0,0.020974185867217273
31254,2021-04-02,Westchester,390,121124,12462,2433236,0.031295137217140105,223.0,0.020340045410069254
31255,2021-04-03,Westchester,383,121507,10515,2443751,0.03642415596766524,214.0,0.020149558007664336
31256,2021-04-04,Westchester,296,121803,7942,2451693,0.03727020901536137,202.0,0.019380453179539785
31257,2021-04-05,Westchester,263,122066,6085,2457778,0.04322103533278554,201.0,0.01938952042195845
31258,2021-04-06,Westchester,346,122412,10999,2468777,0.03145740521865624,191.0,0.018197012528771716
31259,2021-04-07,Westchester,368,122780,13002,2481779,0.028303337948008,176.0,0.017194809592887963
31260,2021-04-08,Westchester,423,123203,14335,2496114,0.029508196721311476,176.0,0.01696281981578057
31261,2021-04-09,Westchester,345,123548,11452,2507566,0.030125742228431715,173.0,0.016879291602301397
31262,2021-04-10,Westchester,290,123838,10204,2517770,0.028420227361818894,166.0,0.01630758241616952
31263,2021-04-11,Westchester,254,124092,6944,2524714,0.036578341013824886,163.0,0.016258163273202623
31264,2021-04-12,Westchester,225,124317,6282,2530996,0.03581661891117478,160.0,0.01572927638594471
31265,2021-04-13,Westchester,218,124535,9318,2540314,0.023395578450311226,151.0,0.015153431616777213
31266,2021-04-14,Westchester,346,124881,12035,2552349,0.028749480681346074,150.0,0.015185298954872788
31267,2021-04-15,Westchester,291,125172,9288,2561637,0.03133074935400517,140.0,0.015315481285779484
31268,2021-04-16,Westchester,315,125487,12627,2574264,0.024946543121881683,138.0,0.01494553849245448
31269,2021-04-17,Westchester,239,125726,10618,2584882,0.02250894707101149,134.0,0.014523304185968236
31270,2021-04-18,Westchester,187,125913,6294,2591176,0.02971083571655545,130.0,0.014032768093306133
31271,2021-04-19,Westchester,181,126094,5354,2596530,0.033806499813223756,126.0,0.013889188157738205
31272,2021-04-20,Westchester,184,126278,9217,2605747,0.01996311164153195,124.0,0.013644011957111114
31273,2021-04-21,Westchester,216,126494,10837,2616584,0.019931715419396513,115.0,0.013014171581257573
31274,2021-04-22,Westchester,212,126706,10878,2627462,0.019488876631733775,109.0,0.012168323529666758
31275,2021-04-23,Westchester,190,126896,9370,2636832,0.020277481323372464,100.0,0.01183481911548753
31276,2021-04-24,Westchester,150,127046,9965,2646797,0.015052684395383844,94.0,0.011302228924371268
31277,2021-04-25,Westchester,133,127179,5676,2652473,0.02343199436222692,90.0,0.010853740256204945
31278,2021-04-26,Westchester,94,127273,4966,2657439,0.018928715263793798,84.0,0.009791041359817091
31279,2021-04-27,Westchester,120,127393,7514,2664953,0.015970188980569604,79.0,0.00950583259831978
31280,2021-04-28,Westchester,128,127521,9996,2674949,0.012805122048819529,73.0,0.00899679021470714
31281,2021-04-29,Westchester,143,127664,9514,2684463,0.015030481395837713,68.0,0.008678333412143134
31282,2021-04-30,Westchester,153,127817,10166,2694629,0.015050167224080268,65.0,0.008304953833622262
31283,2021-05-01,Westchester,96,127913,8341,2702970,0.011509411341565759,61.0,0.008051862901206686
31284,2021-05-02,Westchester,62,127975,5004,2707974,0.012390087929656275,56.0,0.007263155298880212
31285,2021-05-03,Westchester,91,128066,4251,2712225,0.021406727828746176,56.0,0.007440156196376809
31286,2021-05-04,Westchester,87,128153,7375,2719600,0.011796610169491526,54.0,0.007142043424156946
31287,2021-05-05,Westchester,83,128236,8220,2727820,0.010097323600973237,51.0,0.0069486292493107825
31288,2021-05-06,Westchester,67,128303,7783,2735603,0.008608505717589619,45.0,0.00648991670086449
31289,2021-05-07,Westchester,109,128412,11361,2746964,0.009594225860399612,42.0,0.006100206603458729
31290,2021-05-08,Westchester,62,128474,7105,2754069,0.00872624912033779,40.0,0.005901409301942446
31291,2021-05-09,Westchester,57,128531,5709,2759778,0.009984235417761429,39.0,0.005729562693949955
31292,2021-05-10,Westchester,53,128584,4547,2764325,0.011656036947437871,37.0,0.005033084773856506
31293,2021-05-11,Westchester,40,128624,6988,2771313,0.005724098454493417,33.0,0.004599333937070926
31294,2021-05-12,Westchester,79,128703,8076,2779389,0.00978207033184745,33.0,0.004576815846419085
31295,2021-05-13,Westchester,60,128763,8930,2788319,0.006718924972004479,32.0,0.004441845793163003
31296,2021-05-14,Westchester,72,128835,8645,2796964,0.008328513591671487,30.0,0.0043514377739681375
31297,2021-05-15,Westchester,29,128864,7075,2804039,0.004098939929328622,27.0,0.004020915688896054
31298,2021-05-16,Westchester,33,128897,4566,2808605,0.007227332457293035,26.0,0.0038239940488625974
31299,2021-05-17,Westchester,24,128921,4114,2812719,0.00583373845405931,24.0,0.0034081155850498425
31300,2021-05-18,Westchester,46,128967,6429,2819148,0.007155078550318867,24.0,0.0035103284490373746
31301,2021-05-19,Westchester,51,129018,7701,2826849,0.006622516556291391,22.0,0.0032846460364976565
31302,2021-05-20,Westchester,62,129080,7686,2834535,0.008066614623991674,22.0,0.0033809095830681702
31303,2021-05-21,Westchester,51,129131,7659,2842194,0.006658832745789268,21.0,0.0032616466655051544
31304,2021-05-22,Westchester,30,129161,6625,2848819,0.004528301886792453,21.0,0.003292315376752571
31305,2021-05-23,Westchester,18,129179,3740,2852559,0.004812834224598931,20.0,0.003119851217274421
31306,2021-05-24,Westchester,28,129207,3772,2856331,0.007423117709437964,20.0,0.003233378306944325
31307,2021-05-25,Westchester,31,129238,5685,2862016,0.005452946350043976,19.0,0.0031117974354961182
31308,2021-05-26,Westchester,33,129271,6960,2868976,0.0047413793103448275,18.0,0.002977430489357078
31309,2021-05-27,Westchester,42,129313,6798,2875774,0.00617828773168579,16.0,0.0028425499970495148
31310,2021-05-28,Westchester,29,129342,6184,2881958,0.004689521345407503,15.0,0.002701884897022246
31311,2021-05-29,Westchester,27,129369,5488,2887446,0.004919825072886298,14.0,0.002729850838886092
31312,2021-05-30,Westchester,18,129387,3154,2890600,0.0057070386810399495,14.0,0.0027937225857747362
31313,2021-05-31,Westchester,12,129399,2544,2893144,0.0047169811320754715,13.0,0.0026004271159631295
31314,2021-06-01,Westchester,12,129411,3161,2896305,0.0037962670041126224,12.0,0.0024820928769680333
31315,2021-06-02,Westchester,9,129420,5137,2901442,0.0017519953280124587,10.0,0.0022685654496585783
31316,2021-06-03,Westchester,29,129449,8361,2909803,0.003468484631024997,9.0,0.002075008085325664
31317,2021-06-04,Westchester,22,129471,7336,2917139,0.0029989094874591058,9.0,0.0019542500954722072
31318,2021-06-05,Westchester,17,129488,5627,2922766,0.0030211480362537764,8.0,0.001818630307141313
31319,2021-06-06,Westchester,19,129507,3345,2926111,0.005680119581464873,8.0,0.0018167075143145218
31320,2021-06-07,Westchester,19,129526,3859,2929970,0.004923555325213786,9.0,0.0018314628138244014
31321,2021-06-08,Westchester,26,129552,4837,2934807,0.0053752325821790365,10.0,0.0019442460694005738
31322,2021-06-09,Westchester,27,129579,5963,2940770,0.004527922186818715,11.0,0.0021425265593153064
31323,2021-06-10,Westchester,21,129600,6255,2947025,0.003357314148681055,10.0,0.0021345858105764537
31324,2021-06-11,Westchester,24,129624,6873,2953898,0.003491924923614142,10.0,0.002169801198873242
31325,2021-06-12,Westchester,21,129645,5101,2958999,0.004116839835326407,11.0,0.002248064898807001
31326,2021-06-13,Westchester,12,129657,3136,2962135,0.003826530612244898,10.0,0.00211566568671986
31327,2021-06-14,Westchester,7,129664,2445,2964580,0.0028629856850715747,9.0,0.0019684821409954164
31328,2021-06-15,Westchester,16,129680,4724,2969304,0.003386960203217612,9.0,0.0018264626853553147
31329,2021-06-16,Westchester,12,129692,5415,2974719,0.00221606648199446,8.0,0.001661330135010725
31330,2021-06-17,Westchester,14,129706,5258,2979977,0.0026626093571700264,7.0,0.0016117083641885087
31331,2021-06-18,Westchester,22,129728,5088,2985065,0.004323899371069182,7.0,0.001671135110435297
31332,2021-06-19,Westchester,3,129731,3892,2988957,0.0007708119218910585,6.0,0.0014321331166184867
31333,2021-06-20,Westchester,6,129737,3035,2991992,0.0019769357495881385,5.0,0.0013000191978572895
31334,2021-06-21,Westchester,9,129746,2871,2994863,0.003134796238244514,5.0,0.0013194342373696421
31335,2021-06-22,Westchester,11,129757,3999,2998862,0.0027506876719179795,5.0,0.0012739861994196685
31336,2021-06-23,Westchester,24,129781,6735,3005597,0.0035634743875278397,6.0,0.0013702296212434813
31337,2021-06-24,Westchester,19,129800,5847,3011444,0.003249529673336754,6.0,0.001412152500969676
31338,2021-06-25,Westchester,14,129814,6566,3018010,0.0021321961620469083,6.0,0.0012556022717537996
31339,2021-06-26,Westchester,16,129830,5072,3023082,0.0031545741324921135,7.0,0.001425871001082446
31340,2021-06-27,Westchester,5,129835,3234,3026316,0.0015460729746444033,7.0,0.0013950950885864653
31341,2021-06-28,Westchester,14,129849,3475,3029791,0.004028776978417266,7.0,0.0014589508557416617
31342,2021-06-29,Westchester,17,129866,4194,3033985,0.004053409632808774,7.0,0.0015520024243767185
31343,2021-06-30,Westchester,22,129888,4161,3038146,0.005287190579187695,7.0,0.0016751250094952795
31344,2021-07-01,Westchester,15,129903,4352,3042498,0.003446691176470588,7.0,0.001689207974004839
31345,2021-07-02,Westchester,9,129912,4159,3046657,0.002163981726376533,7.0,0.0016914783714569552
31346,2021-07-03,Westchester,15,129927,3588,3050245,0.004180602006688963,6.0,0.0017647660767567302
31347,2021-07-04,Westchester,11,129938,2766,3053011,0.0039768618944323935,7.0,0.0019383938567415864
31348,2021-07-05,Westchester,9,129947,1918,3054929,0.0046923879040667365,7.0,0.00198579463714512
31349,2021-07-06,Westchester,15,129962,2680,3057609,0.005597014925373134,6.0,0.0020960521580425744
31350,2021-07-07,Westchester,20,129982,4291,3061900,0.004660918200885575,6.0,0.0020513184167352807
31351,2021-07-08,Westchester,33,130015,4311,3066211,0.007654836464857342,8.0,0.0023519002230486196
31352,2021-07-09,Westchester,34,130049,4063,3070274,0.008368200836820083,9.0,0.0027950587309374447
31353,2021-07-10,Westchester,32,130081,3281,3073555,0.009753124047546479,11.0,0.003193096019570125
31354,2021-07-11,Westchester,33,130114,2925,3076480,0.011282051282051283,12.0,0.0037148952615429025
31355,2021-07-12,Westchester,37,130151,2627,3079107,0.014084507042253521,14.0,0.00438576091427053
31356,2021-07-13,Westchester,32,130183,3609,3082716,0.00886672208367969,15.0,0.004619311425578141
31357,2021-07-14,Westchester,51,130234,3801,3086517,0.013417521704814523,18.0,0.005244783104430209
31358,2021-07-15,Westchester,47,130281,4204,3090721,0.011179828734538535,19.0,0.005496568266550294
31359,2021-07-16,Westchester,51,130332,4632,3095353,0.011010362694300517,20.0,0.005685294113513183
31360,2021-07-17,Westchester,55,130387,3808,3099161,0.01444327731092437,21.0,0.006020305060897318
31361,2021-07-18,Westchester,34,130421,2678,3101839,0.012696041822255415,21.0,0.006121304385197613
31362,2021-07-19,Westchester,51,130472,3244,3105083,0.015721331689272502,22.0,0.006238220431413254
31363,2021-07-20,Westchester,56,130528,4082,3109165,0.013718765311121999,24.0,0.006584794947659132
31364,2021-07-21,Westchester,63,130591,5145,3114310,0.012244897959183673,25.0,0.0065010361086855
31365,2021-07-22,Westchester,76,130667,4913,3119223,0.015469163443924282,27.0,0.006807417159355911
31366,2021-07-23,Westchester,85,130752,5366,3124589,0.015840477077897874,30.0,0.007152425329612864
31367,2021-07-24,Westchester,74,130826,4538,3129127,0.01630674305861613,31.0,0.007285530025876563
31368,2021-07-25,Westchester,68,130894,3552,3132679,0.019144144144144143,33.0,0.007746108763154329
31369,2021-07-26,Westchester,74,130968,3233,3135912,0.022888957624497372,35.0,0.00825808204424182
31370,2021-07-27,Westchester,82,131050,4519,3140431,0.01814560743527329,37.0,0.00857428505310977
31371,2021-07-28,Westchester,129,131179,5139,3145570,0.025102159953298307,42.0,0.009492660909832243
31372,2021-07-29,Westchester,140,131319,5705,3151275,0.024539877300613498,46.0,0.010140569042452903
31373,2021-07-30,Westchester,156,131475,6008,3157283,0.02596537949400799,51.0,0.010863776357889337
31374,2021-07-31,Westchester,137,131612,4689,3161972,0.029217317125186607,56.0,0.01178596021978723
31375,2021-08-01,Westchester,98,131710,4024,3165996,0.024353876739562623,58.0,0.012158083976602837
31376,2021-08-02,Westchester,147,131857,4570,3170566,0.03216630196936543,63.0,0.012820751429807696
31377,2021-08-03,Westchester,139,131996,6448,3177014,0.021557071960297765,67.0,0.013064427467309445
31378,2021-08-04,Westchester,183,132179,7077,3184091,0.025858414582450192,71.0,0.013118445655106007
31379,2021-08-05,Westchester,148,132327,6482,3190573,0.02283245911755631,72.0,0.012996487213459066
31380,2020-03-01,Wyoming,0,0,0,0,,,
31381,2020-03-02,Wyoming,0,0,0,0,,,
31382,2020-03-03,Wyoming,0,0,0,0,,,
31383,2020-03-04,Wyoming,0,0,0,0,,,
31384,2020-03-05,Wyoming,0,0,0,0,,,
31385,2020-03-06,Wyoming,0,0,0,0,,,
31386,2020-03-07,Wyoming,0,0,0,0,,0.0,
31387,2020-03-08,Wyoming,0,0,0,0,,0.0,
31388,2020-03-09,Wyoming,0,0,0,0,,0.0,
31389,2020-03-10,Wyoming,0,0,0,0,,0.0,
31390,2020-03-11,Wyoming,0,0,0,0,,0.0,
31391,2020-03-12,Wyoming,0,0,0,0,,0.0,
31392,2020-03-13,Wyoming,0,0,0,0,,0.0,
31393,2020-03-14,Wyoming,0,0,0,0,,0.0,
31394,2020-03-15,Wyoming,1,1,3,3,0.3333333333333333,0.0,
31395,2020-03-16,Wyoming,0,1,0,3,,0.0,
31396,2020-03-17,Wyoming,0,1,2,5,0.0,0.0,
31397,2020-03-18,Wyoming,1,2,6,11,0.16666666666666666,0.0,
31398,2020-03-19,Wyoming,0,2,3,14,0.0,0.0,
31399,2020-03-20,Wyoming,0,2,0,14,,0.0,
31400,2020-03-21,Wyoming,0,2,4,18,0.0,0.0,
31401,2020-03-22,Wyoming,2,4,11,29,0.18181818181818182,0.0,
31402,2020-03-23,Wyoming,0,4,8,37,0.0,0.0,
31403,2020-03-24,Wyoming,0,4,7,44,0.0,0.0,
31404,2020-03-25,Wyoming,3,7,9,53,0.3333333333333333,0.0,
31405,2020-03-26,Wyoming,0,7,14,67,0.0,0.0,
31406,2020-03-27,Wyoming,0,7,15,82,0.0,0.0,0.03679653679653679
31407,2020-03-28,Wyoming,1,8,13,95,0.07692307692307693,0.0,0.04229104229104229
31408,2020-03-29,Wyoming,0,8,7,102,0.0,0.0,0.029304029304029304
31409,2020-03-30,Wyoming,1,9,13,115,0.07692307692307693,0.0,0.0347985347985348
31410,2020-03-31,Wyoming,1,10,10,125,0.1,0.0,0.04194139194139194
31411,2020-04-01,Wyoming,4,14,12,137,0.3333333333333333,0.0,0.04194139194139194
31412,2020-04-02,Wyoming,1,15,11,148,0.09090909090909091,0.0,0.04843489843489842
31413,2020-04-03,Wyoming,3,18,11,159,0.2727272727272727,0.0,0.06791541791541791
31414,2020-04-04,Wyoming,4,22,16,175,0.25,1.0,0.08027805527805529
31415,2020-04-05,Wyoming,1,23,6,181,0.16666666666666666,1.0,0.09218281718281718
31416,2020-04-06,Wyoming,0,23,7,188,0.0,1.0,0.08668831168831169
31417,2020-04-07,Wyoming,4,27,18,206,0.2222222222222222,1.0,0.0954184704184704
31418,2020-04-08,Wyoming,2,29,12,218,0.16666666666666666,1.0,0.08351370851370851
31419,2020-04-09,Wyoming,1,30,13,231,0.07692307692307693,1.0,0.0825147075147075
31420,2020-04-10,Wyoming,1,31,12,243,0.08333333333333333,0.0,0.06898656898656898
31421,2020-04-11,Wyoming,0,31,2,245,0.0,0.0,0.05112942612942612
31422,2020-04-12,Wyoming,0,31,2,247,0.0,0.0,0.03922466422466422
31423,2020-04-13,Wyoming,1,32,21,268,0.047619047619047616,0.0,0.04262602476888191
31424,2020-04-14,Wyoming,2,34,9,277,0.2222222222222222,0.0,0.04262602476888191
31425,2020-04-15,Wyoming,0,34,8,285,0.0,0.0,0.030721262864120004
31426,2020-04-16,Wyoming,1,35,11,296,0.09090909090909091,0.0,0.031720263863121004
31427,2020-04-17,Wyoming,1,36,6,302,0.16666666666666666,0.0,0.037672644815501956
31428,2020-04-18,Wyoming,0,36,6,308,0.0,0.0,0.037672644815501956
31429,2020-04-19,Wyoming,0,36,4,312,0.0,0.0,0.037672644815501956
31430,2020-04-20,Wyoming,0,36,6,318,0.0,0.0,0.03427128427128427
31431,2020-04-21,Wyoming,4,40,14,332,0.2857142857142857,0.0,0.03880643166357452
31432,2020-04-22,Wyoming,1,41,15,347,0.06666666666666667,0.0,0.04356833642547928
31433,2020-04-23,Wyoming,2,43,18,365,0.1111111111111111,0.0,0.04501133786848072
31434,2020-04-24,Wyoming,14,57,117,482,0.11965811965811966,1.0,0.041653584510727364
31435,2020-04-25,Wyoming,2,59,19,501,0.10526315789473684,1.0,0.04917238150320857
31436,2020-04-26,Wyoming,4,63,15,516,0.26666666666666666,1.0,0.06822000055082762
31437,2020-04-27,Wyoming,0,63,9,525,0.0,1.0,0.06822000055082762
31438,2020-04-28,Wyoming,2,65,26,551,0.07692307692307693,1.0,0.053306342780026994
31439,2020-04-29,Wyoming,2,67,17,568,0.11764705882352941,1.0,0.05694779936266005
31440,2020-04-30,Wyoming,1,68,16,584,0.0625,1.0,0.05347557714043782
31441,2020-05-01,Wyoming,1,69,32,616,0.03125,0.0,0.04716071145057212
31442,2020-05-02,Wyoming,0,69,15,631,0.0,0.0,0.03964191445809092
31443,2020-05-03,Wyoming,0,69,16,647,0.0,0.0,0.02059429541047188
31444,2020-05-04,Wyoming,1,70,24,671,0.041666666666666664,0.0,0.023570485886662357
31445,2020-05-05,Wyoming,0,70,42,713,0.0,0.0,0.01807598039215686
31446,2020-05-06,Wyoming,1,71,22,735,0.045454545454545456,0.0,0.012919372294372294
31447,2020-05-07,Wyoming,2,73,130,865,0.015384615384615385,0.0,0.00955398767898768
31448,2020-05-08,Wyoming,2,75,187,1052,0.0106951871657754,0.0,0.00808578676225735
31449,2020-05-09,Wyoming,2,77,26,1078,0.07692307692307693,0.0,0.013580292256762844
31450,2020-05-10,Wyoming,0,77,39,1117,0.0,0.0,0.013580292256762844
31451,2020-05-11,Wyoming,0,77,24,1141,0.0,0.0,0.01060410178057237
31452,2020-05-12,Wyoming,0,77,63,1204,0.0,0.0,0.01060410178057237
31453,2020-05-13,Wyoming,0,77,41,1245,0.0,0.0,0.007357348533819122
31454,2020-05-14,Wyoming,0,77,106,1351,0.0,0.0,0.006258447434918024
31455,2020-05-15,Wyoming,1,78,28,1379,0.03571428571428571,0.0,0.00804552590266876
31456,2020-05-16,Wyoming,0,78,43,1422,0.0,0.0,0.002551020408163265
31457,2020-05-17,Wyoming,1,79,56,1478,0.017857142857142856,0.0,0.003826530612244898
31458,2020-05-18,Wyoming,0,79,27,1505,0.0,0.0,0.003826530612244898
31459,2020-05-19,Wyoming,0,79,60,1565,0.0,0.0,0.003826530612244898
31460,2020-05-20,Wyoming,0,79,64,1629,0.0,0.0,0.003826530612244898
31461,2020-05-21,Wyoming,0,79,46,1675,0.0,0.0,0.003826530612244898
31462,2020-05-22,Wyoming,1,80,150,1825,0.006666666666666667,0.0,0.001751700680272109
31463,2020-05-23,Wyoming,1,81,113,1938,0.008849557522123894,0.0,0.002383811931852387
31464,2020-05-24,Wyoming,1,82,42,1980,0.023809523809523808,0.0,0.002808981999879598
31465,2020-05-25,Wyoming,0,82,29,2009,0.0,0.0,0.002808981999879598
31466,2020-05-26,Wyoming,0,82,42,2051,0.0,0.0,0.002808981999879598
31467,2020-05-27,Wyoming,0,82,77,2128,0.0,0.0,0.002808981999879598
31468,2020-05-28,Wyoming,0,82,66,2194,0.0,0.0,0.002808981999879598
31469,2020-05-29,Wyoming,2,84,90,2284,0.022222222222222223,0.0,0.003920093110990709
31470,2020-05-30,Wyoming,2,86,45,2329,0.044444444444444446,0.0,0.006462585034013605
31471,2020-05-31,Wyoming,0,86,85,2414,0.0,0.0,0.0047619047619047615
31472,2020-06-01,Wyoming,0,86,229,2643,0.0,0.0,0.0047619047619047615
31473,2020-06-02,Wyoming,1,87,91,2734,0.01098901098901099,0.0,0.00554683411826269
31474,2020-06-03,Wyoming,0,87,122,2856,0.0,0.0,0.00554683411826269
31475,2020-06-04,Wyoming,1,88,67,2923,0.014925373134328358,0.0,0.006612932199286144
31476,2020-06-05,Wyoming,1,89,129,3052,0.007751937984496124,0.0,0.005579340468019994
31477,2020-06-06,Wyoming,0,89,124,3176,0.0,0.0,0.0024047372934168196
31478,2020-06-07,Wyoming,1,90,127,3303,0.007874015748031496,0.0,0.0029671669897047837
31479,2020-06-08,Wyoming,1,91,102,3405,0.00980392156862745,0.0,0.0036674471017496017
31480,2020-06-09,Wyoming,0,91,188,3593,0.0,0.0,0.0028825177453916735
31481,2020-06-10,Wyoming,0,91,97,3690,0.0,0.0,0.0028825177453916735
31482,2020-06-11,Wyoming,0,91,97,3787,0.0,0.0,0.0018164196643682194
31483,2020-06-12,Wyoming,0,91,113,3900,0.0,0.0,0.0012627098083327819
31484,2020-06-13,Wyoming,1,92,65,3965,0.015384615384615385,0.0,0.002361610907233881
31485,2020-06-14,Wyoming,0,92,49,4014,0.0,0.0,0.001799181210945917
31486,2020-06-15,Wyoming,1,93,201,4215,0.004975124378109453,0.0,0.001454267125908917
31487,2020-06-16,Wyoming,0,93,85,4300,0.0,0.0,0.001454267125908917
31488,2020-06-17,Wyoming,0,93,68,4368,0.0,0.0,0.001454267125908917
31489,2020-06-18,Wyoming,0,93,126,4494,0.0,0.0,0.001454267125908917
31490,2020-06-19,Wyoming,0,93,33,4527,0.0,0.0,0.001454267125908917
31491,2020-06-20,Wyoming,0,93,33,4560,0.0,0.0,0.00035536602700781805
31492,2020-06-21,Wyoming,0,93,151,4711,0.0,0.0,0.00035536602700781805
31493,2020-06-22,Wyoming,0,93,147,4858,0.0,0.0,0.0
31494,2020-06-23,Wyoming,0,93,83,4941,0.0,0.0,0.0
31495,2020-06-24,Wyoming,0,93,95,5036,0.0,0.0,0.0
31496,2020-06-25,Wyoming,1,94,167,5203,0.005988023952095809,0.0,0.00042771599657827206
31497,2020-06-26,Wyoming,1,95,113,5316,0.008849557522123894,0.0,0.00105982724815855
31498,2020-06-27,Wyoming,0,95,65,5381,0.0,0.0,0.00105982724815855
31499,2020-06-28,Wyoming,0,95,149,5530,0.0,0.0,0.00105982724815855
31500,2020-06-29,Wyoming,0,95,99,5629,0.0,0.0,0.00105982724815855
31501,2020-06-30,Wyoming,0,95,94,5723,0.0,0.0,0.00105982724815855
31502,2020-07-01,Wyoming,0,95,167,5890,0.0,0.0,0.00105982724815855
31503,2020-07-02,Wyoming,0,95,112,6002,0.0,0.0,0.0006321112515802781
31504,2020-07-03,Wyoming,1,96,224,6226,0.004464285714285714,0.0,0.00031887755102040814
31505,2020-07-04,Wyoming,1,97,64,6290,0.015625,0.0,0.0014349489795918366
31506,2020-07-05,Wyoming,0,97,42,6332,0.0,0.0,0.0014349489795918366
31507,2020-07-06,Wyoming,0,97,89,6421,0.0,0.0,0.0014349489795918366
31508,2020-07-07,Wyoming,1,98,67,6488,0.014925373134328358,0.0,0.0025010470606152907
31509,2020-07-08,Wyoming,1,99,222,6710,0.0045045045045045045,0.0,0.0028227973823656124
31510,2020-07-09,Wyoming,2,101,70,6780,0.02857142857142857,0.0,0.004863613708896225
31511,2020-07-10,Wyoming,0,101,211,6991,0.0,0.0,0.004544736157875817
31512,2020-07-11,Wyoming,0,101,86,7077,0.0,0.0,0.0034286647293043883
31513,2020-07-12,Wyoming,1,102,65,7142,0.015384615384615385,0.0,0.004527565828205487
31514,2020-07-13,Wyoming,1,103,215,7357,0.004651162790697674,0.0,0.004859791741826749
31515,2020-07-14,Wyoming,0,103,97,7454,0.0,0.0,0.0037936936608032952
31516,2020-07-15,Wyoming,0,103,92,7546,0.0,0.0,0.0034719433390529735
31517,2020-07-16,Wyoming,0,103,75,7621,0.0,0.0,0.0014311270125223613
31518,2020-07-17,Wyoming,1,104,83,7704,0.012048192771084338,0.0,0.0022917122104569566
31519,2020-07-18,Wyoming,0,104,161,7865,0.0,0.0,0.0022917122104569566
31520,2020-07-19,Wyoming,0,104,113,7978,0.0,0.0,0.001192811111555858
31521,2020-07-20,Wyoming,3,107,114,8092,0.02631578947368421,0.0,0.002740284446054896
31522,2020-07-21,Wyoming,1,108,102,8194,0.00980392156862745,0.0,0.0034405645580997146
31523,2020-07-22,Wyoming,0,108,122,8316,0.0,0.0,0.0034405645580997146
31524,2020-07-23,Wyoming,2,110,101,8417,0.019801980198019802,0.0,0.004854991715101128
31525,2020-07-24,Wyoming,0,110,151,8568,0.0,0.0,0.0039944065171665325
31526,2020-07-25,Wyoming,0,110,209,8777,0.0,0.0,0.0039944065171665325
31527,2020-07-26,Wyoming,0,110,175,8952,0.0,0.0,0.0039944065171665325
31528,2020-07-27,Wyoming,1,111,106,9058,0.009433962264150943,0.0,0.0027885617164855854
31529,2020-07-28,Wyoming,0,111,83,9141,0.0,0.0,0.002088281604440768
31530,2020-07-29,Wyoming,0,111,129,9270,0.0,0.0,0.002088281604440768
31531,2020-07-30,Wyoming,1,112,114,9384,0.008771929824561403,0.0,0.0013004208634794531
31532,2020-07-31,Wyoming,0,112,74,9458,0.0,0.0,0.0013004208634794531
31533,2020-08-01,Wyoming,0,112,309,9767,0.0,0.0,0.0013004208634794531
31534,2020-08-02,Wyoming,1,113,64,9831,0.015625,0.0,0.002416492292050882
31535,2020-08-03,Wyoming,0,113,85,9916,0.0,0.0,0.0017426378446115287
31536,2020-08-04,Wyoming,1,114,116,10032,0.008620689655172414,0.0,0.0023584013914095584
31537,2020-08-05,Wyoming,1,115,104,10136,0.009615384615384616,0.0,0.003045214578222745
31538,2020-08-06,Wyoming,1,116,114,10250,0.008771929824561403,0.0,0.003045214578222745
31539,2020-08-07,Wyoming,0,116,139,10389,0.0,0.0,0.003045214578222745
31540,2020-08-08,Wyoming,2,118,153,10542,0.013071895424836602,0.0,0.003978921394282503
31541,2020-08-09,Wyoming,0,118,96,10638,0.0,0.0,0.0028628499657110743
31542,2020-08-10,Wyoming,0,118,88,10726,0.0,0.0,0.0028628499657110743
31543,2020-08-11,Wyoming,0,118,56,10782,0.0,0.0,0.0022470864189130446
31544,2020-08-12,Wyoming,0,118,167,10949,0.0,0.0,0.0015602732320998576
31545,2020-08-13,Wyoming,0,118,117,11066,0.0,0.0,0.0009337068160597573
31546,2020-08-14,Wyoming,0,118,151,11217,0.0,0.0,0.0009337068160597573
31547,2020-08-15,Wyoming,0,118,284,11501,0.0,0.0,0.0
31548,2020-08-16,Wyoming,0,118,26,11527,0.0,0.0,0.0
31549,2020-08-17,Wyoming,2,120,110,11637,0.01818181818181818,0.0,0.0012987012987012987
31550,2020-08-18,Wyoming,0,120,94,11731,0.0,0.0,0.0012987012987012987
31551,2020-08-19,Wyoming,0,120,132,11863,0.0,0.0,0.0012987012987012987
31552,2020-08-20,Wyoming,1,121,138,12001,0.007246376811594203,0.0,0.001816299642386599
31553,2020-08-21,Wyoming,0,121,159,12160,0.0,0.0,0.001816299642386599
31554,2020-08-22,Wyoming,2,123,80,12240,0.025,0.0,0.0036020139281008846
31555,2020-08-23,Wyoming,1,124,166,12406,0.006024096385542169,0.0,0.004032306527068182
31556,2020-08-24,Wyoming,1,125,156,12562,0.00641025641025641,0.0,0.0031914806862423416
31557,2020-08-25,Wyoming,0,125,128,12690,0.0,0.0,0.0031914806862423416
31558,2020-08-26,Wyoming,0,125,99,12789,0.0,0.0,0.0031914806862423416
31559,2020-08-27,Wyoming,0,125,120,12909,0.0,0.0,0.0026738823425570416
31560,2020-08-28,Wyoming,0,125,237,13146,0.0,0.0,0.0026738823425570416
31561,2020-08-29,Wyoming,1,126,197,13343,0.005076142131979695,0.0,0.001250749637698448
31562,2020-08-30,Wyoming,0,126,61,13404,0.0,0.0,0.0008204570387311504
31563,2020-08-31,Wyoming,0,126,98,13502,0.0,0.0,0.0003625815808556925
31564,2020-09-01,Wyoming,0,126,153,13655,0.0,0.0,0.0003625815808556925
31565,2020-09-02,Wyoming,0,126,102,13757,0.0,0.0,0.0003625815808556925
31566,2020-09-03,Wyoming,0,126,86,13843,0.0,0.0,0.0003625815808556925
31567,2020-09-04,Wyoming,0,126,115,13958,0.0,0.0,0.0003625815808556925
31568,2020-09-05,Wyoming,0,126,196,14154,0.0,0.0,0.0
31569,2020-09-06,Wyoming,1,127,161,14315,0.006211180124223602,0.0,0.0004436557231588287
31570,2020-09-07,Wyoming,0,127,40,14355,0.0,0.0,0.0004436557231588287
31571,2020-09-08,Wyoming,0,127,92,14447,0.0,0.0,0.0004436557231588287
31572,2020-09-09,Wyoming,0,127,103,14550,0.0,0.0,0.0004436557231588287
31573,2020-09-10,Wyoming,0,127,51,14601,0.0,0.0,0.0004436557231588287
31574,2020-09-11,Wyoming,1,128,128,14729,0.0078125,0.0,0.001001691437444543
31575,2020-09-12,Wyoming,0,128,76,14805,0.0,0.0,0.001001691437444543
31576,2020-09-13,Wyoming,2,130,222,15027,0.009009009009009009,0.0,0.0012015363577863576
31577,2020-09-14,Wyoming,0,130,411,15438,0.0,0.0,0.0012015363577863576
31578,2020-09-15,Wyoming,0,130,430,15868,0.0,0.0,0.0012015363577863576
31579,2020-09-16,Wyoming,0,130,459,16327,0.0,0.0,0.0012015363577863576
31580,2020-09-17,Wyoming,1,131,342,16669,0.0029239766081871343,0.0,0.0014103918297997244
31581,2020-09-18,Wyoming,1,132,416,17085,0.002403846153846154,0.0,0.0010240594122173069
31582,2020-09-19,Wyoming,0,132,579,17664,0.0,0.0,0.0010240594122173069
31583,2020-09-20,Wyoming,0,132,126,17790,0.0,0.0,0.00038055876871666343
31584,2020-09-21,Wyoming,0,132,722,18512,0.0,0.0,0.00038055876871666343
31585,2020-09-22,Wyoming,0,132,417,18929,0.0,0.0,0.00038055876871666343
31586,2020-09-23,Wyoming,2,134,374,19303,0.0053475935828877,0.0,0.0007625297389229277
31587,2020-09-24,Wyoming,1,135,251,19554,0.00398406374501992,0.0,0.0008382502486966982
31588,2020-09-25,Wyoming,1,136,165,19719,0.006060606060606061,0.0,0.0010994473848938344
31589,2020-09-26,Wyoming,1,137,291,20010,0.003436426116838488,0.0,0.0013449063932394407
31590,2020-09-27,Wyoming,0,137,62,20072,0.0,0.0,0.0013449063932394407
31591,2020-09-28,Wyoming,0,137,78,20150,0.0,0.0,0.0013449063932394407
31592,2020-09-29,Wyoming,0,137,98,20248,0.0,0.0,0.0013449063932394407
31593,2020-09-30,Wyoming,0,137,157,20405,0.0,0.0,0.0009629354230331762
31594,2020-10-01,Wyoming,0,137,190,20595,0.0,0.0,0.0006783594412460391
31595,2020-10-02,Wyoming,3,140,177,20772,0.01694915254237288,0.0,0.0014561127613722405
31596,2020-10-03,Wyoming,1,141,348,21120,0.0028735632183908046,0.0,0.0014159082686259776
31597,2020-10-04,Wyoming,1,142,54,21174,0.018518518518518517,0.0,0.0027386595913773
31598,2020-10-05,Wyoming,2,144,126,21300,0.015873015873015872,0.0,0.0038724464394498622
31599,2020-10-06,Wyoming,3,147,129,21429,0.023255813953488372,0.0,0.0055335760075561746
31600,2020-10-07,Wyoming,0,147,153,21582,0.0,0.0,0.0055335760075561746
31601,2020-10-08,Wyoming,3,150,267,21849,0.011235955056179775,0.0,0.00633614422585473
31602,2020-10-09,Wyoming,0,150,218,22067,0.0,0.0,0.005125490472828095
31603,2020-10-10,Wyoming,2,152,80,22147,0.025,0.0,0.0067059502429430385
31604,2020-10-11,Wyoming,0,152,166,22313,0.0,0.0,0.005383198920191716
31605,2020-10-12,Wyoming,1,153,68,22381,0.014705882352941176,0.0,0.00529983224018638
31606,2020-10-13,Wyoming,3,156,86,22467,0.03488372093023256,0.0,0.006130397024239537
31607,2020-10-14,Wyoming,0,156,108,22575,0.0,0.0,0.006130397024239537
31608,2020-10-15,Wyoming,4,160,139,22714,0.02877697841726619,0.0,0.007383327264317137
31609,2020-10-16,Wyoming,3,163,458,23172,0.006550218340611353,0.0,0.007851200002932235
31610,2020-10-17,Wyoming,3,166,89,23261,0.033707865168539325,1.0,0.008473190372113614
31611,2020-10-18,Wyoming,1,167,70,23331,0.014285714285714285,1.0,0.009493598535378922
31612,2020-10-19,Wyoming,0,167,278,23609,0.0,1.0,0.008443178367311694
31613,2020-10-20,Wyoming,5,172,142,23751,0.035211267605633804,1.0,0.008466574558411783
31614,2020-10-21,Wyoming,2,174,218,23969,0.009174311926605505,1.0,0.009121882553169317
31615,2020-10-22,Wyoming,3,177,176,24145,0.017045454545454544,1.0,0.00828391656232563
31616,2020-10-23,Wyoming,2,179,296,24441,0.006756756756756757,1.0,0.008298669306336017
31617,2020-10-24,Wyoming,3,182,104,24545,0.028846153846153848,1.0,0.00795140421187991
31618,2020-10-25,Wyoming,3,185,191,24736,0.015706806282722512,1.0,0.008052910783094783
31619,2020-10-26,Wyoming,1,186,124,24860,0.008064516129032258,1.0,0.00862894764945423
31620,2020-10-27,Wyoming,2,188,92,24952,0.021739130434782608,1.0,0.007666652137250574
31621,2020-10-28,Wyoming,4,192,169,25121,0.023668639053254437,1.0,0.008701961217725497
31622,2020-10-29,Wyoming,4,196,164,25285,0.024390243902439025,1.0,0.009226589028938676
31623,2020-10-30,Wyoming,3,199,213,25498,0.014084507042253521,1.0,0.009749999763617014
31624,2020-10-31,Wyoming,4,203,230,25728,0.017391304347826087,1.0,0.008931796228022175
31625,2020-11-01,Wyoming,2,205,218,25946,0.009174311926605505,1.0,0.008465189488299532
31626,2020-11-02,Wyoming,11,216,171,26117,0.06432748538011696,2.0,0.012483973006234153
31627,2020-11-03,Wyoming,3,219,160,26277,0.01875,2.0,0.012270463689463967
31628,2020-11-04,Wyoming,7,226,166,26443,0.04216867469879518,2.0,0.013591894807002593
31629,2020-11-05,Wyoming,4,230,233,26676,0.017167381974248927,2.0,0.013075976097846156
31630,2020-11-06,Wyoming,13,243,312,26988,0.041666666666666664,3.0,0.01504613035673281
31631,2020-11-07,Wyoming,3,246,129,27117,0.023255813953488372,3.0,0.015465023899994402
31632,2020-11-08,Wyoming,4,250,120,27237,0.03333333333333333,3.0,0.01719066828618924
31633,2020-11-09,Wyoming,11,261,198,27435,0.05555555555555555,3.0,0.01656410187014914
31634,2020-11-10,Wyoming,10,271,218,27653,0.045871559633027525,3.0,0.01850135612965111
31635,2020-11-11,Wyoming,16,287,178,27831,0.0898876404494382,4.0,0.021909853683268473
31636,2020-11-12,Wyoming,45,332,365,28196,0.1232876712328767,7.0,0.029489874344599026
31637,2020-11-13,Wyoming,8,340,330,28526,0.024242424242424242,6.0,0.028245285600010276
31638,2020-11-14,Wyoming,3,343,92,28618,0.03260869565217391,6.0,0.02891334857848782
31639,2020-11-15,Wyoming,11,354,121,28739,0.09090909090909091,7.0,0.033025902691041935
31640,2020-11-16,Wyoming,9,363,210,28949,0.04285714285714286,7.0,0.03211887321258388
31641,2020-11-17,Wyoming,12,375,225,29174,0.05333333333333334,7.0,0.032651857048320014
31642,2020-11-18,Wyoming,7,382,182,29356,0.038461538461538464,6.0,0.028978564049184315
31643,2020-11-19,Wyoming,2,384,122,29478,0.01639344262295082,3.0,0.02134326200561818
31644,2020-11-20,Wyoming,13,397,349,29827,0.03724928366762178,4.0,0.02227232339313229
31645,2020-11-21,Wyoming,4,401,128,29955,0.03125,4.0,0.0221752737036913
31646,2020-11-22,Wyoming,18,419,422,30377,0.04265402843601896,4.0,0.0187284835270433
31647,2020-11-23,Wyoming,11,430,433,30810,0.025404157043879907,4.0,0.017481841683238804
31648,2020-11-24,Wyoming,50,480,402,31212,0.12437810945273632,7.0,0.022556468548910445
31649,2020-11-25,Wyoming,19,499,314,31526,0.06050955414012739,8.0,0.024131326811666798
31650,2020-11-26,Wyoming,18,517,272,31798,0.0661764705882353,9.0,0.027687257380615688
31651,2020-11-27,Wyoming,10,527,184,31982,0.05434782608695652,9.0,0.028908581839139597
31652,2020-11-28,Wyoming,6,533,270,32252,0.022222222222222223,9.0,0.028263740569298323
31653,2020-11-29,Wyoming,13,546,242,32494,0.05371900826446281,9.0,0.029054096271330033
31654,2020-11-30,Wyoming,18,564,239,32733,0.07531380753138076,9.0,0.03261907130615152
31655,2020-12-01,Wyoming,20,584,213,32946,0.09389671361502347,7.0,0.030441828746314886
31656,2020-12-02,Wyoming,21,605,322,33268,0.06521739130434782,7.0,0.03077810282947349
31657,2020-12-03,Wyoming,37,642,416,33684,0.0889423076923077,8.0,0.03240423405119295
31658,2020-12-04,Wyoming,26,668,417,34101,0.06235011990407674,10.0,0.03297582646670154
31659,2020-12-05,Wyoming,22,690,367,34468,0.05994550408719346,11.0,0.03567034659991377
31660,2020-12-06,Wyoming,7,697,146,34614,0.04794520547945205,10.0,0.03525793211527014
31661,2020-12-07,Wyoming,26,723,255,34869,0.10196078431372549,11.0,0.037161287599723335
31662,2020-12-08,Wyoming,17,740,324,35193,0.05246913580246913,11.0,0.0342021748988266
31663,2020-12-09,Wyoming,31,771,312,35505,0.09935897435897435,11.0,0.03664085940272849
31664,2020-12-10,Wyoming,33,804,491,35996,0.06720977596741344,11.0,0.03508853570809319
31665,2020-12-11,Wyoming,36,840,540,36536,0.06666666666666667,12.0,0.03539686047684961
31666,2020-12-12,Wyoming,43,883,307,36843,0.14006514657980457,13.0,0.041119692083464686
31667,2020-12-13,Wyoming,12,895,191,37034,0.06282722513089005,14.0,0.042182693487138836
31668,2020-12-14,Wyoming,19,914,249,37283,0.07630522088353414,13.0,0.04035015324212517
31669,2020-12-15,Wyoming,25,939,241,37524,0.1037344398340249,14.0,0.04401196067295058
31670,2020-12-16,Wyoming,35,974,355,37879,0.09859154929577464,14.0,0.04395714459700774
31671,2020-12-17,Wyoming,39,1013,453,38332,0.08609271523178808,14.0,0.045305925973034504
31672,2020-12-18,Wyoming,40,1053,567,38899,0.07054673721340388,15.0,0.045583073869230016
31673,2020-12-19,Wyoming,16,1069,279,39178,0.05734767025089606,13.0,0.0396746827028794
31674,2020-12-20,Wyoming,19,1088,164,39342,0.11585365853658537,13.0,0.043462285089000505
31675,2020-12-21,Wyoming,20,1108,184,39526,0.10869565217391304,13.0,0.04577588732402756
31676,2020-12-22,Wyoming,35,1143,376,39902,0.09308510638297872,14.0,0.045015220648952844
31677,2020-12-23,Wyoming,23,1166,275,40177,0.08363636363636363,13.0,0.04394699310185205
31678,2020-12-24,Wyoming,31,1197,380,40557,0.08157894736842106,13.0,0.043624581111611556
31679,2020-12-25,Wyoming,24,1221,316,40873,0.0759493670886076,12.0,0.04401048324555468
31680,2020-12-26,Wyoming,15,1236,156,41029,0.09615384615384616,11.0,0.04678235295290826
31681,2020-12-27,Wyoming,17,1253,118,41147,0.1440677966101695,11.0,0.04879764852959284
31682,2020-12-28,Wyoming,24,1277,164,41311,0.14634146341463414,12.0,0.051486635046787195
31683,2020-12-29,Wyoming,44,1321,374,41685,0.11764705882352941,12.0,0.053241060221112246
31684,2020-12-30,Wyoming,46,1367,355,42040,0.1295774647887324,14.0,0.056522567446281445
31685,2020-12-31,Wyoming,54,1421,300,42340,0.18,16.0,0.06355264263425137
31686,2021-01-01,Wyoming,50,1471,409,42749,0.12224938875305623,17.0,0.06685978703885484
31687,2021-01-02,Wyoming,39,1510,215,42964,0.1813953488372093,19.0,0.07294846580195222
31688,2021-01-03,Wyoming,23,1533,150,43114,0.15333333333333332,20.0,0.07361028985360676
31689,2021-01-04,Wyoming,34,1567,196,43310,0.17346938775510204,20.0,0.07554799873506877
31690,2021-01-05,Wyoming,58,1625,391,43701,0.1483375959079284,21.0,0.07774017995538297
31691,2021-01-06,Wyoming,48,1673,300,44001,0.16,21.0,0.07991321818475924
31692,2021-01-07,Wyoming,72,1745,633,44634,0.11374407582938388,23.0,0.07518065217257237
31693,2021-01-08,Wyoming,36,1781,431,45065,0.08352668213457076,22.0,0.07241474455696627
31694,2021-01-09,Wyoming,56,1837,353,45418,0.15864022662889518,23.0,0.07078937868494382
31695,2021-01-10,Wyoming,24,1861,180,45598,0.13333333333333333,23.0,0.0693608072563724
31696,2021-01-11,Wyoming,26,1887,264,45862,0.09848484848484848,22.0,0.06400476873706858
31697,2021-01-12,Wyoming,18,1905,326,46188,0.05521472392638037,20.0,0.05735313502410085
31698,2021-01-13,Wyoming,34,1939,447,46635,0.07606263982102908,19.0,0.0513576092970315
31699,2021-01-14,Wyoming,48,1987,462,47097,0.1038961038961039,17.0,0.05065418273036865
31700,2021-01-15,Wyoming,88,2075,515,47612,0.170873786407767,21.0,0.05689326160702552
31701,2021-01-16,Wyoming,39,2114,376,47988,0.10372340425531915,19.0,0.05297063143748437
31702,2021-01-17,Wyoming,21,2135,181,48169,0.11602209944751381,19.0,0.05173411473135442
31703,2021-01-18,Wyoming,39,2174,262,48431,0.14885496183206107,20.0,0.05533197997044103
31704,2021-01-19,Wyoming,38,2212,362,48793,0.10497237569060773,21.0,0.05888609795360012
31705,2021-01-20,Wyoming,36,2248,334,49127,0.10778443113772455,22.0,0.061151940190506945
31706,2021-01-21,Wyoming,36,2284,462,49589,0.07792207792207792,21.0,0.05929665262093366
31707,2021-01-22,Wyoming,19,2303,338,49927,0.05621301775147929,16.0,0.05110659771691311
31708,2021-01-23,Wyoming,15,2318,233,50160,0.06437768240343347,14.0,0.048296189013206994
31709,2021-01-24,Wyoming,25,2343,214,50374,0.11682242990654206,14.0,0.04835335547456615
31710,2021-01-25,Wyoming,21,2364,157,50531,0.1337579617834395,13.0,0.04727499832823603
31711,2021-01-26,Wyoming,16,2380,377,50908,0.042440318302387266,12.0,0.042808422800506
31712,2021-01-27,Wyoming,29,2409,470,51378,0.06170212765957447,11.0,0.03951682969492386
31713,2021-01-28,Wyoming,31,2440,326,51704,0.0950920245398773,11.0,0.040743254453338096
31714,2021-01-29,Wyoming,22,2462,352,52056,0.0625,11.0,0.041192324613946715
31715,2021-01-30,Wyoming,17,2479,293,52349,0.05802047781569966,11.0,0.04073823857196573
31716,2021-01-31,Wyoming,15,2494,142,52491,0.1056338028169014,10.0,0.03993905092270568
31717,2021-02-01,Wyoming,10,2504,154,52645,0.06493506493506493,10.0,0.035023129719250354
31718,2021-02-02,Wyoming,10,2514,290,52935,0.034482758620689655,9.0,0.0344547325991291
31719,2021-02-03,Wyoming,24,2538,441,53376,0.05442176870748299,9.0,0.03393470695969399
31720,2021-02-04,Wyoming,25,2563,242,53618,0.10330578512396695,8.0,0.03452140414427183
31721,2021-02-05,Wyoming,11,2574,271,53889,0.04059040590405904,8.0,0.0329564331374189
31722,2021-02-06,Wyoming,9,2583,243,54132,0.037037037037037035,7.0,0.031457615938942994
31723,2021-02-07,Wyoming,16,2599,197,54329,0.08121827411167512,7.0,0.02971364960285541
31724,2021-02-08,Wyoming,11,2610,120,54449,0.09166666666666666,7.0,0.031623049726541244
31725,2021-02-09,Wyoming,16,2626,330,54779,0.048484848484848485,8.0,0.03262319900255259
31726,2021-02-10,Wyoming,17,2643,401,55180,0.04239401496259352,7.0,0.03176407373506049
31727,2021-02-11,Wyoming,19,2662,271,55451,0.07011070110701106,7.0,0.029392996305277922
31728,2021-02-12,Wyoming,19,2681,243,55694,0.07818930041152264,7.0,0.032078631627239604
31729,2021-02-13,Wyoming,8,2689,291,55985,0.027491408934707903,7.0,0.03139680104850181
31730,2021-02-14,Wyoming,11,2700,188,56173,0.05851063829787234,7.0,0.029774827061801616
31731,2021-02-15,Wyoming,12,2712,130,56303,0.09230769230769231,7.0,0.029820614607589165
31732,2021-02-16,Wyoming,4,2716,162,56465,0.024691358024691357,6.0,0.0281210795747208
31733,2021-02-17,Wyoming,3,2719,324,56789,0.009259259259259259,5.0,0.02575431131019692
31734,2021-02-18,Wyoming,13,2732,242,57031,0.05371900826446281,5.0,0.02458347610715776
31735,2021-02-19,Wyoming,16,2748,233,57264,0.06866952789699571,4.0,0.02390349235612012
31736,2021-02-20,Wyoming,8,2756,296,57560,0.02702702702702703,4.0,0.023870322219857198
31737,2021-02-21,Wyoming,9,2765,119,57679,0.07563025210084033,4.0,0.025093151777212056
31738,2021-02-22,Wyoming,5,2770,174,57853,0.028735632183908046,4.0,0.020552290339798895
31739,2021-02-23,Wyoming,8,2778,332,58185,0.024096385542168676,4.0,0.020509792305332987
31740,2021-02-24,Wyoming,7,2785,372,58557,0.01881720430107527,4.0,0.021192502665462704
31741,2021-02-25,Wyoming,7,2792,268,58825,0.026119402985074626,4.0,0.01922110228836355
31742,2021-02-26,Wyoming,12,2804,258,59083,0.046511627906976744,4.0,0.017638395146219336
31743,2021-02-27,Wyoming,10,2814,189,59272,0.05291005291005291,4.0,0.019487182709292613
31744,2021-02-28,Wyoming,6,2820,141,59413,0.0425531914893617,3.0,0.017124535522758427
31745,2021-03-01,Wyoming,13,2833,184,59597,0.07065217391304347,4.0,0.02011857421769667
31746,2021-03-02,Wyoming,8,2841,383,59980,0.020887728459530026,4.0,0.019889384426079626
31747,2021-03-03,Wyoming,12,2853,359,60339,0.033426183844011144,4.0,0.02093288296486076
31748,2021-03-04,Wyoming,14,2867,274,60613,0.051094890510948905,5.0,0.022716846359566063
31749,2021-03-05,Wyoming,12,2879,310,60923,0.03870967741935484,5.0,0.022159564181878786
31750,2021-03-06,Wyoming,6,2885,171,61094,0.03508771929824561,5.0,0.02088654035246398
31751,2021-03-07,Wyoming,13,2898,225,61319,0.057777777777777775,5.0,0.021974010801636554
31752,2021-03-08,Wyoming,9,2907,192,61511,0.046875,5.0,0.020275641236419163
31753,2021-03-09,Wyoming,4,2911,327,61838,0.012232415902140673,5.0,0.019657404625177066
31754,2021-03-10,Wyoming,16,2927,416,62254,0.038461538461538464,5.0,0.0200170728121433
31755,2021-03-11,Wyoming,12,2939,274,62528,0.043795620437956206,5.0,0.01949569637835811
31756,2021-03-12,Wyoming,8,2947,320,62848,0.025,4.0,0.018516433705547054
31757,2021-03-13,Wyoming,7,2954,142,62990,0.04929577464788732,4.0,0.019531294801950032
31758,2021-03-14,Wyoming,4,2958,92,63082,0.043478260869565216,4.0,0.018509900737077704
31759,2021-03-15,Wyoming,5,2963,154,63236,0.032467532467532464,4.0,0.017480795913330023
31760,2021-03-16,Wyoming,6,2969,397,63633,0.015113350125944584,4.0,0.01768657692931602
31761,2021-03-17,Wyoming,7,2976,221,63854,0.03167420814479638,3.0,0.017201767620977297
31762,2021-03-18,Wyoming,7,2983,329,64183,0.02127659574468085,3.0,0.015593265857171914
31763,2021-03-19,Wyoming,8,2991,199,64382,0.04020100502512563,3.0,0.016679051930395174
31764,2021-03-20,Wyoming,14,3005,287,64669,0.04878048780487805,3.0,0.016642245727323084
31765,2021-03-21,Wyoming,1,3006,113,64782,0.008849557522123894,3.0,0.014168766916791562
31766,2021-03-22,Wyoming,8,3014,196,64978,0.04081632653061224,3.0,0.014765109349868688
31767,2021-03-23,Wyoming,8,3022,260,65238,0.03076923076923077,3.0,0.015883386538674844
31768,2021-03-24,Wyoming,9,3031,284,65522,0.03169014084507042,3.0,0.01588452458869442
31769,2021-03-25,Wyoming,6,3037,308,65830,0.01948051948051948,3.0,0.015756233426968604
31770,2021-03-26,Wyoming,9,3046,386,66216,0.023316062176165803,3.0,0.014550166080614333
31771,2021-03-27,Wyoming,5,3051,228,66444,0.021929824561403508,3.0,0.012632261563223295
31772,2021-03-28,Wyoming,6,3057,133,66577,0.045112781954887216,3.0,0.015222491879849245
31773,2021-03-29,Wyoming,4,3061,212,66789,0.018867924528301886,3.0,0.01365474887968422
31774,2021-03-30,Wyoming,8,3069,267,67056,0.0299625468164794,3.0,0.013597128597344839
31775,2021-03-31,Wyoming,16,3085,295,67351,0.05423728813559322,3.0,0.015207639118096467
31776,2021-04-01,Wyoming,10,3095,416,67767,0.02403846153846154,4.0,0.015533206407949472
31777,2021-04-02,Wyoming,12,3107,246,68013,0.04878048780487805,4.0,0.017352093952857483
31778,2021-04-03,Wyoming,9,3116,268,68281,0.033582089552238806,4.0,0.01818439859506001
31779,2021-04-04,Wyoming,9,3125,113,68394,0.07964601769911504,4.0,0.02065105829107628
31780,2021-04-05,Wyoming,3,3128,135,68529,0.022222222222222223,4.0,0.020890650983499164
31781,2021-04-06,Wyoming,17,3145,452,68981,0.03761061946902655,5.0,0.02143694188725253
31782,2021-04-07,Wyoming,14,3159,224,69205,0.0625,5.0,0.022027135591853014
31783,2021-04-08,Wyoming,15,3174,410,69615,0.036585365853658534,5.0,0.022923343042938516
31784,2021-04-09,Wyoming,12,3186,399,70014,0.03007518796992481,5.0,0.02158725019758471
31785,2021-04-10,Wyoming,8,3194,220,70234,0.03636363636363636,5.0,0.021785932112684536
31786,2021-04-11,Wyoming,4,3198,116,70350,0.034482758620689655,5.0,0.01855998503565415
31787,2021-04-12,Wyoming,6,3204,254,70604,0.023622047244094488,5.0,0.018659972537216456
31788,2021-04-13,Wyoming,13,3217,310,70914,0.041935483870967745,5.0,0.0189688914230694
31789,2021-04-14,Wyoming,9,3226,348,71262,0.02586206896551724,4.0,0.016351896349177778
31790,2021-04-15,Wyoming,5,3231,227,71489,0.022026431718061675,4.0,0.015311972482349426
31791,2021-04-16,Wyoming,8,3239,344,71833,0.023255813953488372,3.0,0.014824874338318254
31792,2021-04-17,Wyoming,22,3261,363,72196,0.06060606060606061,4.0,0.016556476069919984
31793,2021-04-18,Wyoming,2,3263,87,72283,0.022988505747126436,4.0,0.01573545800752261
31794,2021-04-19,Wyoming,5,3268,250,72533,0.02,4.0,0.015476740347230148
31795,2021-04-20,Wyoming,14,3282,319,72852,0.0438871473354232,4.0,0.015616144880405537
31796,2021-04-21,Wyoming,8,3290,389,73241,0.02056555269922879,4.0,0.015237822289956364
31797,2021-04-22,Wyoming,17,3307,321,73562,0.0529595015576324,5.0,0.017447327278497127
31798,2021-04-23,Wyoming,19,3326,343,73905,0.05539358600583091,6.0,0.019742882425093027
31799,2021-04-24,Wyoming,10,3336,235,74140,0.0425531914893617,5.0,0.018453391773900246
31800,2021-04-25,Wyoming,3,3339,223,74363,0.013452914798206279,5.0,0.017772278134691663
31801,2021-04-26,Wyoming,5,3344,216,74579,0.023148148148148147,5.0,0.017997145859559388
31802,2021-04-27,Wyoming,19,3363,326,74905,0.05828220858895705,5.0,0.01902536452052609
31803,2021-04-28,Wyoming,14,3377,389,75294,0.03598971722365039,6.0,0.020127090557984777
31804,2021-04-29,Wyoming,16,3393,346,75640,0.046242774566473986,6.0,0.019647324344330606
31805,2021-04-30,Wyoming,12,3405,332,75972,0.03614457831325301,5.0,0.018272395223432183
31806,2021-05-01,Wyoming,10,3415,289,76261,0.03460207612456748,5.0,0.017704458411661166
31807,2021-05-02,Wyoming,2,3417,126,76387,0.015873015873015872,5.0,0.01787732277414757
31808,2021-05-03,Wyoming,4,3421,276,76663,0.014492753623188406,5.0,0.017259080308079013
31809,2021-05-04,Wyoming,9,3430,274,76937,0.032846715328467155,4.0,0.015442259360901165
31810,2021-05-05,Wyoming,12,3442,296,77233,0.04054054054054054,4.0,0.01576731816925046
31811,2021-05-06,Wyoming,7,3449,295,77528,0.023728813559322035,4.0,0.014159178097311037
31812,2021-05-07,Wyoming,8,3457,304,77832,0.02631578947368421,3.0,0.01345712175162755
31813,2021-05-08,Wyoming,2,3459,200,78032,0.01,3.0,0.01169983059987273
31814,2021-05-09,Wyoming,2,3461,112,78144,0.017857142857142856,3.0,0.0118415539558818
31815,2021-05-10,Wyoming,9,3470,243,78387,0.037037037037037035,3.0,0.013451859914013847
31816,2021-05-11,Wyoming,14,3484,267,78654,0.052434456928838954,3.0,0.014850984314040402
31817,2021-05-12,Wyoming,13,3497,317,78971,0.04100946372239748,3.0,0.014884478827030185
31818,2021-05-13,Wyoming,7,3504,231,79202,0.030303030303030304,3.0,0.01535406573729506
31819,2021-05-14,Wyoming,7,3511,328,79530,0.021341463414634148,3.0,0.0149987567330772
31820,2021-05-15,Wyoming,6,3517,263,79793,0.022813688212927757,4.0,0.01591402017685775
31821,2021-05-16,Wyoming,7,3524,108,79901,0.06481481481481481,4.0,0.01926813960240575
31822,2021-05-17,Wyoming,0,3524,173,80074,0.0,3.0,0.016622636956903105
31823,2021-05-18,Wyoming,5,3529,261,80335,0.019157088122605363,3.0,0.014245682042172133
31824,2021-05-19,Wyoming,7,3536,322,80657,0.021739130434782608,2.0,0.012869229664485355
31825,2021-05-20,Wyoming,5,3541,211,80868,0.023696682464454975,2.0,0.01239734767601569
31826,2021-05-21,Wyoming,7,3548,272,81140,0.025735294117647058,2.0,0.012711192726230896
31827,2021-05-22,Wyoming,7,3555,116,81256,0.0603448275862069,2.0,0.015391988395750835
31828,2021-05-23,Wyoming,4,3559,124,81380,0.03225806451612903,2.0,0.013066506231558996
31829,2021-05-24,Wyoming,2,3561,160,81540,0.0125,2.0,0.013959363374416136
31830,2021-05-25,Wyoming,4,3565,258,81798,0.015503875968992248,2.0,0.013698419649158059
31831,2021-05-26,Wyoming,3,3568,289,82087,0.010380622837370242,2.0,0.012887097677914319
31832,2021-05-27,Wyoming,2,3570,254,82341,0.007874015748031496,2.0,0.011756907198169783
31833,2021-05-28,Wyoming,1,3571,191,82532,0.005235602094240838,1.0,0.010292643482212196
31834,2021-05-29,Wyoming,3,3574,114,82646,0.02631578947368421,1.0,0.00786199790274629
31835,2021-05-30,Wyoming,0,3574,42,82688,0.0,1.0,0.005557850437308502
31836,2021-05-31,Wyoming,0,3574,55,82743,0.0,0.0,0.004664993294451359
31837,2021-06-01,Wyoming,0,3574,148,82891,0.0,0.0,0.0035575735823804846
31838,2021-06-02,Wyoming,0,3574,267,83158,0.0,0.0,0.0028161005225683243
31839,2021-06-03,Wyoming,1,3575,354,83512,0.002824858757062147,0.0,0.0024554464517847997
31840,2021-06-04,Wyoming,0,3575,198,83710,0.0,0.0,0.0020814748736247396
31841,2021-06-05,Wyoming,1,3576,90,83800,0.011111111111111112,0.0,0.0009954264191552327
31842,2021-06-06,Wyoming,0,3576,129,83929,0.0,0.0,0.0009954264191552327
31843,2021-06-07,Wyoming,1,3577,94,84023,0.010638297872340425,0.0,0.00175530483860812
31844,2021-06-08,Wyoming,1,3578,287,84310,0.003484320557491289,0.0,0.002004184878428927
31845,2021-06-09,Wyoming,0,3578,282,84592,0.0,0.0,0.002004184878428927
31846,2021-06-10,Wyoming,2,3580,216,84808,0.009259259259259259,0.0,0.002463784914300149
31847,2021-06-11,Wyoming,1,3581,189,84997,0.005291005291005291,0.0,0.0028417138636576697
31848,2021-06-12,Wyoming,0,3581,133,85130,0.0,0.0,0.002048063070006876
31849,2021-06-13,Wyoming,0,3581,62,85192,0.0,0.0,0.002048063070006876
31850,2021-06-14,Wyoming,1,3582,90,85282,0.011111111111111112,0.0,0.002081835444204782
31851,2021-06-15,Wyoming,0,3582,120,85402,0.0,0.0,0.001832955404383976
31852,2021-06-16,Wyoming,1,3583,137,85539,0.0072992700729927005,0.0,0.0023543318381691685
31853,2021-06-17,Wyoming,0,3583,147,85686,0.0,0.0,0.0016929561767935074
31854,2021-06-18,Wyoming,1,3584,144,85830,0.006944444444444444,0.0,0.0018110589734677326
31855,2021-06-19,Wyoming,0,3584,58,85888,0.0,0.0,0.0018110589734677326
31856,2021-06-20,Wyoming,0,3584,49,85937,0.0,0.0,0.0018110589734677326
31857,2021-06-21,Wyoming,1,3585,73,86010,0.0136986301369863,0.0,0.0019958817610302463
31858,2021-06-22,Wyoming,0,3585,142,86152,0.0,0.0,0.0019958817610302463
31859,2021-06-23,Wyoming,0,3585,84,86236,0.0,0.0,0.0014745053272450532
31860,2021-06-24,Wyoming,0,3585,99,86335,0.0,0.0,0.0014745053272450532
31861,2021-06-25,Wyoming,0,3585,99,86434,0.0,0.0,0.0009784735812133072
31862,2021-06-26,Wyoming,0,3585,68,86502,0.0,0.0,0.0009784735812133072
31863,2021-06-27,Wyoming,0,3585,39,86541,0.0,0.0,0.0009784735812133072
31864,2021-06-28,Wyoming,3,3588,81,86622,0.037037037037037035,0.0,0.0026455026455026454
31865,2021-06-29,Wyoming,0,3588,86,86708,0.0,0.0,0.0026455026455026454
31866,2021-06-30,Wyoming,1,3589,88,86796,0.011363636363636364,0.0,0.0034571909571909573
31867,2021-07-01,Wyoming,0,3589,117,86913,0.0,0.0,0.0034571909571909573
31868,2021-07-02,Wyoming,4,3593,46,86959,0.08695652173913043,0.0,0.00966837108141456
31869,2021-07-03,Wyoming,1,3594,59,87018,0.01694915254237288,0.0,0.010879024834441194
31870,2021-07-04,Wyoming,2,3596,35,87053,0.05714285714285714,0.0,0.014960657487502417
31871,2021-07-05,Wyoming,1,3597,44,87097,0.022727272727272728,0.0,0.013938531465376396
31872,2021-07-06,Wyoming,0,3597,52,87149,0.0,0.0,0.013938531465376396
31873,2021-07-07,Wyoming,2,3599,48,87197,0.041666666666666664,0.0,0.016103033629878562
31874,2021-07-08,Wyoming,2,3601,97,87294,0.020618556701030927,0.0,0.017575787679952198
31875,2021-07-09,Wyoming,2,3603,89,87383,0.02247191011235955,0.0,0.012969743992325708
31876,2021-07-10,Wyoming,0,3603,54,87437,0.0,0.0,0.011759090239299072
31877,2021-07-11,Wyoming,0,3603,40,87477,0.0,0.0,0.007677457586237849
31878,2021-07-12,Wyoming,0,3603,35,87512,0.0,0.0,0.006054080962861225
31879,2021-07-13,Wyoming,2,3605,74,87586,0.02702702702702703,0.0,0.007984582893363155
31880,2021-07-14,Wyoming,2,3607,87,87673,0.022988505747126436,0.0,0.006650428541967424
31881,2021-07-15,Wyoming,0,3607,83,87756,0.0,0.0,0.005177674491893787
31882,2021-07-16,Wyoming,0,3607,79,87835,0.0,0.0,0.003572538055296676
31883,2021-07-17,Wyoming,1,3608,97,87932,0.010309278350515464,0.0,0.004308915080333495
31884,2021-07-18,Wyoming,0,3608,28,87960,0.0,0.0,0.004308915080333495
31885,2021-07-19,Wyoming,0,3608,38,87998,0.0,0.0,0.004308915080333495
31886,2021-07-20,Wyoming,0,3608,57,88055,0.0,0.0,0.002378413149831564
31887,2021-07-21,Wyoming,4,3612,61,88116,0.06557377049180328,0.0,0.00542021777445134
31888,2021-07-22,Wyoming,2,3614,113,88229,0.017699115044247787,0.0,0.006684440277611896
31889,2021-07-23,Wyoming,0,3614,61,88290,0.0,0.0,0.006684440277611896
31890,2021-07-24,Wyoming,2,3616,55,88345,0.03636363636363636,0.0,0.008545465849977674
31891,2021-07-25,Wyoming,0,3616,37,88382,0.0,0.0,0.008545465849977674
31892,2021-07-26,Wyoming,2,3618,60,88442,0.03333333333333333,0.0,0.010926418230930055
31893,2021-07-27,Wyoming,2,3620,71,88513,0.028169014084507043,0.0,0.012938490665537702
31894,2021-07-28,Wyoming,0,3620,147,88660,0.0,0.0,0.00825464991612318
31895,2021-07-29,Wyoming,2,3622,63,88723,0.031746031746031744,0.0,0.00925800110910775
31896,2021-07-30,Wyoming,6,3628,73,88796,0.0821917808219178,1.0,0.01512884259638759
31897,2021-07-31,Wyoming,0,3628,87,88883,0.0,0.0,0.012531439998984994
31898,2021-08-01,Wyoming,3,3631,37,88920,0.08108108108108109,1.0,0.018322945790490788
31899,2021-08-02,Wyoming,0,3631,70,88990,0.0,0.0,0.015941993409538405
31900,2021-08-03,Wyoming,1,3632,83,89073,0.012048192771084338,0.0,0.014790506172865354
31901,2021-08-04,Wyoming,0,3632,67,89140,0.0,0.0,0.014790506172865354
31902,2021-08-05,Wyoming,1,3633,85,89225,0.011764705882352941,0.0,0.013363268611174012
31903,2020-03-01,Yates,0,0,0,0,,,
31904,2020-03-02,Yates,0,0,0,0,,,
31905,2020-03-03,Yates,0,0,0,0,,,
31906,2020-03-04,Yates,0,0,0,0,,,
31907,2020-03-05,Yates,0,0,0,0,,,
31908,2020-03-06,Yates,0,0,0,0,,,
31909,2020-03-07,Yates,0,0,0,0,,0.0,
31910,2020-03-08,Yates,0,0,0,0,,0.0,
31911,2020-03-09,Yates,0,0,0,0,,0.0,
31912,2020-03-10,Yates,0,0,0,0,,0.0,
31913,2020-03-11,Yates,0,0,0,0,,0.0,
31914,2020-03-12,Yates,0,0,0,0,,0.0,
31915,2020-03-13,Yates,0,0,1,1,0.0,0.0,
31916,2020-03-14,Yates,0,0,2,3,0.0,0.0,
31917,2020-03-15,Yates,0,0,1,4,0.0,0.0,
31918,2020-03-16,Yates,0,0,0,4,,0.0,
31919,2020-03-17,Yates,0,0,0,4,,0.0,
31920,2020-03-18,Yates,0,0,3,7,0.0,0.0,
31921,2020-03-19,Yates,0,0,1,8,0.0,0.0,
31922,2020-03-20,Yates,0,0,2,10,0.0,0.0,
31923,2020-03-21,Yates,0,0,3,13,0.0,0.0,
31924,2020-03-22,Yates,0,0,3,16,0.0,0.0,
31925,2020-03-23,Yates,0,0,3,19,0.0,0.0,
31926,2020-03-24,Yates,0,0,3,22,0.0,0.0,0.0
31927,2020-03-25,Yates,0,0,1,23,0.0,0.0,0.0
31928,2020-03-26,Yates,0,0,2,25,0.0,0.0,0.0
31929,2020-03-27,Yates,0,0,10,35,0.0,0.0,0.0
31930,2020-03-28,Yates,0,0,7,42,0.0,0.0,0.0
31931,2020-03-29,Yates,0,0,2,44,0.0,0.0,0.0
31932,2020-03-30,Yates,0,0,3,47,0.0,0.0,0.0
31933,2020-03-31,Yates,0,0,7,54,0.0,0.0,0.0
31934,2020-04-01,Yates,1,1,8,62,0.125,0.0,0.008928571428571428
31935,2020-04-02,Yates,0,1,7,69,0.0,0.0,0.008928571428571428
31936,2020-04-03,Yates,0,1,3,72,0.0,0.0,0.008928571428571428
31937,2020-04-04,Yates,0,1,6,78,0.0,0.0,0.008928571428571428
31938,2020-04-05,Yates,0,1,2,80,0.0,0.0,0.008928571428571428
31939,2020-04-06,Yates,0,1,3,83,0.0,0.0,0.008928571428571428
31940,2020-04-07,Yates,0,1,5,88,0.0,0.0,0.008928571428571428
31941,2020-04-08,Yates,0,1,7,95,0.0,0.0,0.0
31942,2020-04-09,Yates,1,2,3,98,0.3333333333333333,0.0,0.023809523809523808
31943,2020-04-10,Yates,0,2,5,103,0.0,0.0,0.023809523809523808
31944,2020-04-11,Yates,1,3,6,109,0.16666666666666666,0.0,0.03571428571428571
31945,2020-04-12,Yates,1,4,4,113,0.25,0.0,0.05357142857142857
31946,2020-04-13,Yates,2,6,5,118,0.4,0.0,0.08214285714285714
31947,2020-04-14,Yates,0,6,5,123,0.0,0.0,0.08214285714285714
31948,2020-04-15,Yates,1,7,2,125,0.5,0.0,0.11785714285714285
31949,2020-04-16,Yates,1,8,10,135,0.1,0.0,0.10119047619047619
31950,2020-04-17,Yates,1,9,28,163,0.03571428571428571,0.0,0.10374149659863945
31951,2020-04-18,Yates,0,9,2,165,0.0,0.0,0.09183673469387754
31952,2020-04-19,Yates,1,10,13,178,0.07692307692307693,0.0,0.0794740973312402
31953,2020-04-20,Yates,0,10,1,179,0.0,0.0,0.05090266875981162
31954,2020-04-21,Yates,1,11,1,180,1.0,0.0,0.12233124018838305
31955,2020-04-22,Yates,0,11,8,188,0.0,0.0,0.08661695447409734
31956,2020-04-23,Yates,0,11,5,193,0.0,0.0,0.0794740973312402
31957,2020-04-24,Yates,5,16,41,234,0.12195121951219512,0.0,0.08563387831680515
31958,2020-04-25,Yates,1,17,4,238,0.25,0.0,0.10349102117394801
31959,2020-04-26,Yates,0,17,3,241,0.0,0.0,0.09799651567944252
31960,2020-04-27,Yates,0,17,3,244,0.0,0.0,0.09799651567944252
31961,2020-04-28,Yates,0,17,8,252,0.0,0.0,0.02656794425087108
31962,2020-04-29,Yates,1,18,10,262,0.1,0.0,0.03371080139372822
31963,2020-04-30,Yates,0,18,12,274,0.0,0.0,0.03371080139372822
31964,2020-05-01,Yates,0,18,13,287,0.0,0.0,0.024999999999999998
31965,2020-05-02,Yates,1,19,23,310,0.043478260869565216,0.0,0.010248447204968944
31966,2020-05-03,Yates,0,19,9,319,0.0,0.0,0.010248447204968944
31967,2020-05-04,Yates,0,19,7,326,0.0,0.0,0.010248447204968944
31968,2020-05-05,Yates,0,19,13,339,0.0,0.0,0.010248447204968944
31969,2020-05-06,Yates,0,19,13,352,0.0,0.0,0.003105590062111801
31970,2020-05-07,Yates,1,20,12,364,0.08333333333333333,0.0,0.009057971014492754
31971,2020-05-08,Yates,0,20,24,388,0.0,0.0,0.009057971014492754
31972,2020-05-09,Yates,1,21,27,415,0.037037037037037035,0.0,0.008597883597883597
31973,2020-05-10,Yates,0,21,15,430,0.0,0.0,0.008597883597883597
31974,2020-05-11,Yates,0,21,15,445,0.0,0.0,0.008597883597883597
31975,2020-05-12,Yates,1,22,23,468,0.043478260869565216,0.0,0.0117034736599954
31976,2020-05-13,Yates,0,22,51,519,0.0,0.0,0.0117034736599954
31977,2020-05-14,Yates,0,22,16,535,0.0,0.0,0.005751092707614446
31978,2020-05-15,Yates,0,22,15,550,0.0,0.0,0.005751092707614446
31979,2020-05-16,Yates,1,23,14,564,0.07142857142857142,0.0,0.008207630878438331
31980,2020-05-17,Yates,2,25,22,586,0.09090909090909091,0.0,0.014701137371944825
31981,2020-05-18,Yates,1,26,25,611,0.04,0.0,0.017558280229087682
31982,2020-05-19,Yates,8,34,67,678,0.11940298507462686,0.0,0.02298147481516351
31983,2020-05-20,Yates,0,34,62,740,0.0,0.0,0.02298147481516351
31984,2020-05-21,Yates,0,34,107,847,0.0,0.0,0.02298147481516351
31985,2020-05-22,Yates,3,37,22,869,0.13636363636363635,1.0,0.03272173455542325
31986,2020-05-23,Yates,0,37,58,927,0.0,1.0,0.027619693739096722
31987,2020-05-24,Yates,0,37,28,955,0.0,0.0,0.02112618724559023
31988,2020-05-25,Yates,0,37,67,1022,0.0,0.0,0.018269044388447373
31989,2020-05-26,Yates,2,39,28,1050,0.07142857142857142,0.0,0.01484230055658627
31990,2020-05-27,Yates,0,39,50,1100,0.0,0.0,0.01484230055658627
31991,2020-05-28,Yates,0,39,130,1230,0.0,0.0,0.01484230055658627
31992,2020-05-29,Yates,0,39,31,1261,0.0,0.0,0.00510204081632653
31993,2020-05-30,Yates,0,39,87,1348,0.0,0.0,0.00510204081632653
31994,2020-05-31,Yates,0,39,77,1425,0.0,0.0,0.00510204081632653
31995,2020-06-01,Yates,0,39,48,1473,0.0,0.0,0.00510204081632653
31996,2020-06-02,Yates,0,39,108,1581,0.0,0.0,0.0
31997,2020-06-03,Yates,0,39,78,1659,0.0,0.0,0.0
31998,2020-06-04,Yates,0,39,113,1772,0.0,0.0,0.0
31999,2020-06-05,Yates,0,39,109,1881,0.0,0.0,0.0
32000,2020-06-06,Yates,0,39,73,1954,0.0,0.0,0.0
32001,2020-06-07,Yates,0,39,110,2064,0.0,0.0,0.0
32002,2020-06-08,Yates,0,39,30,2094,0.0,0.0,0.0
32003,2020-06-09,Yates,0,39,64,2158,0.0,0.0,0.0
32004,2020-06-10,Yates,0,39,99,2257,0.0,0.0,0.0
32005,2020-06-11,Yates,0,39,103,2360,0.0,0.0,0.0
32006,2020-06-12,Yates,0,39,52,2412,0.0,0.0,0.0
32007,2020-06-13,Yates,1,40,64,2476,0.015625,0.0,0.0011160714285714285
32008,2020-06-14,Yates,0,40,89,2565,0.0,0.0,0.0011160714285714285
32009,2020-06-15,Yates,0,40,98,2663,0.0,0.0,0.0011160714285714285
32010,2020-06-16,Yates,0,40,58,2721,0.0,0.0,0.0011160714285714285
32011,2020-06-17,Yates,0,40,53,2774,0.0,0.0,0.0011160714285714285
32012,2020-06-18,Yates,0,40,74,2848,0.0,0.0,0.0011160714285714285
32013,2020-06-19,Yates,1,41,49,2897,0.02040816326530612,0.0,0.002573797376093294
32014,2020-06-20,Yates,0,41,70,2967,0.0,0.0,0.0014577259475218659
32015,2020-06-21,Yates,1,42,72,3039,0.013888888888888888,0.0,0.002449789439585358
32016,2020-06-22,Yates,1,43,43,3082,0.023255813953488372,0.0,0.00411091900769167
32017,2020-06-23,Yates,1,44,44,3126,0.022727272727272728,0.0,0.0057342956310682935
32018,2020-06-24,Yates,0,44,41,3167,0.0,0.0,0.0057342956310682935
32019,2020-06-25,Yates,1,45,61,3228,0.01639344262295082,0.0,0.006905255818421922
32020,2020-06-26,Yates,0,45,56,3284,0.0,0.0,0.005447529870900057
32021,2020-06-27,Yates,0,45,63,3347,0.0,0.0,0.005447529870900057
32022,2020-06-28,Yates,1,46,133,3480,0.007518796992481203,0.0,0.004992523306870937
32023,2020-06-29,Yates,0,46,55,3535,0.0,0.0,0.0033313937387646248
32024,2020-06-30,Yates,0,46,53,3588,0.0,0.0,0.0017080171153880017
32025,2020-07-01,Yates,0,46,28,3616,0.0,0.0,0.0017080171153880017
32026,2020-07-02,Yates,0,46,67,3683,0.0,0.0,0.0005370569280343716
32027,2020-07-03,Yates,2,48,84,3767,0.023809523809523808,0.0,0.002237737200143215
32028,2020-07-04,Yates,0,48,45,3812,0.0,0.0,0.002237737200143215
32029,2020-07-05,Yates,0,48,33,3845,0.0,0.0,0.0017006802721088435
32030,2020-07-06,Yates,0,48,59,3904,0.0,0.0,0.0017006802721088435
32031,2020-07-07,Yates,0,48,73,3977,0.0,0.0,0.0017006802721088435
32032,2020-07-08,Yates,0,48,87,4064,0.0,0.0,0.0017006802721088435
32033,2020-07-09,Yates,0,48,65,4129,0.0,0.0,0.0017006802721088435
32034,2020-07-10,Yates,0,48,59,4188,0.0,0.0,0.0
32035,2020-07-11,Yates,0,48,44,4232,0.0,0.0,0.0
32036,2020-07-12,Yates,0,48,46,4278,0.0,0.0,0.0
32037,2020-07-13,Yates,1,49,54,4332,0.018518518518518517,0.0,0.0013227513227513227
32038,2020-07-14,Yates,1,50,55,4387,0.01818181818181818,0.0,0.0026214526214526214
32039,2020-07-15,Yates,0,50,84,4471,0.0,0.0,0.0026214526214526214
32040,2020-07-16,Yates,1,51,89,4560,0.011235955056179775,0.0,0.003424020839751177
32041,2020-07-17,Yates,0,51,104,4664,0.0,0.0,0.003424020839751177
32042,2020-07-18,Yates,0,51,33,4697,0.0,0.0,0.003424020839751177
32043,2020-07-19,Yates,0,51,46,4743,0.0,0.0,0.003424020839751177
32044,2020-07-20,Yates,0,51,109,4852,0.0,0.0,0.002101269516999854
32045,2020-07-21,Yates,0,51,53,4905,0.0,0.0,0.0008025682182985554
32046,2020-07-22,Yates,0,51,115,5020,0.0,0.0,0.0008025682182985554
32047,2020-07-23,Yates,0,51,41,5061,0.0,0.0,0.0
32048,2020-07-24,Yates,0,51,79,5140,0.0,0.0,0.0
32049,2020-07-25,Yates,0,51,120,5260,0.0,0.0,0.0
32050,2020-07-26,Yates,1,52,67,5327,0.014925373134328358,0.0,0.0010660980810234541
32051,2020-07-27,Yates,0,52,55,5382,0.0,0.0,0.0010660980810234541
32052,2020-07-28,Yates,0,52,47,5429,0.0,0.0,0.0010660980810234541
32053,2020-07-29,Yates,0,52,39,5468,0.0,0.0,0.0010660980810234541
32054,2020-07-30,Yates,1,53,90,5558,0.011111111111111112,0.0,0.0018597488746742478
32055,2020-07-31,Yates,2,55,58,5616,0.034482758620689655,0.0,0.004322803061866366
32056,2020-08-01,Yates,0,55,86,5702,0.0,0.0,0.004322803061866366
32057,2020-08-02,Yates,0,55,51,5753,0.0,0.0,0.003256704980842912
32058,2020-08-03,Yates,1,56,65,5818,0.015384615384615385,0.0,0.004355606079744011
32059,2020-08-04,Yates,0,56,49,5867,0.0,0.0,0.004355606079744011
32060,2020-08-05,Yates,0,56,75,5942,0.0,0.0,0.004355606079744011
32061,2020-08-06,Yates,0,56,50,5992,0.0,0.0,0.003561955286093217
32062,2020-08-07,Yates,0,56,122,6114,0.0,0.0,0.001098901098901099
32063,2020-08-08,Yates,1,57,64,6178,0.015625,0.0,0.0022149725274725274
32064,2020-08-09,Yates,0,57,37,6215,0.0,0.0,0.0022149725274725274
32065,2020-08-10,Yates,0,57,49,6264,0.0,0.0,0.0011160714285714285
32066,2020-08-11,Yates,0,57,133,6397,0.0,0.0,0.0011160714285714285
32067,2020-08-12,Yates,1,58,94,6491,0.010638297872340425,0.0,0.0018759498480243162
32068,2020-08-13,Yates,0,58,58,6549,0.0,0.0,0.0018759498480243162
32069,2020-08-14,Yates,1,59,55,6604,0.01818181818181818,0.0,0.003174651146725615
32070,2020-08-15,Yates,0,59,82,6686,0.0,0.0,0.0020585797181541863
32071,2020-08-16,Yates,0,59,59,6745,0.0,0.0,0.0020585797181541863
32072,2020-08-17,Yates,0,59,70,6815,0.0,0.0,0.0020585797181541863
32073,2020-08-18,Yates,0,59,51,6866,0.0,0.0,0.0020585797181541863
32074,2020-08-19,Yates,0,59,64,6930,0.0,0.0,0.0012987012987012987
32075,2020-08-20,Yates,0,59,96,7026,0.0,0.0,0.0012987012987012987
32076,2020-08-21,Yates,0,59,61,7087,0.0,0.0,0.0
32077,2020-08-22,Yates,1,60,90,7177,0.011111111111111112,0.0,0.0007936507936507937
32078,2020-08-23,Yates,0,60,27,7204,0.0,0.0,0.0007936507936507937
32079,2020-08-24,Yates,0,60,35,7239,0.0,0.0,0.0007936507936507937
32080,2020-08-25,Yates,0,60,78,7317,0.0,0.0,0.0007936507936507937
32081,2020-08-26,Yates,0,60,47,7364,0.0,0.0,0.0007936507936507937
32082,2020-08-27,Yates,0,60,94,7458,0.0,0.0,0.0007936507936507937
32083,2020-08-28,Yates,1,61,65,7523,0.015384615384615385,0.0,0.0018925518925518928
32084,2020-08-29,Yates,0,61,100,7623,0.0,0.0,0.001098901098901099
32085,2020-08-30,Yates,1,62,80,7703,0.0125,0.0,0.001991758241758242
32086,2020-08-31,Yates,0,62,32,7735,0.0,0.0,0.001991758241758242
32087,2020-09-01,Yates,0,62,47,7782,0.0,0.0,0.001991758241758242
32088,2020-09-02,Yates,0,62,69,7851,0.0,0.0,0.001991758241758242
32089,2020-09-03,Yates,0,62,86,7937,0.0,0.0,0.001991758241758242
32090,2020-09-04,Yates,0,62,56,7993,0.0,0.0,0.0008928571428571429
32091,2020-09-05,Yates,0,62,87,8080,0.0,0.0,0.0008928571428571429
32092,2020-09-06,Yates,0,62,60,8140,0.0,0.0,0.0
32093,2020-09-07,Yates,0,62,37,8177,0.0,0.0,0.0
32094,2020-09-08,Yates,0,62,34,8211,0.0,0.0,0.0
32095,2020-09-09,Yates,0,62,35,8246,0.0,0.0,0.0
32096,2020-09-10,Yates,0,62,85,8331,0.0,0.0,0.0
32097,2020-09-11,Yates,0,62,97,8428,0.0,0.0,0.0
32098,2020-09-12,Yates,0,62,74,8502,0.0,0.0,0.0
32099,2020-09-13,Yates,0,62,113,8615,0.0,0.0,0.0
32100,2020-09-14,Yates,0,62,40,8655,0.0,0.0,0.0
32101,2020-09-15,Yates,0,62,50,8705,0.0,0.0,0.0
32102,2020-09-16,Yates,0,62,94,8799,0.0,0.0,0.0
32103,2020-09-17,Yates,0,62,91,8890,0.0,0.0,0.0
32104,2020-09-18,Yates,0,62,71,8961,0.0,0.0,0.0
32105,2020-09-19,Yates,0,62,179,9140,0.0,0.0,0.0
32106,2020-09-20,Yates,0,62,71,9211,0.0,0.0,0.0
32107,2020-09-21,Yates,0,62,43,9254,0.0,0.0,0.0
32108,2020-09-22,Yates,0,62,72,9326,0.0,0.0,0.0
32109,2020-09-23,Yates,0,62,63,9389,0.0,0.0,0.0
32110,2020-09-24,Yates,0,62,92,9481,0.0,0.0,0.0
32111,2020-09-25,Yates,0,62,77,9558,0.0,0.0,0.0
32112,2020-09-26,Yates,2,64,124,9682,0.016129032258064516,0.0,0.001152073732718894
32113,2020-09-27,Yates,0,64,103,9785,0.0,0.0,0.001152073732718894
32114,2020-09-28,Yates,0,64,45,9830,0.0,0.0,0.001152073732718894
32115,2020-09-29,Yates,0,64,63,9893,0.0,0.0,0.001152073732718894
32116,2020-09-30,Yates,0,64,87,9980,0.0,0.0,0.001152073732718894
32117,2020-10-01,Yates,1,65,86,10066,0.011627906976744186,0.0,0.00198263851677205
32118,2020-10-02,Yates,0,65,101,10167,0.0,0.0,0.00198263851677205
32119,2020-10-03,Yates,1,66,132,10299,0.007575757575757576,0.0,0.0013716903251786972
32120,2020-10-04,Yates,0,66,66,10365,0.0,0.0,0.0013716903251786972
32121,2020-10-05,Yates,1,67,78,10443,0.01282051282051282,0.0,0.002287441240929613
32122,2020-10-06,Yates,0,67,66,10509,0.0,0.0,0.002287441240929613
32123,2020-10-07,Yates,0,67,101,10610,0.0,0.0,0.002287441240929613
32124,2020-10-08,Yates,3,70,112,10722,0.026785714285714284,0.0,0.003370141762998906
32125,2020-10-09,Yates,1,71,111,10833,0.009009009009009009,0.0,0.00401364240649955
32126,2020-10-10,Yates,0,71,117,10950,0.0,0.0,0.0034725168653740083
32127,2020-10-11,Yates,1,72,93,11043,0.010752688172043012,0.0,0.004240566020519937
32128,2020-10-12,Yates,5,77,52,11095,0.09615384615384616,0.0,0.010192946972900891
32129,2020-10-13,Yates,0,77,60,11155,0.0,0.0,0.010192946972900891
32130,2020-10-14,Yates,1,78,107,11262,0.009345794392523364,0.0,0.010860503715223986
32131,2020-10-15,Yates,3,81,205,11467,0.014634146341463415,0.0,0.009992534576348924
32132,2020-10-16,Yates,3,84,106,11573,0.02830188679245283,0.0,0.01137059727516634
32133,2020-10-17,Yates,4,88,111,11684,0.036036036036036036,1.0,0.013944599849168916
32134,2020-10-18,Yates,6,94,99,11783,0.06060606060606061,1.0,0.017505555023027315
32135,2020-10-19,Yates,4,98,52,11835,0.07692307692307693,1.0,0.016131928649400943
32136,2020-10-20,Yates,1,99,133,11968,0.007518796992481203,1.0,0.016668985577435312
32137,2020-10-21,Yates,3,102,110,12078,0.02727272727272727,1.0,0.017949480783164162
32138,2020-10-22,Yates,5,107,107,12185,0.04672897196261682,1.0,0.020241968327532268
32139,2020-10-23,Yates,4,111,119,12304,0.03361344537815126,1.0,0.02062136536936787
32140,2020-10-24,Yates,1,112,109,12413,0.009174311926605505,1.0,0.01870267079012283
32141,2020-10-25,Yates,3,115,69,12482,0.043478260869565216,1.0,0.0174792565232303
32142,2020-10-26,Yates,6,121,109,12591,0.05504587155963303,1.0,0.015916598997270024
32143,2020-10-27,Yates,2,123,47,12638,0.0425531914893617,1.0,0.0184190557470472
32144,2020-10-28,Yates,3,126,209,12847,0.014354066985645933,1.0,0.01749629429796996
32145,2020-10-29,Yates,2,128,133,12980,0.015037593984962405,1.0,0.015232624442423218
32146,2020-10-30,Yates,4,132,89,13069,0.0449438202247191,1.0,0.016041936931463777
32147,2020-10-31,Yates,2,134,92,13161,0.021739130434782608,1.0,0.016939423967762143
32148,2020-11-01,Yates,3,137,124,13285,0.024193548387096774,1.0,0.015561944504728682
32149,2020-11-02,Yates,8,145,78,13363,0.10256410256410256,1.0,0.01895610386219079
32150,2020-11-03,Yates,2,147,51,13414,0.0392156862745098,1.0,0.018717710632558514
32151,2020-11-04,Yates,6,153,99,13513,0.06060606060606061,1.0,0.022021424462588136
32152,2020-11-05,Yates,3,156,82,13595,0.036585365853658534,2.0,0.023560551024637857
32153,2020-11-06,Yates,5,161,117,13712,0.042735042735042736,2.0,0.023402781203946683
32154,2020-11-07,Yates,2,163,145,13857,0.013793103448275862,2.0,0.022835207847767634
32155,2020-11-08,Yates,8,171,88,13945,0.09090909090909091,2.0,0.02760060374219579
32156,2020-11-09,Yates,5,176,80,14025,0.0625,2.0,0.024738882130474173
32157,2020-11-10,Yates,2,178,51,14076,0.0392156862745098,2.0,0.024738882130474173
32158,2020-11-11,Yates,4,182,72,14148,0.05555555555555555,2.0,0.024378131769723813
32159,2020-11-12,Yates,8,190,138,14286,0.057971014492753624,2.0,0.025905678101087747
32160,2020-11-13,Yates,11,201,101,14387,0.10891089108910891,2.0,0.030632524412092483
32161,2020-11-14,Yates,5,206,85,14472,0.058823529411764705,3.0,0.03384898340948454
32162,2020-11-15,Yates,3,209,90,14562,0.03333333333333333,2.0,0.029736429296930416
32163,2020-11-16,Yates,8,217,149,14711,0.053691275167785234,2.0,0.029107234666057937
32164,2020-11-17,Yates,1,218,87,14798,0.011494252873563218,2.0,0.02712713228027604
32165,2020-11-18,Yates,2,220,100,14898,0.02,2.0,0.024587449740593497
32166,2020-11-19,Yates,0,220,89,14987,0.0,2.0,0.020446662991111097
32167,2020-11-20,Yates,4,224,196,15183,0.02040816326530612,1.0,0.014125039575125188
32168,2020-11-21,Yates,4,228,138,15321,0.028985507246376812,1.0,0.01199375227759748
32169,2020-11-22,Yates,11,239,293,15614,0.03754266211604096,2.0,0.012294418619219453
32170,2020-11-23,Yates,3,242,110,15724,0.02727272727272727,1.0,0.01040737948385817
32171,2020-11-24,Yates,0,242,93,15817,0.0,1.0,0.009586361421460797
32172,2020-11-25,Yates,5,247,96,15913,0.052083333333333336,1.0,0.011878028088127464
32173,2020-11-26,Yates,5,252,74,15987,0.06756756756756757,2.0,0.01670428291438229
32174,2020-11-27,Yates,1,253,146,16133,0.00684931506849315,2.0,0.01573579375746708
32175,2020-11-28,Yates,9,262,158,16291,0.056962025316455694,2.0,0.01773411647675843
32176,2020-11-29,Yates,3,265,214,16505,0.014018691588785047,1.0,0.016053832867668722
32177,2020-11-30,Yates,4,269,61,16566,0.06557377049180328,1.0,0.018789621669031288
32178,2020-12-01,Yates,3,272,68,16634,0.04411764705882353,2.0,0.02194088217323297
32179,2020-12-02,Yates,5,277,87,16721,0.05747126436781609,2.0,0.022325734389981738
32180,2020-12-03,Yates,11,288,163,16884,0.06748466257668712,2.0,0.022319812604918856
32181,2020-12-04,Yates,9,297,166,17050,0.05421686746987952,3.0,0.02570320920501788
32182,2020-12-05,Yates,10,307,160,17210,0.0625,3.0,0.026098778825271042
32183,2020-12-06,Yates,6,313,80,17290,0.075,3.0,0.030454586568929253
32184,2020-12-07,Yates,6,319,153,17443,0.0392156862745098,3.0,0.028571866267694004
32185,2020-12-08,Yates,19,338,150,17593,0.12666666666666668,4.0,0.03446822481111137
32186,2020-12-09,Yates,7,345,106,17699,0.0660377358490566,4.0,0.03508011563119998
32187,2020-12-10,Yates,7,352,145,17844,0.04827586206896552,4.0,0.03370805845207701
32188,2020-12-11,Yates,4,356,116,17960,0.034482758620689655,4.0,0.032298479248563446
32189,2020-12-12,Yates,6,362,177,18137,0.03389830508474576,3.0,0.030255501040331
32190,2020-12-13,Yates,10,372,231,18368,0.04329004329004329,4.0,0.027990504132476945
32191,2020-12-14,Yates,3,375,81,18449,0.037037037037037035,4.0,0.027834886329800326
32192,2020-12-15,Yates,3,378,63,18512,0.047619047619047616,2.0,0.022188627826398962
32193,2020-12-16,Yates,8,386,104,18616,0.07692307692307693,2.0,0.022966152188828987
32194,2020-12-17,Yates,9,395,169,18785,0.05325443786982249,3.0,0.023321764746033057
32195,2020-12-18,Yates,3,398,112,18897,0.026785714285714284,3.0,0.022771975864963385
32196,2020-12-19,Yates,4,402,197,19094,0.02030456852791878,2.0,0.021800994682332882
32197,2020-12-20,Yates,2,404,224,19318,0.008928571428571428,2.0,0.019346603835084897
32198,2020-12-21,Yates,6,410,62,19380,0.0967741935483871,2.0,0.023613543585895614
32199,2020-12-22,Yates,7,417,50,19430,0.14,2.0,0.030212183041677932
32200,2020-12-23,Yates,2,419,94,19524,0.02127659574468085,2.0,0.02623743438607821
32201,2020-12-24,Yates,12,431,222,19746,0.05405405405405406,2.0,0.02629454982780904
32202,2020-12-25,Yates,16,447,146,19892,0.1095890410958904,3.0,0.03220907317139305
32203,2020-12-26,Yates,3,450,162,20054,0.018518518518518517,3.0,0.032081498170721603
32204,2020-12-27,Yates,12,462,227,20281,0.05286343612334802,4.0,0.035219702791777066
32205,2020-12-28,Yates,11,473,80,20361,0.1375,4.0,0.03812868896689227
32206,2020-12-29,Yates,15,488,145,20506,0.10344827586206896,5.0,0.035517851528468626
32207,2020-12-30,Yates,13,501,130,20636,0.1,5.0,0.04114095183242
32208,2020-12-31,Yates,21,522,151,20787,0.1390728476821192,6.0,0.047213722805853224
32209,2021-01-01,Yates,17,539,234,21021,0.07264957264957266,6.0,0.04457518934540195
32210,2021-01-02,Yates,18,557,238,21259,0.07563025210084033,7.0,0.048654598886996366
32211,2021-01-03,Yates,15,572,175,21434,0.08571428571428572,7.0,0.05100108814349191
32212,2021-01-04,Yates,11,583,72,21506,0.1527777777777778,7.0,0.05209235798476176
32213,2021-01-05,Yates,25,608,239,21745,0.10460251046025104,8.0,0.05217480331320334
32214,2021-01-06,Yates,15,623,154,21899,0.09740259740259741,8.0,0.05198927455624601
32215,2021-01-07,Yates,26,649,201,22100,0.12935323383084577,9.0,0.051295016424012185
32216,2021-01-08,Yates,24,673,306,22406,0.0784313725490196,9.0,0.051708002131115545
32217,2021-01-09,Yates,19,692,254,22660,0.07480314960629922,9.0,0.051648923381505465
32218,2021-01-10,Yates,17,709,153,22813,0.1111111111111111,9.0,0.05346298233842156
32219,2021-01-11,Yates,13,722,97,22910,0.13402061855670103,9.0,0.0521231852512018
32220,2021-01-12,Yates,14,736,137,23047,0.10218978102189781,9.0,0.05195084743417656
32221,2021-01-13,Yates,9,745,112,23159,0.08035714285714286,8.0,0.05073331496664411
32222,2021-01-14,Yates,13,758,233,23392,0.055793991416309016,7.0,0.045479083365605764
32223,2021-01-15,Yates,25,783,288,23680,0.08680555555555555,7.0,0.04607723929464403
32224,2021-01-16,Yates,12,795,249,23929,0.04819277108433735,7.0,0.044176497971646765
32225,2021-01-17,Yates,18,813,157,24086,0.11464968152866242,7.0,0.04442925300147186
32226,2021-01-18,Yates,13,826,71,24157,0.18309859154929578,7.0,0.04793482250094292
32227,2021-01-19,Yates,9,835,82,24239,0.10975609756097561,7.0,0.04847527368230562
32228,2021-01-20,Yates,10,845,119,24358,0.08403361344537816,7.0,0.04873787872432243
32229,2021-01-21,Yates,18,863,220,24578,0.08181818181818182,7.0,0.05059674946731334
32230,2021-01-22,Yates,12,875,296,24874,0.04054054054054054,6.0,0.0472921055376694
32231,2021-01-23,Yates,10,885,204,25078,0.049019607843137254,6.0,0.04735116530615511
32232,2021-01-24,Yates,5,890,176,25254,0.028409090909090908,5.0,0.04119112311904286
32233,2021-01-25,Yates,9,899,87,25341,0.10344827586206896,5.0,0.035501814855669514
32234,2021-01-26,Yates,11,910,115,25456,0.09565217391304348,5.0,0.03449439173796008
32235,2021-01-27,Yates,11,921,154,25610,0.07142857142857142,5.0,0.03359403159390245
32236,2021-01-28,Yates,9,930,270,25880,0.03333333333333333,4.0,0.030130828130698988
32237,2021-01-29,Yates,6,936,248,26128,0.024193548387096774,4.0,0.028963185834024435
32238,2021-01-30,Yates,7,943,188,26316,0.03723404255319149,4.0,0.02812135974188545
32239,2021-01-31,Yates,8,951,179,26495,0.0446927374301676,4.0,0.029284477350533793
32240,2021-02-01,Yates,3,954,101,26596,0.0297029702970297,3.0,0.02401695552445956
32241,2021-02-02,Yates,7,961,76,26672,0.09210526315789473,3.0,0.02376360475623465
32242,2021-02-03,Yates,7,968,103,26775,0.06796116504854369,3.0,0.02351593287194695
32243,2021-02-04,Yates,11,979,162,26937,0.06790123456790123,3.0,0.025985068674416086
32244,2021-02-05,Yates,4,983,254,27191,0.015748031496062992,3.0,0.025381817467913674
32245,2021-02-06,Yates,6,989,249,27440,0.024096385542168676,3.0,0.024443413395697756
32246,2021-02-07,Yates,2,991,158,27598,0.012658227848101266,2.0,0.022155234139835882
32247,2021-02-08,Yates,0,991,61,27659,0.0,2.0,0.020033593404333756
32248,2021-02-09,Yates,1,992,63,27722,0.015873015873015872,2.0,0.014588432883985267
32249,2021-02-10,Yates,2,994,156,27878,0.01282051282051282,1.0,0.010649814867697347
32250,2021-02-11,Yates,1,995,215,28093,0.004651162790697674,1.0,0.006131952597897093
32251,2021-02-12,Yates,1,996,212,28305,0.0047169811320754715,0.0,0.005344020429040842
32252,2021-02-13,Yates,2,998,191,28496,0.010471204188481676,0.0,0.00437079318949177
32253,2021-02-14,Yates,0,998,171,28667,0.0,0.0,0.003466634057484537
32254,2021-02-15,Yates,3,1001,40,28707,0.075,0.0,0.008823776914627393
32255,2021-02-16,Yates,2,1003,112,28819,0.017857142857142856,0.0,0.008965500270636464
32256,2021-02-17,Yates,1,1004,162,28981,0.006172839506172839,0.0,0.008490666462469322
32257,2021-02-18,Yates,1,1005,169,29150,0.005917159763313609,0.0,0.008581094817656175
32258,2021-02-19,Yates,1,1006,153,29303,0.006535947712418301,0.0,0.008711021001966376
32259,2021-02-20,Yates,1,1007,221,29524,0.004524886877828055,0.0,0.008286284051205404
32260,2021-02-21,Yates,2,1009,91,29615,0.02197802197802198,0.0,0.00985614276392126
32261,2021-02-22,Yates,2,1011,79,29694,0.02531645569620253,0.0,0.006307318170792868
32262,2021-02-23,Yates,0,1011,176,29870,0.0,0.0,0.005031807966711236
32263,2021-02-24,Yates,0,1011,125,29995,0.0,0.0,0.004590890859127462
32264,2021-02-25,Yates,0,1011,232,30227,0.0,0.0,0.004168236590319347
32265,2021-02-26,Yates,3,1014,136,30363,0.022058823529411766,0.0,0.00527701343439031
32266,2021-02-27,Yates,0,1014,196,30559,0.0,0.0,0.0049538072288311625
32267,2021-02-28,Yates,0,1014,157,30716,0.0,0.0,0.003383948516115307
32268,2021-03-01,Yates,1,1015,90,30806,0.011111111111111112,0.0,0.002369281045751634
32269,2021-03-02,Yates,0,1015,106,30912,0.0,0.0,0.002369281045751634
32270,2021-03-03,Yates,2,1017,161,31073,0.012422360248447204,0.0,0.0032565924920692916
32271,2021-03-04,Yates,5,1022,268,31341,0.018656716417910446,0.0,0.004589215093348609
32272,2021-03-05,Yates,1,1023,197,31538,0.005076142131979695,0.0,0.003376166422103461
32273,2021-03-06,Yates,1,1024,183,31721,0.00546448087431694,0.0,0.0037664864845546714
32274,2021-03-07,Yates,1,1025,61,31782,0.01639344262295082,0.0,0.0049374466719083005
32275,2021-03-08,Yates,1,1026,32,31814,0.03125,0.0,0.006375938735400365
32276,2021-03-09,Yates,2,1028,199,32013,0.010050251256281407,0.0,0.007093813825134751
32277,2021-03-10,Yates,0,1028,173,32186,0.0,0.0,0.006206502378817094
32278,2021-03-11,Yates,4,1032,245,32431,0.0163265306122449,0.0,0.006040060535555269
32279,2021-03-12,Yates,1,1033,132,32563,0.007575757575757576,0.0,0.006218604495825119
32280,2021-03-13,Yates,3,1036,197,32760,0.015228426395939087,0.0,0.0069160291759409855
32281,2021-03-14,Yates,0,1036,46,32806,0.0,0.0,0.005745068988587355
32282,2021-03-15,Yates,1,1037,102,32908,0.00980392156862745,0.0,0.004213206243489316
32283,2021-03-16,Yates,2,1039,72,32980,0.027777777777777776,0.0,0.005479458137881913
32284,2021-03-17,Yates,1,1040,279,33259,0.0035842293906810036,0.0,0.0057354745229305564
32285,2021-03-18,Yates,0,1040,300,33559,0.0,0.0,0.004569293764913064
32286,2021-03-19,Yates,0,1040,130,33689,0.0,0.0,0.004028168223787523
32287,2021-03-20,Yates,0,1040,236,33925,0.0,0.0,0.002940423481220445
32288,2021-03-21,Yates,0,1040,80,34005,0.0,0.0,0.002940423481220445
32289,2021-03-22,Yates,0,1040,126,34131,0.0,0.0,0.002240143369175627
32290,2021-03-23,Yates,5,1045,147,34278,0.034013605442176874,0.0,0.0026855596309184196
32291,2021-03-24,Yates,3,1048,191,34469,0.015706806282722512,0.0,0.0035514579803499558
32292,2021-03-25,Yates,1,1049,300,34769,0.0033333333333333335,0.0,0.0037895532184451944
32293,2021-03-26,Yates,2,1051,178,34947,0.011235955056179775,0.0,0.00459212143674375
32294,2021-03-27,Yates,1,1052,232,35179,0.004310344827586207,0.0,0.004900003210142764
32295,2021-03-28,Yates,2,1054,68,35247,0.029411764705882353,1.0,0.007000843546277218
32296,2021-03-29,Yates,4,1058,53,35300,0.07547169811320754,1.0,0.012391679125792043
32297,2021-03-30,Yates,0,1058,185,35485,0.0,0.0,0.009962135879922266
32298,2021-03-31,Yates,2,1060,229,35714,0.008733624454148471,0.0,0.00946405146359555
32299,2021-04-01,Yates,2,1062,259,35973,0.007722007722007722,0.0,0.00977752820564372
32300,2021-04-02,Yates,0,1062,186,36159,0.0,0.0,0.008974959987345165
32301,2021-04-03,Yates,2,1064,165,36324,0.012121212121212121,0.0,0.009532879079747014
32302,2021-04-04,Yates,2,1066,75,36399,0.02666666666666667,0.0,0.009336800648374466
32303,2021-04-05,Yates,1,1067,271,36670,0.0036900369003690036,0.0,0.004209539133171713
32304,2021-04-06,Yates,2,1069,129,36799,0.015503875968992248,0.0,0.005316958845242589
32305,2021-04-07,Yates,10,1079,233,37032,0.04291845493562232,1.0,0.0077587324510621485
32306,2021-04-08,Yates,4,1083,296,37328,0.013513513513513514,1.0,0.008172411436169705
32307,2021-04-09,Yates,3,1086,310,37638,0.00967741935483871,1.0,0.008863655675801042
32308,2021-04-10,Yates,5,1091,246,37884,0.02032520325203252,1.0,0.009449655042288214
32309,2021-04-11,Yates,0,1091,102,37986,0.0,1.0,0.0075448931375263085
32310,2021-04-12,Yates,1,1092,46,38032,0.021739130434782608,1.0,0.008834114104270136
32311,2021-04-13,Yates,6,1098,165,38197,0.03636363636363636,2.0,0.01032409698960186
32312,2021-04-14,Yates,3,1101,210,38407,0.014285714285714285,1.0,0.008278901228894143
32313,2021-04-15,Yates,1,1102,218,38625,0.0045871559633027525,1.0,0.007641304261021946
32314,2021-04-16,Yates,6,1108,214,38839,0.028037383177570093,1.0,0.0089527302483599
32315,2021-04-17,Yates,2,1110,228,39067,0.008771929824561403,1.0,0.008127496432111964
32316,2021-04-18,Yates,0,1110,186,39253,0.0,1.0,0.008127496432111964
32317,2021-04-19,Yates,0,1110,99,39352,0.0,1.0,0.006574701401056064
32318,2021-04-20,Yates,2,1112,146,39498,0.0136986301369863,1.0,0.0049557723848667745
32319,2021-04-21,Yates,0,1112,193,39691,0.0,0.0,0.003935364221601468
32320,2021-04-22,Yates,1,1113,276,39967,0.0036231884057971015,0.0,0.00386650939606535
32321,2021-04-23,Yates,1,1114,191,40158,0.005235602094240838,0.0,0.0022378107472561175
32322,2021-04-24,Yates,11,1125,220,40378,0.05,1.0,0.005182672902644589
32323,2021-04-25,Yates,2,1127,116,40494,0.017241379310344827,1.0,0.006414199996240648
32324,2021-04-26,Yates,1,1128,194,40688,0.005154639175257732,1.0,0.006782388508759058
32325,2021-04-27,Yates,5,1133,105,40793,0.047619047619047616,1.0,0.009205275471763436
32326,2021-04-28,Yates,2,1135,179,40972,0.0111731843575419,1.0,0.010003360068730715
32327,2021-04-29,Yates,3,1138,280,41252,0.010714285714285714,1.0,0.010509867019337047
32328,2021-04-30,Yates,3,1141,276,41528,0.010869565217391304,1.0,0.010912292956704936
32329,2021-05-01,Yates,1,1142,162,41690,0.006172839506172839,1.0,0.007781781492860137
32330,2021-05-02,Yates,1,1143,138,41828,0.007246376811594203,1.0,0.0070678527429493794
32331,2021-05-03,Yates,1,1144,73,41901,0.0136986301369863,1.0,0.007678137811644277
32332,2021-05-04,Yates,6,1150,150,42051,0.04,1.0,0.007133920124569448
32333,2021-05-05,Yates,4,1154,207,42258,0.01932367149758454,1.0,0.007716097777429637
32334,2021-05-06,Yates,2,1156,243,42501,0.00823045267489712,1.0,0.007538681131759021
32335,2021-05-07,Yates,3,1159,351,42852,0.008547008547008548,1.0,0.007372784226731682
32336,2021-05-08,Yates,3,1162,156,43008,0.019230769230769232,1.0,0.008305493492774282
32337,2021-05-09,Yates,1,1163,204,43212,0.004901960784313725,1.0,0.00813803520511139
32338,2021-05-10,Yates,1,1164,87,43299,0.011494252873563218,1.0,0.007980579686295456
32339,2021-05-11,Yates,1,1165,99,43398,0.010101010101010102,1.0,0.005844937550653321
32340,2021-05-12,Yates,2,1167,171,43569,0.011695906432748537,0.0,0.00530009718887932
32341,2021-05-13,Yates,1,1168,230,43799,0.004347826086956522,0.0,0.005022766718312134
32342,2021-05-14,Yates,0,1168,137,43936,0.0,0.0,0.004412266107811523
32343,2021-05-15,Yates,0,1168,158,44094,0.0,0.0,0.00303863973418515
32344,2021-05-16,Yates,1,1169,100,44194,0.01,0.0,0.0034027853924484554
32345,2021-05-17,Yates,0,1169,24,44218,0.0,0.0,0.002581767330051083
32346,2021-05-18,Yates,3,1172,138,44356,0.021739130434782608,0.0,0.0034130616396062623
32347,2021-05-19,Yates,0,1172,109,44465,0.0,0.0,0.0025776397515527953
32348,2021-05-20,Yates,0,1172,178,44643,0.0,0.0,0.002267080745341615
32349,2021-05-21,Yates,0,1172,148,44791,0.0,0.0,0.002267080745341615
32350,2021-05-22,Yates,0,1172,122,44913,0.0,0.0,0.002267080745341615
32351,2021-05-23,Yates,0,1172,124,45037,0.0,0.0,0.0015527950310559005
32352,2021-05-24,Yates,2,1174,22,45059,0.09090909090909091,0.0,0.008046301524562394
32353,2021-05-25,Yates,0,1174,63,45122,0.0,0.0,0.006493506493506494
32354,2021-05-26,Yates,2,1176,94,45216,0.02127659574468085,0.0,0.00801326333241227
32355,2021-05-27,Yates,0,1176,153,45369,0.0,0.0,0.00801326333241227
32356,2021-05-28,Yates,0,1176,112,45481,0.0,0.0,0.00801326333241227
32357,2021-05-29,Yates,1,1177,118,45599,0.00847457627118644,0.0,0.008618590208925586
32358,2021-05-30,Yates,0,1177,120,45719,0.0,0.0,0.008618590208925586
32359,2021-05-31,Yates,0,1177,18,45737,0.0,0.0,0.0021250837154190923
32360,2021-06-01,Yates,1,1178,36,45773,0.027777777777777776,0.0,0.004109210699546076
32361,2021-06-02,Yates,0,1178,62,45835,0.0,0.0,0.002589453860640301
32362,2021-06-03,Yates,0,1178,166,46001,0.0,0.0,0.002589453860640301
32363,2021-06-04,Yates,0,1178,141,46142,0.0,0.0,0.002589453860640301
32364,2021-06-05,Yates,0,1178,59,46201,0.0,0.0,0.001984126984126984
32365,2021-06-06,Yates,0,1178,82,46283,0.0,0.0,0.001984126984126984
32366,2021-06-07,Yates,0,1178,22,46305,0.0,0.0,0.001984126984126984
32367,2021-06-08,Yates,0,1178,38,46343,0.0,0.0,0.0
32368,2021-06-09,Yates,0,1178,118,46461,0.0,0.0,0.0
32369,2021-06-10,Yates,0,1178,105,46566,0.0,0.0,0.0
32370,2021-06-11,Yates,0,1178,121,46687,0.0,0.0,0.0
32371,2021-06-12,Yates,0,1178,52,46739,0.0,0.0,0.0
32372,2021-06-13,Yates,0,1178,62,46801,0.0,0.0,0.0
32373,2021-06-14,Yates,0,1178,95,46896,0.0,0.0,0.0
32374,2021-06-15,Yates,1,1179,235,47131,0.00425531914893617,0.0,0.00030395136778115504
32375,2021-06-16,Yates,0,1179,124,47255,0.0,0.0,0.00030395136778115504
32376,2021-06-17,Yates,0,1179,90,47345,0.0,0.0,0.00030395136778115504
32377,2021-06-18,Yates,0,1179,181,47526,0.0,0.0,0.00030395136778115504
32378,2021-06-19,Yates,0,1179,52,47578,0.0,0.0,0.00030395136778115504
32379,2021-06-20,Yates,0,1179,33,47611,0.0,0.0,0.00030395136778115504
32380,2021-06-21,Yates,0,1179,22,47633,0.0,0.0,0.00030395136778115504
32381,2021-06-22,Yates,0,1179,39,47672,0.0,0.0,0.0
32382,2021-06-23,Yates,0,1179,134,47806,0.0,0.0,0.0
32383,2021-06-24,Yates,0,1179,91,47897,0.0,0.0,0.0
32384,2021-06-25,Yates,1,1180,63,47960,0.015873015873015872,0.0,0.0011337868480725624
32385,2021-06-26,Yates,0,1180,43,48003,0.0,0.0,0.0011337868480725624
32386,2021-06-27,Yates,0,1180,31,48034,0.0,0.0,0.0011337868480725624
32387,2021-06-28,Yates,0,1180,22,48056,0.0,0.0,0.0011337868480725624
32388,2021-06-29,Yates,0,1180,32,48088,0.0,0.0,0.0011337868480725624
32389,2021-06-30,Yates,0,1180,46,48134,0.0,0.0,0.0011337868480725624
32390,2021-07-01,Yates,0,1180,33,48167,0.0,0.0,0.0011337868480725624
32391,2021-07-02,Yates,0,1180,62,48229,0.0,0.0,0.0
32392,2021-07-03,Yates,0,1180,38,48267,0.0,0.0,0.0
32393,2021-07-04,Yates,0,1180,19,48286,0.0,0.0,0.0
32394,2021-07-05,Yates,0,1180,20,48306,0.0,0.0,0.0
32395,2021-07-06,Yates,0,1180,12,48318,0.0,0.0,0.0
32396,2021-07-07,Yates,0,1180,39,48357,0.0,0.0,0.0
32397,2021-07-08,Yates,0,1180,40,48397,0.0,0.0,0.0
32398,2021-07-09,Yates,0,1180,30,48427,0.0,0.0,0.0
32399,2021-07-10,Yates,0,1180,35,48462,0.0,0.0,0.0
32400,2021-07-11,Yates,0,1180,28,48490,0.0,0.0,0.0
32401,2021-07-12,Yates,0,1180,12,48502,0.0,0.0,0.0
32402,2021-07-13,Yates,0,1180,27,48529,0.0,0.0,0.0
32403,2021-07-14,Yates,0,1180,33,48562,0.0,0.0,0.0
32404,2021-07-15,Yates,0,1180,21,48583,0.0,0.0,0.0
32405,2021-07-16,Yates,0,1180,30,48613,0.0,0.0,0.0
32406,2021-07-17,Yates,0,1180,32,48645,0.0,0.0,0.0
32407,2021-07-18,Yates,0,1180,11,48656,0.0,0.0,0.0
32408,2021-07-19,Yates,1,1181,19,48675,0.05263157894736842,0.0,0.0037593984962406013
32409,2021-07-20,Yates,1,1182,34,48709,0.029411764705882353,0.0,0.005860238832375055
32410,2021-07-21,Yates,0,1182,43,48752,0.0,0.0,0.005860238832375055
32411,2021-07-22,Yates,0,1182,28,48780,0.0,0.0,0.005860238832375055
32412,2021-07-23,Yates,0,1182,19,48799,0.0,0.0,0.005860238832375055
32413,2021-07-24,Yates,0,1182,36,48835,0.0,0.0,0.005860238832375055
32414,2021-07-25,Yates,0,1182,14,48849,0.0,0.0,0.005860238832375055
32415,2021-07-26,Yates,0,1182,27,48876,0.0,0.0,0.0021008403361344537
32416,2021-07-27,Yates,0,1182,34,48910,0.0,0.0,0.0
32417,2021-07-28,Yates,0,1182,41,48951,0.0,0.0,0.0
32418,2021-07-29,Yates,0,1182,53,49004,0.0,0.0,0.0
32419,2021-07-30,Yates,0,1182,30,49034,0.0,0.0,0.0
32420,2021-07-31,Yates,0,1182,35,49069,0.0,0.0,0.0
32421,2021-08-01,Yates,0,1182,18,49087,0.0,0.0,0.0
32422,2021-08-02,Yates,1,1183,18,49105,0.05555555555555555,0.0,0.003968253968253968
32423,2021-08-03,Yates,0,1183,46,49151,0.0,0.0,0.003968253968253968
32424,2021-08-04,Yates,3,1186,33,49184,0.09090909090909091,0.0,0.010461760461760462
32425,2021-08-05,Yates,3,1189,24,49208,0.125,0.0,0.019390331890331892
